Epoch	AverageEpRet	StdEpRet	MaxEpRet	MinEpRet	EpLen	AverageVVals	StdVVals	MaxVVals	MinVVals	TotalEnvInteracts	PolicyLoss	ValueLoss	Entropy	AvgKL	StopIter
1	-40.136723	28.62798	-10.5528555	-97.13511	601.1667	-0.4501149	0.33637926	0.97666395	-3.1686282	5000	-0.12312388	45.492073	3.2582207	0.010016707	79.0
2	-4.6332207	30.936146	45.70029	-48.70371	252.45454	-6.048142	5.2327313	8.300771	-23.68061	10000	-0.13749258	106.13085	3.2652903	0.033266757	79.0
3	0.8104439	18.771708	19.151842	-30.497988	459.125	1.8608797	3.768083	13.065059	-13.909043	15000	-0.13731712	30.89521	3.2406328	0.04279513	79.0
4	25.085938	33.1379	81.9908	-25.203207	647.4286	1.0552945	2.1111355	8.636278	-8.8649845	20000	-0.13041967	52.07465	3.2415607	0.05031738	79.0
5	18.3809	28.662066	82.82375	-17.554192	276.22223	3.42759	2.0791407	13.557384	-8.43508	25000	-0.13389906	66.19984	3.1873965	0.05194324	79.0
6	19.805635	38.626476	93.103676	-32.916935	517.3333	4.320632	2.4991474	16.96597	-8.8912	30000	-0.13679563	53.57153	3.1597693	0.027067553	79.0
7	10.498233	32.910942	70.26192	-32.148384	399.25	2.8990238	3.3780518	20.230495	-10.185049	35000	-0.138852	116.50358	3.1298368	0.04439907	79.0
8	1.6204637	37.438293	62.08094	-80.178535	227.0	5.2924337	4.717231	21.334719	-14.255369	40000	-0.14830121	98.04955	3.1067536	0.039469276	79.0
9	29.429777	45.725666	121.79681	-23.326609	396.25	1.8232266	8.0832815	34.4611	-27.14467	45000	-0.14546801	91.4507	3.0879967	0.03973405	79.0
10	44.19829	53.24012	157.24738	-14.208302	499.875	6.9302125	3.8924387	26.331594	-10.909805	50000	-0.13789792	111.38795	3.0374858	0.063717395	79.0
11	69.95884	47.39156	120.19918	-32.06078	710.0	9.800523	3.4394221	24.329695	-6.3509264	55000	-0.14057253	42.636417	3.011656	0.054004394	79.0
12	63.075027	62.254967	171.0616	7.4976387	453.0	9.221326	3.2662425	22.186367	-7.1526885	60000	-0.13758273	55.367023	2.960817	0.029292414	79.0
13	59.236298	52.34517	124.20097	1.5869291	518.5	11.578609	3.272266	29.437733	-5.1576834	65000	-0.1397445	45.725307	2.9228704	0.0408134	79.0
14	74.726425	93.236206	260.5624	-8.175954	403.875	11.288038	2.792775	26.805239	-1.0378088	70000	-0.14380528	80.07776	2.9073906	0.05255915	79.0
15	69.21616	54.801933	170.3957	2.7128594	330.0	15.941589	5.148221	34.849995	-9.939989	75000	-0.14110938	99.1022	2.861829	0.029940775	79.0
16	109.362434	93.699875	285.08392	1.552419	560.7143	12.454615	5.406012	36.81576	-10.872472	80000	-0.14364752	71.50608	2.8266544	0.0409281	79.0
17	74.160904	48.019997	134.16457	-7.7612286	490.0	15.3371105	6.185783	35.99035	-17.984219	85000	-0.14501059	61.414726	2.7830787	0.025246587	79.0
18	70.10333	65.18797	205.80699	6.3695087	362.2857	16.230349	4.2500806	32.00939	-13.178102	90000	-0.14322019	63.430363	2.7477152	0.03499318	79.0
19	111.74363	85.00513	251.49318	0.7201845	497.6	16.739937	3.9382408	35.030163	-24.056942	95000	-0.14125396	45.97028	2.7154765	0.047292836	79.0
20	99.263466	75.292	199.53532	-2.5337498	527.8333	19.29857	3.11633	32.343334	1.2707869	100000	-0.14092913	55.217014	2.6684606	0.027960138	79.0
21	146.1784	104.81264	264.94498	7.5085864	682.6	18.272745	3.2996125	30.440882	-2.458964	105000	-0.13342744	64.624115	2.6378665	0.06904134	79.0
22	129.75525	94.89116	270.25665	2.5798728	548.5714	21.743279	5.5959024	48.110447	0.27515608	110000	-0.13821584	58.281094	2.5848117	0.023097059	79.0
23	158.77234	81.59533	243.79848	22.641727	780.4	20.392372	5.3210382	42.427677	-12.832684	115000	-0.14457563	84.66593	2.5344048	0.03741567	79.0
24	68.650314	55.00575	165.92336	1.6436522	218.5	20.57749	5.1683702	40.983376	-4.5095434	120000	-0.1478595	103.64329	2.4681585	0.03373303	79.0
25	140.28032	84.34497	274.7121	17.776348	588.3333	18.582588	5.287459	39.660187	-5.8409495	125000	-0.14778326	85.12543	2.4603794	0.061407678	79.0
26	145.2004	96.39932	271.0332	32.54732	598.6667	23.064077	5.117396	42.32313	-6.9085283	130000	-0.14429174	58.556244	2.4042742	0.04744119	79.0
27	93.79491	76.34986	261.95605	30.891085	351.875	22.250263	4.4408956	43.352585	-9.217746	135000	-0.14216289	103.539375	2.322014	0.065499686	79.0
28	263.59497	107.850204	432.67615	109.67734	904.4	22.424147	5.629443	47.130314	-2.288121	140000	-0.14959197	106.947014	2.3055017	0.05473451	79.0
29	242.6466	51.056347	323.803	194.48987	886.2	26.932238	7.582915	60.51536	-23.952171	145000	-0.13366401	83.331604	2.2323587	0.02607556	79.0
30	226.5524	39.707314	265.2098	160.4787	1000.0	22.602041	8.99012	57.674282	-28.763828	150000	-0.1432339	38.11625	2.2120323	0.04583286	79.0
31	212.11206	97.751656	266.47113	-5.3146324	831.6667	22.698618	3.7740004	39.7985	3.129393	155000	-0.14316717	38.64033	2.1288326	0.05081186	79.0
32	176.52065	100.95325	294.10886	58.39608	647.8333	24.161125	3.7893364	41.368336	6.1738086	160000	-0.13765815	94.58927	2.0650282	0.06901804	79.0
33	229.29118	138.0746	386.64243	61.56355	622.0	30.601877	8.211555	60.07649	0.7909205	165000	-0.14622697	96.675476	2.0171325	0.038855214	79.0
34	268.4497	132.10487	384.2741	13.053839	819.8	29.2469	6.8071995	55.615414	-2.6049907	170000	-0.14396831	55.991287	2.0002642	0.068944775	79.0
35	139.39308	103.167046	362.28107	17.393618	398.42856	32.804626	6.8791804	67.54023	11.15923	175000	-0.14053634	100.00721	1.9174465	0.03462804	79.0
36	292.3007	133.49425	459.95325	93.28862	760.8333	29.625175	5.1730013	52.155296	-4.5392194	180000	-0.14703178	106.58036	1.8838031	0.059243664	79.0
37	146.45573	123.012825	355.24454	15.650685	371.45456	34.023323	7.257475	64.27176	-8.440947	185000	-0.14238411	125.1107	1.7886873	0.026976554	79.0
38	182.44489	128.69258	434.30008	50.569958	499.33334	31.606762	5.5211735	51.097637	-14.692074	190000	-0.14617231	98.54758	1.7528079	0.05058195	79.0
39	288.24316	115.452736	378.26862	67.09685	746.1667	32.51403	8.360027	58.440796	-3.6419966	195000	-0.14117764	92.97169	1.7079393	0.031205017	79.0
40	218.70036	136.15727	364.7284	17.736553	636.1667	31.202688	10.7375965	68.27949	-3.8722975	200000	-0.14588678	106.10994	1.6306908	0.048926394	79.0
41	214.17754	149.51074	407.20837	25.429083	519.6667	33.734177	5.0395865	52.419033	-8.866304	205000	-0.14052038	83.068115	1.5852242	0.043702483	79.0
42	155.41158	138.18317	371.19702	10.783759	402.0	37.64124	4.4190006	64.51185	5.953713	210000	-0.13669454	110.72194	1.496264	0.017830372	79.0
43	238.68135	143.48802	379.47113	33.299614	651.4	33.27649	5.9127855	55.753986	-4.654909	215000	-0.1337203	71.117714	1.4677685	0.07552786	36.0
44	219.83127	123.08156	381.96802	26.581861	540.4286	37.05558	7.203979	68.92036	-2.9590335	220000	-0.13997573	90.7076	1.4113907	0.033236086	79.0
45	183.05882	141.84265	397.39297	32.079582	426.625	37.83211	7.095795	62.539677	6.9695687	225000	-0.13753833	110.7761	1.3165121	0.04571436	79.0
46	283.4442	140.90335	444.20456	42.957973	656.3333	38.344982	6.2031183	61.599854	12.25759	230000	-0.14073162	76.217865	1.3169092	0.038556762	79.0
47	426.2858	52.94051	513.0737	356.97488	1000.0	37.616756	5.2295265	61.180412	0.19975889	235000	-0.10586649	41.309418	1.3161883	0.07565583	16.0
48	215.51205	143.99298	421.8532	59.530373	535.8	46.181087	6.905808	68.234085	16.07332	240000	-0.13917851	92.07332	1.2100383	0.04195286	79.0
49	346.2894	88.34836	482.80945	247.63824	704.8	37.37679	7.209545	64.28966	-57.044037	245000	-0.14512427	118.28172	1.1546872	0.066491194	79.0
50	221.75816	159.40453	465.7305	15.612907	500.75	41.580456	10.356597	76.18198	3.9111094	250000	-0.13643317	110.99505	1.1450155	0.028544094	79.0
51	318.65054	181.08806	475.4229	13.834918	694.4	38.775204	6.696028	75.33829	-22.287788	255000	-0.115407616	63.7451	1.1288811	0.07500702	21.0
52	157.04907	99.62749	308.82065	58.21862	284.66666	47.50875	8.176604	72.43353	-8.425495	260000	-0.13906859	172.18124	0.9908256	0.030176474	79.0
53	407.77838	162.65947	590.82837	111.220955	821.8	41.082417	9.500696	66.23795	-7.5387197	265000	-0.14473876	140.24953	0.9902682	0.05268188	79.0
54	504.17764	72.80915	622.80725	423.00073	1000.0	45.337414	8.409371	83.249016	1.9572293	270000	-0.146569	64.80437	0.93891025	0.06411166	79.0
55	294.4672	156.1146	537.3682	133.67284	611.8	48.065117	8.170915	77.85294	8.528974	275000	-0.13886802	117.239	0.84708846	0.041104894	79.0
56	476.32135	47.031593	536.37024	412.82776	1000.0	45.193794	8.308578	72.554214	3.9587789	280000	-0.14738043	52.201126	0.8254656	0.061554503	79.0
57	353.239	142.8003	445.73917	68.62369	820.4	46.436325	8.80988	80.774445	5.8756833	285000	-0.14135203	71.14154	0.7444909	0.054879334	79.0
58	344.65945	226.96097	627.6626	94.80591	609.8333	48.557144	6.8709965	71.016235	26.062586	290000	-0.13374077	97.2346	0.7038128	0.03324498	79.0
59	362.43262	138.34027	522.02625	146.85901	797.5	44.454624	11.035797	77.09089	-41.99853	295000	-0.14386848	76.64308	0.6325293	0.05401904	79.0
60	448.96695	182.53828	586.476	90.354	780.2	44.0656	6.7165	75.15737	13.899834	300000	-0.13587934	98.36335	0.576296	0.05582126	79.0
61	206.71582	102.44923	348.89877	23.959309	335.5	56.648987	7.0494714	84.82936	6.0847297	305000	-0.13178135	161.88298	0.46288365	0.043615546	79.0
62	360.2605	204.91289	615.86145	22.33663	680.6667	42.6997	16.986387	81.63196	-61.78076	310000	-0.102784134	125.95052	0.45318598	0.07743574	15.0
63	583.8581	50.04848	644.98505	520.5195	992.8	53.4559	7.794676	75.94443	-17.20249	315000	-0.12059644	94.03315	0.41033193	0.075568244	22.0
64	406.50278	192.27454	608.1541	126.41801	675.5	54.88334	10.1733055	84.22519	2.5089672	320000	-0.13218306	106.11854	0.3548308	0.044927463	79.0
65	181.14917	196.10635	594.1639	21.225258	308.33334	53.547455	10.367894	89.44973	-2.4323838	325000	-0.13201156	150.04169	0.26151988	0.039352015	79.0
66	375.0183	240.60771	621.2895	79.43429	653.2	52.231716	9.063865	94.90742	7.028595	330000	-0.1357739	111.24435	0.24399252	0.038449157	79.0
67	392.83246	195.58963	651.0108	122.13568	648.1429	55.794662	8.0558	88.12058	-14.376954	335000	-0.14179462	173.59064	0.12783799	0.043934673	79.0
68	288.61978	235.73546	612.06213	45.43529	478.0	54.586258	6.5940466	77.37809	6.812025	340000	-0.14066492	167.60992	0.115714625	0.041644517	79.0
69	406.2651	160.20592	694.1655	217.77177	727.8333	52.10668	12.009615	84.09839	-22.201124	345000	-0.1363387	122.32789	0.040663145	0.01947493	79.0
70	391.673	199.47453	695.98486	180.40138	582.2857	57.26446	9.746429	88.30092	-3.7396889	350000	-0.09192964	160.85107	-0.009672133	0.08338215	13.0
71	508.7336	207.2691	696.35834	152.732	792.1667	57.22555	7.2673416	88.15932	21.280142	355000	-0.09656631	134.61952	-0.013953281	0.07536988	13.0
72	486.34018	194.56407	752.8112	249.74539	727.2	61.428074	9.364243	90.08249	17.953903	360000	-0.13448308	162.46504	-0.10496152	0.031621072	79.0
73	478.05038	221.7343	643.6478	43.2628	819.6	55.237793	10.95535	95.680756	-47.33335	365000	-0.13583645	77.87449	-0.12011818	0.048776433	79.0
74	385.85687	224.46184	699.501	35.40681	683.6	57.114067	13.365934	91.07996	-6.80584	370000	-0.13995169	100.88906	-0.2062541	0.029179785	79.0
75	617.4518	106.52196	770.46826	496.13925	1000.0	56.92863	13.460067	89.50432	3.4901707	375000	-0.14792335	64.535866	-0.24056181	0.05303022	79.0
76	342.19925	186.55118	573.53766	84.39135	503.33334	69.8387	11.522252	99.063	13.737925	380000	-0.12284409	209.78163	-0.33673093	0.018474061	79.0
77	593.12854	72.64794	718.3135	528.3137	1000.0	58.90769	7.455788	86.52288	11.748927	385000	-0.14361231	60.805305	-0.3319462	0.068615735	79.0
78	510.68814	97.863594	611.9086	331.6354	872.0	58.92484	8.847215	93.22024	17.881577	390000	-0.12566973	75.52407	-0.41658828	0.034640387	79.0
79	481.18484	214.38925	694.5889	20.717722	791.3333	55.130337	8.773035	83.74865	-16.799019	395000	-0.084136344	118.27205	-0.42789698	0.07513021	12.0
80	537.74005	215.7857	766.57654	128.7457	829.4	59.200024	8.392311	103.31126	26.701408	400000	-0.07567003	79.08748	-0.4451447	0.078213595	9.0
81	414.6247	295.56888	726.21484	51.070774	631.6	63.3087	9.0507965	96.85368	-13.659034	405000	-0.13606481	115.50033	-0.5207877	0.04324433	79.0
82	557.08496	208.82745	720.18787	126.69674	816.0	64.20121	13.522437	93.075714	10.788337	410000	-0.111538574	109.5525	-0.55061203	0.07608274	19.0
83	664.05414	63.910465	750.7532	570.5643	1000.0	67.13079	7.8426204	91.278336	13.832295	415000	-0.14748944	95.62729	-0.59496546	0.06466039	79.0
84	531.951	220.88705	809.39124	228.96657	664.8	67.759026	8.337832	94.09429	38.605488	420000	-0.124107994	174.76595	-0.675295	0.034027845	79.0
85	380.05927	261.68152	701.59186	103.771126	520.6	66.46815	11.81333	103.762985	25.889961	425000	-0.13826267	135.31003	-0.7380872	0.032804128	79.0
86	518.45575	238.23764	757.30273	15.546227	820.0	64.26058	7.5986233	90.523895	25.628368	430000	-0.13883835	84.72674	-0.7802311	0.039965548	79.0
87	648.5984	175.47803	765.177	300.8497	874.8	64.94531	9.607909	94.30618	4.3526206	435000	-0.13998687	94.71168	-0.84838885	0.064558096	79.0
88	729.9231	53.24795	779.43726	628.7267	992.2	72.93094	8.897122	98.06887	34.17668	440000	-0.08596595	86.68627	-0.85463303	0.07638953	12.0
89	761.1323	27.225447	785.37537	719.019	1000.0	72.159164	6.521305	93.61179	40.79436	445000	-0.088777125	79.643234	-0.89430153	0.07677022	10.0
90	513.5715	227.56732	730.6658	126.66482	740.2	70.22993	9.709781	100.78682	42.55903	450000	-0.1282887	151.06454	-0.95143044	0.03841929	79.0
91	679.9499	121.78981	816.83264	537.7582	1000.0	67.04084	8.131195	94.92019	28.726109	455000	-0.13968304	78.21124	-1.0097513	0.07516294	30.0
92	433.71133	277.50363	777.94995	93.73124	543.0	74.04002	9.518847	97.793015	21.152042	460000	-0.12094669	181.7995	-1.1186737	0.019824356	79.0
93	769.27014	63.76558	853.69366	688.30444	981.6	69.18607	10.341784	101.417816	-39.082012	465000	-0.13761301	98.25119	-1.1458942	0.060792137	79.0
94	668.4358	264.21744	849.9944	150.28793	837.8	74.52818	9.356639	98.76674	14.867516	470000	-0.13310684	114.75973	-1.1666816	0.053747863	79.0
95	652.7134	207.9409	843.17255	257.74792	865.8	74.0995	10.613217	99.49533	16.481936	475000	-0.12899628	117.475815	-1.2016733	0.05611526	79.0
96	565.0287	291.78928	775.5601	23.364681	722.0	76.1423	8.36822	105.33015	33.64844	480000	-0.124212064	98.22613	-1.2976614	0.04781246	79.0
97	402.89835	275.8389	772.5296	92.52147	553.6	74.14675	6.788559	96.334885	24.70583	485000	-0.122759975	140.40709	-1.3648708	0.025716983	79.0
98	904.16345	80.57672	1042.1631	815.2401	998.4	74.13323	10.615218	104.54848	27.881212	490000	-0.13952304	161.99246	-1.4329972	0.059084106	79.0
99	835.04236	37.382645	907.72534	805.1788	1000.0	84.65689	10.117199	112.82855	54.03123	495000	-0.0887642	90.643814	-1.4253061	0.07723475	10.0
100	477.54922	284.0771	774.0232	126.15994	662.4	74.787125	12.493465	102.57492	2.1891446	500000	-0.12565193	136.65132	-1.4812906	0.010004366	79.0
101	615.44275	303.77438	873.69403	149.42278	707.6	73.9267	6.171956	96.33937	37.875824	505000	-0.12707046	149.13672	-1.5746297	0.038723305	79.0
102	851.3861	47.596394	916.9706	788.0966	970.4	82.255295	8.18097	111.51117	15.765174	510000	-0.074731424	134.63547	-1.5969963	0.07511081	9.0
103	627.1184	372.7287	942.12317	34.60302	705.1667	85.0733	7.191971	106.641174	42.74426	515000	-0.122023165	172.20164	-1.649716	0.052708093	79.0
104	853.28186	92.13525	947.0133	680.7349	1000.0	85.002365	8.660792	109.82046	14.839771	520000	-0.08046918	130.16377	-1.6545609	0.07952525	10.0
105	779.2291	134.1627	951.591	638.9057	1000.0	78.01516	11.164763	110.76018	35.7941	525000	-0.09115545	58.772488	-1.6544461	0.07678056	11.0
106	676.8953	300.66385	918.39307	213.9097	757.3333	85.683624	13.314325	111.86203	41.23819	530000	-0.12563685	201.46162	-1.7547035	0.03965045	79.0
107	779.5752	268.5836	1057.1617	267.4856	856.0	85.55874	10.071573	111.711136	37.942814	535000	-0.08952231	136.73447	-1.7866707	0.075986646	12.0
108	763.2776	230.84956	932.9328	322.21875	871.2	89.248566	8.4451065	119.22354	40.076645	540000	-0.08150211	136.14494	-1.8019061	0.07873174	12.0
109	826.31964	174.42984	997.868	498.9949	916.4	83.8949	11.212792	107.84691	10.359486	545000	-0.13205001	156.32806	-1.8592024	0.06461157	79.0
110	896.848	47.76919	944.30835	815.3087	1000.0	87.996765	6.9900103	114.733025	57.93233	550000	-0.07237632	79.55598	-1.8536211	0.07674981	8.0
111	705.69855	173.18918	960.04456	455.6535	898.4	80.9427	13.801835	110.7572	45.291546	555000	-0.12383869	163.37308	-1.9081703	0.04014045	79.0
112	753.1942	46.248127	811.1917	682.9825	967.8	74.539154	16.624718	112.695335	14.34561	560000	-0.121760644	88.47977	-1.9721774	0.019855676	79.0
113	612.9694	388.66113	1023.02954	7.013309	666.8	78.83881	9.977606	107.088715	4.649234	565000	-0.11349314	174.84676	-2.0289116	0.0758858	30.0
114	694.221	298.31213	947.1332	133.41461	724.0	87.886024	12.787287	119.09839	15.704611	570000	-0.12072643	224.99635	-2.090673	0.03612878	79.0
115	794.3609	257.4732	969.08374	282.1926	853.4	93.22069	11.212907	126.26536	0.2299127	575000	-0.12960556	148.96898	-2.1628423	0.042395055	79.0
116	629.2108	232.6103	946.7541	320.53433	756.0	84.391266	13.60232	122.13906	28.568886	580000	-0.11488486	130.84996	-2.2308831	0.034461364	79.0
117	735.10144	209.57329	981.2865	384.8747	890.4	79.241905	14.463856	116.56296	40.512806	585000	-0.12706733	116.495224	-2.2727106	0.05953186	79.0
118	887.29297	249.33551	1066.9469	395.90158	877.8	88.17066	9.971059	118.742325	20.888432	590000	-0.06915583	198.12822	-2.293906	0.07611325	9.0
119	860.1506	78.402756	937.59503	711.8513	990.4	86.40613	15.363822	127.033356	-43.12212	595000	-0.02581557	91.7318	-2.2880561	0.07906603	4.0
120	643.6079	264.72266	925.7814	225.43953	749.6	87.94133	11.128977	117.23613	48.212547	600000	-0.03348073	171.1372	-2.2946866	0.080238864	5.0
121	930.6512	48.243473	989.6567	850.5396	1000.0	88.35509	6.8815827	108.48831	37.827225	605000	-0.06557981	71.341	-2.3044145	0.08355824	8.0
122	580.66986	376.18674	936.48157	90.560974	608.5714	93.691666	9.268243	121.714325	45.065987	610000	-0.061092407	283.33658	-2.3247786	0.076345034	10.0
123	970.4501	87.852776	1058.5696	802.2235	1000.0	84.22124	12.8331785	116.78684	18.014874	615000	-0.079774745	65.880486	-2.3286076	0.07616338	10.0
124	802.89716	220.04378	1080.209	467.4558	899.0	94.684875	12.364097	121.62704	44.37789	620000	-0.0606026	253.35905	-2.3499863	0.07579304	9.0
125	897.59326	131.8058	1043.118	666.66895	1000.0	86.25254	14.335462	126.19851	44.497967	625000	-0.14799355	80.41132	-2.3775465	0.06459253	79.0
126	838.0791	324.20694	1105.8784	216.43408	845.6	91.80484	11.264313	115.08055	48.647263	630000	-0.11695714	203.64888	-2.4468145	0.07517693	28.0
127	953.4694	138.50836	1122.5239	717.0283	1000.0	95.69731	12.986424	129.4012	44.707436	635000	-0.09761408	122.39987	-2.4637384	0.076474085	12.0
128	790.22205	221.44545	1199.9478	547.4661	870.0	91.361824	18.328922	125.22161	8.454061	640000	-0.12288755	243.37273	-2.5378273	0.0034568019	79.0
129	867.1447	410.45132	1132.0125	54.414177	812.0	93.84389	17.588299	152.8363	31.868895	645000	-0.13970958	186.69417	-2.604388	0.052480005	79.0
130	807.9312	274.59512	1075.6556	286.80734	771.2	104.2227	12.428087	132.84515	46.22321	650000	-0.1253511	319.79105	-2.6830513	0.024163703	79.0
131	966.90936	74.67731	1045.374	859.39276	974.0	95.865685	16.426691	127.3508	44.521698	655000	-0.13282886	171.84926	-2.7253423	0.05086194	79.0
132	648.54083	390.2856	1174.5155	300.08582	587.4	96.4186	15.051681	123.12318	34.792274	660000	-0.12241714	348.719	-2.8068318	0.015064187	79.0
133	542.53156	335.53973	925.54517	121.499535	554.1667	92.84653	19.187454	129.5498	-9.497523	665000	-0.123572655	335.61713	-2.8513129	0.04628066	79.0
134	942.96375	114.93501	1060.2136	747.7192	1000.0	90.22734	20.588785	144.60228	-26.938486	670000	-0.10095021	63.36988	-2.8325658	0.078129396	15.0
135	991.76465	101.07587	1124.3755	834.53625	984.6	95.24325	19.243147	135.16415	16.19036	675000	-0.07831511	202.34308	-2.852778	0.078709275	11.0
136	953.0002	116.76309	1093.1738	803.695	1000.0	93.77477	19.24915	146.29274	46.86954	680000	-0.07897752	76.77824	-2.862103	0.076866515	9.0
137	959.742	224.03531	1193.06	538.5455	892.4	100.599915	16.48293	133.45596	54.686035	685000	-0.057907794	150.9412	-2.8817105	0.0752979	7.0
138	930.2709	53.02306	975.19336	827.07776	1000.0	96.8185	16.734344	138.53787	-34.92964	690000	-0.055894524	138.33289	-2.885946	0.07657602	6.0
139	996.2794	170.77516	1224.6708	765.18835	1000.0	91.79756	20.571123	128.15196	45.2738	695000	-0.087470606	92.98112	-2.901804	0.07693805	11.0
140	882.67	341.42792	1222.937	339.49622	796.8333	107.06017	16.363209	139.11578	49.16543	700000	-0.08854251	312.3226	-2.9623854	0.07601109	17.0
141	597.6153	423.55148	1068.8866	159.16573	556.8333	105.73896	17.257566	137.45615	49.23657	705000	-0.11712826	356.55298	-3.0381646	0.013024617	79.0
142	849.17096	350.2706	1190.1263	111.563194	819.8333	95.67947	17.791979	141.9627	-35.247097	710000	-0.12704279	281.2578	-3.073063	0.048526756	79.0
143	662.91437	350.43582	1049.1084	146.43254	644.1667	99.162735	19.181042	137.39136	32.198933	715000	-0.12518658	223.3514	-3.1488776	0.0125547005	79.0
144	1016.285	141.9335	1164.0188	823.61914	1000.0	98.41191	16.974247	133.70663	9.2331705	720000	-0.098087415	116.71941	-3.1393442	0.07509954	12.0
145	567.92896	388.02475	1081.4434	99.43149	538.8333	97.84559	20.410542	144.60724	45.01912	725000	-0.1056152	372.37354	-3.2367647	-0.009001706	79.0
146	919.5249	474.189	1283.5831	8.962841	802.8	100.63767	13.449817	127.885216	38.83603	730000	-0.07490305	156.19325	-3.2529626	0.07512246	10.0
147	706.9473	458.12347	1159.4589	74.074356	636.0	104.84861	23.015017	141.94643	29.597824	735000	-0.1149084	248.83882	-3.324991	0.023297675	79.0
148	999.8585	163.87834	1193.8783	797.5597	982.6	98.82227	22.051748	145.11496	43.699127	740000	-0.109818	152.33653	-3.3519812	0.07656404	20.0
149	686.14453	289.68192	1188.8649	219.17072	695.3333	91.30844	21.028637	131.15761	41.49282	745000	-0.1019808	235.54915	-3.4275546	0.021578465	79.0
150	1205.2452	114.90624	1282.7349	976.95984	1000.0	104.02672	15.760021	145.56317	4.8264184	750000	-0.0043521337	126.035614	-3.4450266	0.07653734	3.0
151	1217.3256	82.11102	1313.5255	1090.574	1000.0	122.37614	13.643602	147.55782	55.07784	755000	0.024590192	136.53474	-3.453437	0.10172299	2.0
152	736.9084	450.13977	1291.93	38.810295	616.3333	117.36928	18.712242	148.65527	33.462006	760000	0.014523554	241.95268	-3.4546995	0.07806142	1.0
153	898.14526	411.8207	1328.6819	378.7704	696.5	122.748566	9.828239	146.03989	34.03393	765000	-0.028024653	371.97116	-3.45889	0.08396805	5.0
154	1091.9612	177.10652	1322.11	883.09247	1000.0	104.85894	26.704287	157.89206	17.545067	770000	-0.047348913	135.38655	-3.4514956	0.082867324	6.0
155	983.926	384.75708	1350.5078	306.50217	787.0	121.82098	11.420634	154.27599	55.260517	775000	-0.071153976	403.36194	-3.4758008	0.07556668	12.0
156	721.2335	263.07477	1191.7842	476.34988	649.4	109.02445	24.07019	158.96637	18.707657	780000	-0.11697278	377.69446	-3.527439	0.008144125	79.0
157	1033.5254	122.74428	1224.694	843.39124	1000.0	95.113556	23.00761	141.97015	-69.65711	785000	-0.11455068	159.03488	-3.5533075	0.075289175	28.0
158	1097.3514	438.47424	1374.7976	226.6534	839.2	122.114075	8.374161	154.92914	41.400867	790000	-0.0022729775	242.76328	-3.5779157	0.096599735	3.0
159	810.7341	350.822	1327.2539	382.39575	638.0	119.41647	23.384865	158.0656	-16.404102	795000	-0.027498519	418.41782	-3.5720606	0.07843296	5.0
160	993.56213	163.4771	1245.1282	796.0427	895.6	109.469574	23.258589	148.45766	-2.3035395	800000	-0.06295261	331.92645	-3.586493	0.075166196	11.0
161	1283.7184	75.75737	1394.7391	1209.6807	1000.0	115.423965	14.193232	150.67401	43.68289	805000	-0.09478922	153.581	-3.5956593	0.08755819	12.0
162	1165.6638	199.17438	1347.572	882.1353	1000.0	118.90253	24.24534	160.95813	44.06807	810000	-0.14139096	148.29826	-3.654886	0.041469295	79.0
163	1230.635	163.33606	1363.9225	916.2768	1000.0	122.61071	21.300909	158.52388	57.836304	815000	-0.09811088	170.05638	-3.6673481	0.07613982	13.0
164	1051.3738	136.7354	1264.174	898.76	1000.0	105.492584	28.007538	151.983	45.508347	820000	-0.12642327	163.55688	-3.7345543	0.033789262	79.0
165	1126.0627	202.44843	1358.5425	874.2721	1000.0	108.987434	24.986443	154.0305	36.317215	825000	-0.052203882	172.31213	-3.7544014	0.0828366	7.0
166	1043.4623	188.4795	1260.0853	806.5032	1000.0	108.2596	26.508121	157.06155	55.540573	830000	-0.037122395	139.28726	-3.748149	0.08143765	5.0
167	1215.1202	89.568115	1287.2072	1059.6671	984.4	115.1592	19.245577	148.89355	44.127666	835000	-0.037223525	218.96996	-3.7670257	0.080609985	6.0
168	1123.0162	192.75665	1324.1932	809.41644	998.6	110.92625	23.773752	147.42073	28.707966	840000	-0.058597937	127.08948	-3.7703578	0.07746463	9.0
169	1258.0029	133.84814	1422.0425	1065.209	985.2	118.4737	15.418977	142.48936	58.229736	845000	-0.12159634	259.46335	-3.8422422	0.056008037	79.0
170	1129.6016	204.84703	1362.1721	884.98175	1000.0	110.2371	26.274866	148.51859	43.9076	850000	-0.09073958	112.69927	-3.8503304	0.07618938	11.0
171	855.9977	439.02133	1449.6848	206.66597	698.0	119.82565	22.366083	149.75816	37.471836	855000	-0.11487348	320.7805	-3.9432552	0.038731836	79.0
172	1074.879	254.58208	1398.3562	650.85114	882.6	119.1904	24.851997	153.83424	21.260893	860000	-0.12029519	376.1913	-4.0187054	-0.009861516	79.0
173	1351.4727	58.093094	1430.3066	1254.1821	1000.0	124.50938	11.106394	157.35646	54.59105	865000	0.015163391	121.65278	-4.028462	0.13383602	3.0
174	1103.5315	205.7568	1326.2078	780.63	1000.0	112.18907	27.418707	154.7737	48.497093	870000	-0.06506485	136.94757	-4.0165987	0.07509768	9.0
175	1142.5874	221.25366	1325.5289	715.0206	1000.0	117.85805	22.651659	162.91394	57.16209	875000	-0.06485664	197.89244	-4.0224633	0.07844656	7.0
176	826.908	383.86542	1298.0975	135.57573	825.8	103.75952	28.339243	152.58575	37.208	880000	-0.11340233	261.0008	-4.0859756	0.032170564	79.0
177	1274.8367	260.09647	1502.9658	793.5636	1000.0	118.51259	27.204151	158.54242	46.91512	885000	-0.14335556	107.4048	-4.095365	0.063972265	79.0
178	1226.4117	136.29266	1414.1788	1041.9304	948.0	133.65587	18.909359	164.2096	50.96497	890000	-0.08603152	286.0593	-4.1173763	0.07581466	13.0
179	616.837	412.1765	1191.9191	44.933937	599.0	109.72219	28.242542	163.06895	17.974686	895000	-0.10747639	402.8803	-4.18866	-0.0013444273	79.0
180	1407.4938	76.59852	1509.1833	1321.3256	1000.0	126.42375	10.47818	161.77977	66.78267	900000	-0.015462199	182.58751	-4.2021217	0.09510606	4.0
181	1376.9847	130.60353	1522.2144	1167.4011	1000.0	140.79022	10.259441	165.0108	89.47392	905000	0.034762885	200.68361	-4.20101	0.09232565	1.0
182	1256.6234	236.5837	1489.1816	819.5421	1000.0	126.17816	27.810478	167.49338	54.352154	910000	0.039126653	133.5678	-4.195506	0.0780751	1.0
183	1298.6179	127.69623	1412.7845	1099.5117	979.2	132.55722	18.881046	158.80652	59.80629	915000	-0.0060436483	294.52557	-4.2021117	0.07914318	3.0
184	1288.2771	215.38396	1532.1791	1010.66284	1000.0	122.0342	26.176712	161.33069	59.059242	920000	-0.024176544	183.1022	-4.2007847	0.08118366	4.0
185	1300.5486	163.97983	1457.2631	1068.2401	1000.0	124.18212	27.496435	162.39763	25.85088	925000	-0.07075188	152.91988	-4.2105947	0.08063549	9.0
186	1136.5326	536.4297	1559.6329	155.86737	822.2	125.4883	28.911495	161.40443	54.39985	930000	-0.11334865	316.2072	-4.287835	0.016220162	79.0
187	1088.8168	491.52432	1521.4772	77.24198	795.5	136.67155	23.632404	170.17822	46.241264	935000	-0.12255979	422.1602	-4.3523006	0.00523308	79.0
188	1096.737	540.75183	1475.2106	79.157036	809.8	122.83578	31.772224	171.62639	19.021425	940000	-0.119209155	183.51178	-4.397879	0.03937503	79.0
189	1307.8326	263.19296	1597.0624	926.69775	1000.0	126.45315	30.84965	176.69487	31.434454	945000	-0.095099814	182.15656	-4.4195347	0.07776195	15.0
190	1327.9017	245.68672	1498.9578	841.87415	1000.0	135.49953	23.79658	172.20929	42.190014	950000	-0.14362824	135.37828	-4.46585	0.054797314	79.0
191	1279.0798	402.0096	1609.3236	504.04156	864.8	132.57248	29.265423	169.31873	46.944633	955000	-0.120005265	267.81766	-4.546253	0.026681121	79.0
192	1325.4958	313.54138	1651.8553	893.6824	1000.0	127.21215	34.91691	172.55864	0.077894986	960000	-0.13038608	232.74596	-4.5952797	0.056028374	79.0
193	1332.1953	343.70035	1541.9661	646.36005	887.8	149.44237	12.120451	181.06378	35.05175	965000	-0.08412266	306.83304	-4.6164627	0.07708561	15.0
194	1348.9177	200.68085	1650.6677	1100.957	1000.0	133.16455	30.423193	174.02876	21.701328	970000	-0.060135145	175.88303	-4.619826	0.07697113	7.0
195	1533.5537	51.98556	1630.0497	1479.9534	1000.0	152.73328	9.955049	179.04646	94.636734	975000	-0.0058871447	126.61284	-4.626066	0.08163401	3.0
196	1332.8788	357.2379	1691.75	791.29803	1000.0	134.73015	32.56956	172.69319	57.61281	980000	0.055221453	169.40237	-4.622307	0.12293938	1.0
197	1062.4978	230.12132	1446.0491	836.615	1000.0	108.71417	38.881176	189.10316	58.616047	985000	0.03315474	101.24366	-4.610802	0.10093516	1.0
198	1185.7758	482.2281	1586.9127	275.43344	834.8	133.78227	22.023176	164.33322	63.28257	990000	-0.01621395	235.41405	-4.6299834	0.077658914	4.0
199	1298.0787	277.73624	1673.4933	905.17883	939.4	132.52562	30.389	178.18475	39.220673	995000	-0.027613116	348.6634	-4.624112	0.080433145	5.0
200	728.94727	590.79156	1595.9735	37.00945	603.8571	116.62322	37.8998	174.71417	-6.372352	1000000	-0.052550647	462.9262	-4.61624	0.080764525	10.0
201	1215.0746	503.16812	1685.48	293.40863	772.6	143.6253	11.61985	178.78844	27.068483	1005000	-0.06466943	468.8617	-4.6375375	0.07745939	10.0
202	1563.6592	97.39817	1675.3667	1442.5659	1000.0	148.74934	15.988734	182.00159	50.439404	1010000	-0.058435906	202.0767	-4.635284	0.07952491	7.0
203	1370.5818	230.38345	1669.6455	1113.0457	1000.0	134.2635	36.236523	182.43135	52.53984	1015000	-0.047835846	204.883	-4.62769	0.075922266	6.0
204	1373.3596	257.69522	1612.3469	923.1787	1000.0	136.2353	37.906624	181.73727	52.92276	1020000	-0.06478583	205.1365	-4.6329713	0.08349565	9.0
205	1279.9446	376.0752	1711.8772	731.0385	894.4	137.15012	35.27239	190.16692	24.093603	1025000	-0.048343487	367.6501	-4.6422606	0.07766371	7.0
206	1613.5836	36.681717	1674.252	1561.1576	1000.0	158.46016	14.270155	191.50668	34.89988	1030000	-0.020126	118.853874	-4.6601605	0.07875534	4.0
207	1522.0613	147.43338	1708.4086	1257.7623	1000.0	155.10126	23.430416	188.62746	66.9447	1035000	-0.034400474	192.3258	-4.6649394	0.08759778	5.0
208	1115.0781	472.41785	1635.663	517.3866	696.1667	159.5729	9.539779	182.51427	59.259518	1040000	0.026347525	568.0394	-4.670185	0.11885937	1.0
209	1501.7473	234.3108	1666.1798	1042.7784	1000.0	143.29884	27.345884	177.67001	26.977032	1045000	-0.05625991	126.92459	-4.6652994	0.080049045	8.0
210	1610.2297	45.566063	1668.9294	1543.2133	1000.0	159.47531	10.103094	185.38	89.13519	1050000	-0.08549438	146.44533	-4.6862545	0.08003595	11.0
211	1308.4497	290.34634	1626.9	900.6156	902.2	149.12047	30.72234	185.92938	57.73763	1055000	-0.110031284	436.8478	-4.792264	-0.0016307882	79.0
212	1582.211	81.61623	1673.0679	1449.9984	1000.0	149.89365	11.296987	174.86275	13.898607	1060000	-0.054666076	188.8536	-4.798652	0.08773664	8.0
213	1577.922	121.59729	1659.2446	1337.0991	1000.0	153.28302	26.676285	186.35019	58.947784	1065000	-0.046187878	200.33344	-4.802743	0.07686412	6.0
214	1373.7562	288.59802	1658.6833	852.9573	1000.0	139.04808	36.121555	183.08865	61.25519	1070000	-0.12726709	223.7428	-4.8706203	0.021541333	79.0
215	1555.7107	112.90199	1682.4677	1348.7435	1000.0	152.60437	22.287111	186.51987	60.784817	1075000	-0.04069084	167.05452	-4.8845205	0.080591165	6.0
216	1545.1777	244.04808	1733.2532	1066.2506	936.0	162.28325	9.344928	185.06097	103.99041	1080000	-0.021002745	374.01224	-4.8879747	0.07648031	5.0
217	1461.7341	336.58643	1700.6357	800.4065	1000.0	150.20839	30.940645	186.44604	65.21053	1085000	-0.033215173	170.8639	-4.886704	0.08517585	5.0
218	1559.4775	255.50424	1731.1063	1064.3927	1000.0	151.07486	33.718887	190.73389	57.26124	1090000	-0.031349562	132.3213	-4.8877344	0.086589	6.0
219	1649.9597	113.53535	1799.5537	1478.422	1000.0	166.62488	9.98696	188.85616	120.09488	1095000	-0.09404967	204.17668	-4.905303	0.07542661	15.0
220	1722.2006	45.964478	1763.1193	1644.108	1000.0	168.11214	11.988056	192.27748	85.676315	1100000	-0.05432406	123.54135	-4.916566	0.07819011	8.0
221	1699.7795	79.93778	1838.1941	1609.4685	1000.0	172.82265	9.556648	197.042	101.31595	1105000	0.0031713094	124.95591	-4.917406	0.09270722	4.0
222	1445.4957	387.35007	1816.4426	738.1461	1000.0	145.42903	43.825443	190.44608	56.634666	1110000	-0.13074352	146.15538	-4.9643803	0.03543713	79.0
223	1547.9178	242.97913	1749.4541	1079.3794	1000.0	154.51443	34.10261	191.1205	46.422443	1115000	-0.13683955	147.37848	-5.06023	0.043308236	79.0
224	1705.4424	59.99079	1753.7655	1590.5573	1000.0	168.28047	8.624093	188.27316	112.08393	1120000	-0.07315817	115.07378	-5.0750494	0.08448596	9.0
225	1342.5033	506.74673	1752.2977	520.03796	851.4	159.38681	31.53375	188.15341	74.49347	1125000	-0.10433891	275.9875	-5.1432915	0.028615888	79.0
226	1500.6809	313.81818	1755.4099	964.35114	1000.0	145.84642	41.554123	191.33638	37.21891	1130000	-0.13099465	210.18712	-5.20416	0.03472306	79.0
227	1664.5127	146.89977	1787.4254	1404.1913	1000.0	163.39064	25.462158	193.31288	56.55508	1135000	-0.0722436	196.26227	-5.2185383	0.08375312	11.0
228	1690.7592	206.8205	1876.9537	1287.0656	1000.0	162.65118	29.865866	196.64339	65.168	1140000	0.025876444	146.90561	-5.2220874	0.08043288	1.0
229	1764.4353	40.74059	1813.7583	1699.5608	1000.0	177.01477	8.122814	195.05421	134.07593	1145000	0.01257619	88.156685	-5.232761	0.12326654	4.0
230	1698.1125	143.5098	1842.795	1427.2633	1000.0	174.54903	17.228495	195.76665	68.557014	1150000	0.05609827	190.93413	-5.2377167	0.13727085	1.0
231	1679.8795	184.90063	1808.7764	1312.2411	1000.0	167.16245	29.914038	199.3824	66.99409	1155000	0.03657757	135.3296	-5.2356834	0.08628059	1.0
232	1824.7933	48.4352	1901.8074	1769.4264	1000.0	177.91805	7.2502904	195.19147	132.09811	1160000	0.059752136	109.280235	-5.242425	0.1226425	1.0
233	1820.4578	100.58451	1985.7894	1704.4375	1000.0	182.993	6.253794	200.34099	139.5548	1165000	0.042557087	135.25916	-5.244983	0.07792698	1.0
234	1823.0618	31.307928	1870.0104	1778.0438	1000.0	183.46022	6.6614304	203.58028	148.40192	1170000	0.033817776	71.67015	-5.2495766	0.07879715	1.0
235	1821.5193	33.04095	1864.3777	1773.1057	1000.0	182.92343	6.108867	199.16393	140.94128	1175000	0.058537163	96.54486	-5.2516117	0.11753086	1.0
236	1780.2172	35.45671	1835.699	1732.0538	1000.0	185.55153	7.0443363	202.4674	144.91508	1180000	0.043443874	89.99378	-5.26076	0.10074624	1.0
237	1890.2615	46.756042	1952.5986	1843.8347	1000.0	182.1577	5.920499	196.55455	150.42249	1185000	0.049648345	121.56299	-5.2601633	0.10769287	1.0
238	1630.7219	277.17413	1888.7034	1159.0071	1000.0	170.9319	37.775967	208.01262	66.60964	1190000	0.0028374733	372.06033	-5.2639647	0.080869414	3.0
239	1626.8284	286.41766	1938.3616	1152.9574	1000.0	157.7591	40.92388	201.5559	47.791767	1195000	-0.13121663	286.53476	-5.325954	0.041075706	79.0
240	1411.2795	595.87366	1921.5706	354.55652	752.4	179.19858	9.390251	202.34232	86.24814	1200000	-0.10511619	557.459	-5.4021688	0.011980434	79.0
241	1695.5447	354.8545	1925.8407	993.69305	1000.0	165.79564	40.36242	211.3349	29.14495	1205000	-0.10972949	213.58795	-5.4301205	0.07595537	22.0
242	1886.6409	110.622604	1994.0034	1720.1132	1000.0	184.04144	18.313097	208.43243	55.56493	1210000	-0.13580474	225.7483	-5.5206385	0.05464852	79.0
243	1717.5691	410.01474	1989.5398	904.4112	1000.0	169.68231	43.093914	218.64421	47.32454	1215000	-0.092248514	251.94075	-5.524332	0.08303504	14.0
244	1901.1635	31.83876	1944.9248	1852.9396	1000.0	191.60176	10.794745	228.79523	119.40976	1220000	-0.0063126474	120.6626	-5.53145	0.07737152	3.0
245	1778.4135	179.62122	2087.8867	1560.9664	967.0	183.17615	29.156189	214.48021	55.80151	1225000	-0.046531424	483.0599	-5.5389524	0.077399276	8.0
246	1929.4119	50.587337	1975.6292	1862.0581	1000.0	189.941	10.551763	225.88081	110.21656	1230000	-0.050744005	119.28295	-5.541194	0.08011562	7.0
247	1892.4606	69.482544	1995.0463	1817.5125	1000.0	194.2532	9.557145	221.31723	112.91871	1235000	-0.009311821	185.05507	-5.5402555	0.082510166	4.0
248	1571.5479	691.50714	1952.1676	189.89668	825.0	190.57782	10.061728	215.45753	101.08591	1240000	-0.030305957	411.3049	-5.5477057	0.0923725	7.0
249	1792.5846	287.7245	1985.217	1220.383	1000.0	178.36502	34.9251	220.3437	22.915968	1245000	-0.13469234	268.6754	-5.600142	0.050515372	79.0
250	1667.2572	346.00812	1985.0491	1234.145	933.8	179.3567	36.924747	219.3199	61.545418	1250000	-0.106161304	441.43716	-5.6662483	0.006825968	79.0
251	1518.971	411.34943	1931.2728	937.8813	1000.0	154.45074	48.89355	216.9567	31.298765	1255000	-0.12353999	300.29224	-5.750714	0.0328914	79.0
252	1799.1843	285.14905	2061.978	1246.8209	1000.0	171.05293	35.0746	210.53073	46.075275	1260000	-0.07180723	179.51523	-5.7590327	0.08004102	9.0
253	1856.5403	132.6208	1981.6986	1604.1124	1000.0	184.14772	29.998947	215.73145	60.554092	1265000	-0.085392736	230.6077	-5.783718	0.08052628	13.0
254	1857.3981	88.43681	1951.0497	1719.9746	1000.0	187.0971	22.16356	211.37624	77.5116	1270000	-0.037777368	220.6496	-5.792931	0.08834199	5.0
255	1684.5426	519.1196	2061.705	655.78107	873.4	187.83426	21.066206	214.3822	72.01776	1275000	-0.025957126	478.8883	-5.801873	0.082709335	5.0
256	1651.74	456.97	2055.8562	1073.1202	921.4	176.06116	42.35641	224.22928	53.51526	1280000	-0.11766714	505.7625	-5.8552427	0.029812122	79.0
257	1927.0902	130.95267	2082.0872	1686.2616	1000.0	185.61812	29.77113	231.86037	55.708828	1285000	-0.046283115	281.60254	-5.8624234	0.07629404	6.0
258	1679.85	438.1782	1975.5005	819.2623	857.2	197.06502	12.096211	230.52206	52.970825	1290000	-0.047726102	614.447	-5.8704743	0.077661045	8.0
259	1929.4609	61.67926	2043.5891	1865.2668	1000.0	190.48256	13.018391	223.23253	89.174286	1295000	-0.029008474	169.91898	-5.8757844	0.075367786	4.0
260	1825.7332	430.90457	2103.7522	969.9298	909.0	192.05635	24.162336	218.423	-5.236387	1300000	0.030690534	616.6616	-5.8796115	0.109911166	1.0
261	1781.4124	279.72992	2037.3544	1236.0892	1000.0	182.01941	40.668583	231.36304	41.366047	1305000	-0.041768886	168.43959	-5.880579	0.07543869	6.0
262	1562.5116	422.5365	1945.8701	930.2016	1000.0	158.47713	50.12078	210.96404	63.444687	1310000	-0.058452234	185.8919	-5.8839955	0.07583535	9.0
263	1593.875	351.8472	1988.5463	1099.1309	1000.0	145.89272	49.8864	209.55869	59.98011	1315000	-0.083779715	372.4026	-5.8901854	0.07623343	14.0
264	1892.0618	188.77608	2106.9548	1538.7793	953.4	193.83235	9.926893	222.07079	122.91483	1320000	-0.114737354	528.0863	-5.980888	0.025198283	79.0
265	1474.1282	271.50012	1912.3494	1104.1663	1000.0	146.6122	56.75432	217.65176	-8.045085	1325000	-0.11170344	338.4999	-6.041678	-0.01743829	79.0
266	1959.683	103.91753	2072.2979	1782.7964	1000.0	179.74146	19.301773	216.83598	68.47048	1330000	0.011613675	298.01782	-6.052193	0.0971425	3.0
267	1909.1375	134.63971	2108.9739	1693.5009	1000.0	190.86118	26.262712	220.6172	72.331894	1335000	0.031780336	233.40552	-6.0521045	0.082796134	1.0
268	1799.0693	421.59885	2048.7246	959.5328	1000.0	174.01532	47.440903	218.56418	57.088486	1340000	0.054141235	200.33083	-6.047889	0.10957665	1.0
269	1828.2078	279.7427	2025.7104	1273.3184	1000.0	186.31516	40.06972	223.88892	69.46807	1345000	0.053318758	280.74478	-6.0536413	0.1421944	1.0
270	1736.9392	468.3839	2088.1333	809.2816	1000.0	170.66435	45.92084	218.53902	51.289566	1350000	0.038044512	212.38725	-6.0542994	0.08475064	1.0
271	1937.127	145.36841	2113.6348	1707.37	1000.0	193.85025	26.43573	222.18933	55.551537	1355000	0.050740886	262.0469	-6.0629854	0.11399773	1.0
272	1846.1215	289.7567	2068.592	1281.0681	1000.0	184.40358	37.795544	215.81215	72.30727	1360000	0.05366213	192.34729	-6.060114	0.13607866	1.0
273	1884.9309	267.31656	2113.0854	1365.1583	1000.0	186.30847	35.521194	219.79135	75.47226	1365000	-0.0011625072	264.0138	-6.06733	0.08615175	3.0
274	1861.4832	300.7623	2093.8916	1280.059	1000.0	185.2811	40.440422	222.36005	5.7383547	1370000	-0.01065186	198.53467	-6.0650597	0.07553421	4.0
275	1806.9353	392.709	2054.9495	1026.6752	903.4	200.0102	9.292609	220.77103	119.51152	1375000	-0.10519782	365.53735	-6.1096	0.032112747	79.0
276	1726.7574	330.45422	2028.3595	1246.3018	1000.0	171.8111	50.791515	222.8872	65.693565	1380000	-0.121562034	198.83565	-6.1602697	0.018122409	79.0
277	1886.6198	164.68297	2075.6533	1585.2513	960.6	196.45955	10.022455	218.34326	64.2907	1385000	-0.058139283	411.55524	-6.1660748	0.07619639	10.0
278	1783.1256	375.3974	2055.553	1080.1948	1000.0	168.30313	50.87362	218.78438	42.740124	1390000	-0.116170935	305.3389	-6.226949	0.02892179	79.0
279	1696.6123	336.28796	2054.432	1244.8707	920.0	185.73648	41.13008	227.01883	-50.63457	1395000	-0.10209355	826.711	-6.275338	-0.013628737	79.0
280	2050.6777	80.34008	2205.5266	1971.6997	1000.0	192.9964	12.600597	220.63887	104.29874	1400000	0.01654672	198.6083	-6.2822504	0.10965836	3.0
281	2061.5632	63.263195	2135.5984	1954.3228	1000.0	205.98605	8.002354	226.21376	136.71431	1405000	0.06403471	174.43597	-6.2806334	0.13962932	1.0
282	1980.9672	151.4342	2112.77	1711.9918	1000.0	200.7308	27.574223	230.634	73.00661	1410000	0.054910667	235.29117	-6.279	0.14437571	1.0
283	1946.4688	42.79957	1990.3119	1872.1597	1000.0	200.98703	16.878412	222.15132	70.13424	1415000	0.05014151	268.0801	-6.279459	0.13065341	1.0
284	2050.645	60.023346	2160.6863	1979.6241	1000.0	199.99448	7.9363036	219.96445	140.12907	1420000	0.05087435	151.84717	-6.275411	0.09915116	1.0
285	2064.8845	49.847626	2121.139	1982.0101	1000.0	207.26077	7.058543	223.41748	161.77097	1425000	0.08998527	131.1736	-6.2782445	0.20111187	1.0
286	1807.5785	480.96002	2096.6875	847.6629	889.0	208.8767	8.187481	226.38583	96.47912	1430000	0.018081753	353.68524	-6.2823744	0.08101507	1.0
287	2033.7219	57.423687	2138.7373	1981.905	1000.0	201.71426	8.326459	221.5319	149.90883	1435000	0.043790918	130.98807	-6.2775693	0.10530304	2.0
288	1938.2949	243.78857	2148.6863	1462.6963	1000.0	195.00868	35.670944	224.51387	58.17845	1440000	0.044517346	308.5544	-6.278733	0.10901843	1.0
289	1843.956	448.57214	2114.3906	949.9843	1000.0	182.6712	47.238438	226.76431	64.84795	1445000	0.039511487	232.8775	-6.2716956	0.10559595	1.0
290	2035.1116	39.484295	2091.1328	1986.6285	1000.0	205.64482	9.674954	230.77504	123.71586	1450000	0.04282472	141.71645	-6.274339	0.09036206	1.0
291	2032.0715	54.3125	2127.2969	1965.7787	1000.0	206.05898	8.096171	223.24329	118.00957	1455000	0.105457425	151.5766	-6.2719727	0.21183781	1.0
292	1993.3303	85.25624	2093.3364	1835.5208	1000.0	204.65324	10.888069	229.24426	104.93596	1460000	0.033326976	165.81357	-6.269925	0.08124429	1.0
293	2031.3489	81.469124	2117.0452	1922.1345	1000.0	202.35913	10.197513	224.1018	99.07999	1465000	0.054160077	195.63603	-6.268562	0.10398154	1.0
294	2071.1504	83.25874	2191.8835	1936.7805	1000.0	207.58469	7.0277753	224.94284	163.23282	1470000	0.07087515	149.95586	-6.2649174	0.13887937	1.0
295	1974.9395	137.53961	2100.315	1710.5265	1000.0	203.65416	27.352316	229.22894	75.85342	1475000	0.057146795	223.62202	-6.2648883	0.12940085	1.0
296	1969.9534	173.885	2100.7942	1633.2446	1000.0	194.84338	31.6891	222.36972	57.837627	1480000	-0.005444314	199.68726	-6.2646413	0.092598654	4.0
297	2024.809	66.871346	2131.0742	1921.6035	1000.0	204.23825	8.767105	223.09586	128.19667	1485000	-0.034052685	127.02442	-6.263688	0.07558048	6.0
298	2043.8376	53.897423	2117.6814	1970.2079	1000.0	204.5458	7.401669	223.85703	160.54523	1490000	-0.039286304	162.07645	-6.2664623	0.085978225	7.0
299	2041.0691	42.67725	2094.6045	1974.6012	1000.0	205.96413	7.52567	226.14424	154.22618	1495000	-0.012770445	126.8463	-6.265825	0.08405239	4.0
300	2065.375	57.265682	2159.4866	1985.4108	1000.0	206.3451	6.3808637	224.04823	170.87509	1500000	-0.013459372	172.37628	-6.261632	0.09566693	6.0
301	2081.6099	105.84687	2213.3374	1911.5931	1000.0	207.76958	12.344314	227.17268	71.83241	1505000	-0.026179478	284.7866	-6.26094	0.09120377	6.0
302	2003.4319	48.06172	2066.7622	1932.8792	1000.0	207.47597	9.159025	230.61813	126.38051	1510000	-0.0912995	185.7004	-6.2682185	0.079226464	16.0
303	1818.6809	457.5495	2162.9343	925.8444	1000.0	182.9083	45.372093	227.11807	73.84773	1515000	-0.13355069	204.37895	-6.3543468	0.052423235	79.0
304	2055.0444	40.68185	2119.5498	2005.9578	1000.0	204.4437	8.717214	223.32246	165.22377	1520000	-0.12386035	164.15778	-6.382667	0.07557627	35.0
305	2100.5332	43.75477	2179.0864	2045.7565	1000.0	208.3385	9.305003	228.87442	109.62732	1525000	-0.033140205	119.49845	-6.385565	0.07656424	6.0
306	1882.7289	373.82645	2114.091	1140.2273	905.2	210.9643	9.194267	227.43489	85.602295	1530000	-0.10087859	399.41858	-6.4590073	0.01872664	79.0
307	2111.4727	42.683945	2174.4822	2040.4951	1000.0	205.10414	10.240952	223.21378	72.04529	1535000	-0.12879902	169.36575	-6.5002174	0.04368123	79.0
308	2110.2637	31.041985	2168.964	2081.8723	1000.0	212.18977	7.133802	228.98802	168.74673	1540000	-0.054673363	134.17523	-6.5123577	0.086725876	9.0
309	1874.8301	345.7731	2139.5427	1199.8022	1000.0	188.33675	52.367496	229.0391	37.75178	1545000	-0.019599963	268.8551	-6.518539	0.08266679	5.0
310	2033.375	112.539	2190.5574	1854.6675	1000.0	203.69568	11.741826	225.94893	107.38159	1550000	-0.1384755	196.74524	-6.577781	0.060542736	79.0
311	2128.8977	119.4534	2262.3425	1911.8541	1000.0	206.56238	9.123497	228.463	153.91672	1555000	-0.09384945	166.76338	-6.5819616	0.07729437	18.0
312	1841.724	502.56815	2176.2314	846.68823	878.0	213.66255	10.360004	233.0026	54.289112	1560000	-0.10163248	502.02875	-6.6446404	0.010836033	79.0
313	2055.8042	235.50531	2234.031	1590.1136	1000.0	199.87328	37.41915	234.45135	44.147675	1565000	-0.120219626	219.43456	-6.7241445	0.049170174	79.0
314	2092.3516	170.16805	2281.258	1785.5387	1000.0	207.23622	33.63441	237.88396	48.312485	1570000	-0.12066868	242.1265	-6.819292	0.035959877	79.0
315	2134.7183	74.3534	2243.6711	2016.2002	1000.0	216.3055	9.443965	240.62283	111.41048	1575000	-0.048214674	124.85881	-6.8248663	0.081697434	7.0
316	1931.1842	371.3929	2188.0164	1193.9016	1000.0	194.6905	47.62231	232.42224	74.40406	1580000	-0.06343822	181.9901	-6.834677	0.076138675	12.0
317	2170.1794	28.461733	2197.3303	2134.753	1000.0	212.87328	8.271133	228.72913	138.64227	1585000	-0.07218119	99.58156	-6.8479233	0.07531908	12.0
318	2181.1772	94.39284	2306.332	2039.493	1000.0	217.54495	15.375874	236.16777	69.40066	1590000	0.018802343	250.4211	-6.848293	0.08849208	1.0
319	2170.7583	48.06078	2253.4146	2117.0364	1000.0	218.18945	9.941463	234.91869	136.8605	1595000	-0.078682505	150.7451	-6.858275	0.07761784	14.0
320	2153.048	60.20151	2239.2935	2058.1843	1000.0	217.46135	9.187124	237.78691	140.53835	1600000	-0.06798322	166.03712	-6.862269	0.078001834	11.0
321	2152.506	92.014694	2266.1685	2012.0072	1000.0	216.32002	7.1245847	233.77083	180.5184	1605000	-0.04087459	143.41783	-6.865589	0.076319054	6.0
322	2217.0647	52.41551	2285.792	2142.9465	1000.0	218.868	8.50792	237.59729	156.19392	1610000	-0.06872538	175.87505	-6.873639	0.07619641	11.0
323	1991.8894	395.14233	2268.8455	1210.6366	910.0	219.2346	21.46203	243.87125	75.92592	1615000	-0.10287609	500.05264	-6.9401827	0.01801619	79.0
324	2155.1074	66.69319	2273.7078	2076.4194	1000.0	215.15712	12.868365	236.92871	114.21482	1620000	-0.1328164	237.59245	-6.9911776	0.05847628	79.0
325	2227.1003	17.819826	2252.48	2203.3352	1000.0	219.94685	8.561903	240.58398	143.15001	1625000	-0.047409065	101.78594	-6.9979076	0.09538581	8.0
326	1898.8239	532.5656	2253.2615	841.542	1000.0	196.8738	54.24627	241.5975	71.27183	1630000	-0.043972056	186.90453	-7.003572	0.08144421	9.0
327	2172.1792	86.2636	2284.0496	2080.1812	1000.0	218.0972	9.14017	235.76161	147.27438	1635000	-0.059873845	159.53862	-7.0119576	0.0771694	9.0
328	2209.1392	94.13634	2321.8896	2069.4514	1000.0	220.35022	8.377578	239.67827	161.13318	1640000	-0.060581587	164.6975	-7.0216694	0.0842501	9.0
329	2216.9438	87.77142	2362.4902	2091.9868	1000.0	222.2296	8.1253605	239.99974	164.81139	1645000	-0.057114094	175.28297	-7.0265813	0.08611263	9.0
330	2177.1287	77.9279	2317.1157	2091.152	1000.0	222.32695	11.505285	243.65732	132.99438	1650000	-0.13280207	186.7268	-7.086872	0.05306272	79.0
331	2162.6243	17.149223	2188.6533	2136.3208	1000.0	219.81227	7.593694	240.90555	174.22777	1655000	-0.08392709	127.687874	-7.103925	0.07593012	14.0
332	2250.903	86.56111	2371.0837	2108.98	1000.0	218.83463	6.766793	235.57828	171.30467	1660000	-0.061676808	145.05054	-7.1203866	0.08398297	9.0
333	2220.1772	106.87192	2362.846	2037.637	1000.0	226.6942	7.9100523	242.13394	161.90973	1665000	-0.14423761	172.38194	-7.1750154	0.036986098	79.0
334	2096.824	310.30664	2301.4924	1479.6029	1000.0	210.6781	46.40782	243.08592	56.164276	1670000	-0.11863818	238.1594	-7.2458	0.017027792	79.0
335	2128.1206	228.60188	2382.759	1707.7267	1000.0	213.0551	38.01004	243.13286	57.149998	1675000	-0.11321687	372.3807	-7.320436	0.020316962	79.0
336	2195.8193	69.013725	2292.789	2101.9238	1000.0	221.33627	9.947974	243.03915	145.59018	1680000	-0.062293	177.19447	-7.3309064	0.07911047	9.0
337	2272.7407	83.002106	2368.249	2118.7036	1000.0	223.26335	8.5952835	243.6431	162.70853	1685000	-0.08979812	139.50125	-7.3544116	0.077595346	17.0
338	2245.8071	41.482983	2295.0203	2173.5413	1000.0	229.3903	7.7346377	245.96085	186.72878	1690000	-0.082989566	126.72662	-7.3520775	0.082182154	14.0
339	2252.127	63.283268	2365.3093	2187.0847	1000.0	227.96365	6.396542	244.96791	180.15013	1695000	-0.040007792	96.55924	-7.3537545	0.07578287	6.0
340	2283.386	73.82183	2362.9937	2168.7134	1000.0	227.18402	6.8338284	241.50198	177.04698	1700000	-0.0004323364	144.34172	-7.355667	0.08037125	4.0
341	2108.652	259.1774	2261.3015	1591.6191	1000.0	215.65277	42.61412	243.98311	62.76587	1705000	0.032763653	233.65315	-7.35405	0.09018288	1.0
342	2156.2046	46.653797	2213.7964	2075.56	1000.0	222.49733	9.772122	243.40097	152.90468	1710000	-0.046159435	168.07579	-7.358139	0.07770387	7.0
343	2208.939	136.87491	2365.896	1954.0753	971.4	220.62607	8.264058	237.0907	66.948586	1715000	-0.09439975	573.8027	-7.432141	0.01418364	79.0
344	2249.9238	36.22782	2290.1318	2198.1763	1000.0	223.99495	11.571681	252.07498	147.22597	1720000	-0.08825701	163.22235	-7.440014	0.080274925	15.0
345	2135.5703	303.12494	2435.243	1558.7457	1000.0	214.15202	42.897682	260.35013	64.48897	1725000	-0.11450308	299.2649	-7.485617	0.03915702	79.0
346	2228.1714	73.29392	2295.4666	2089.0723	1000.0	226.0343	12.65894	250.7214	120.388336	1730000	-0.1314306	135.43562	-7.5446076	0.05309104	79.0
347	1893.6703	871.69574	2413.1565	153.81978	815.2	226.8162	6.624005	251.80434	146.24089	1735000	-0.09079968	443.4689	-7.60624	0.029337512	79.0
348	2255.5984	58.52897	2352.1345	2174.4907	1000.0	230.48425	10.256899	254.0904	106.414406	1740000	-0.07268327	142.4303	-7.610735	0.07596135	11.0
349	2284.251	62.13148	2360.928	2197.9404	1000.0	226.73766	10.586368	244.79185	136.81065	1745000	-0.0520932	125.097916	-7.6093783	0.077103175	8.0
350	2352.524	52.81618	2443.7336	2304.0398	1000.0	232.86375	7.3155317	250.97144	149.71727	1750000	-0.067836024	138.00385	-7.6030674	0.076251626	11.0
351	2053.9773	328.86548	2347.5725	1427.8833	1000.0	216.5844	46.95996	257.0874	80.29524	1755000	-0.117906705	325.8257	-7.6836596	0.019109806	79.0
352	2262.163	67.611336	2315.2239	2128.5625	1000.0	223.23383	13.071732	244.85388	115.08923	1760000	-0.064490564	143.24388	-7.6958604	0.08277738	10.0
353	2211.105	84.12162	2291.0728	2047.88	1000.0	222.3681	30.241432	247.60693	71.29569	1765000	0.024073418	327.0521	-7.6976414	0.08359097	1.0
354	2334.3315	61.111984	2412.9229	2243.61	1000.0	228.01347	7.1041613	246.79022	174.92041	1770000	-0.012210387	102.107574	-7.703897	0.075080484	4.0
355	2289.9268	48.79756	2375.107	2232.1545	1000.0	233.6316	8.900787	254.3536	173.36772	1775000	0.042529847	156.89117	-7.706648	0.086964786	1.0
356	2157.3044	198.52638	2301.301	1770.1787	1000.0	221.5694	35.30628	247.02696	78.99814	1780000	0.047468334	280.9707	-7.704789	0.12948011	1.0
357	2360.319	47.68833	2440.6362	2291.6384	1000.0	225.75635	6.2318497	245.64136	191.85309	1785000	-0.009861698	122.347916	-7.709625	0.1039902	4.0
358	2352.5815	44.448376	2422.4382	2284.9856	1000.0	237.09476	8.362672	254.16565	170.9511	1790000	-0.0060962276	145.41196	-7.706669	0.087974146	4.0
359	2329.112	58.22715	2426.8274	2263.178	1000.0	237.30286	7.2091646	253.20595	190.96976	1795000	-0.029972376	156.47522	-7.704033	0.07762153	5.0
360	2312.6313	65.86832	2391.7031	2208.844	1000.0	234.57495	11.06555	254.88734	153.27534	1800000	-0.028049378	158.58897	-7.7042346	0.08256155	5.0
361	1881.6667	935.51447	2395.7126	12.881686	803.8	234.7856	8.308057	252.14285	155.63094	1805000	-0.027973734	227.31767	-7.7053275	0.07729309	7.0
362	2337.275	95.46922	2484.3066	2188.7522	1000.0	235.2709	9.419147	253.91122	143.92307	1810000	-0.051648486	192.4524	-7.7077155	0.078039944	8.0
363	2302.7876	48.724213	2364.4583	2225.0278	1000.0	236.0248	10.662437	259.10007	161.63492	1815000	-0.049851023	190.95172	-7.708889	0.076091714	7.0
364	2205.354	230.7492	2452.8892	1770.2412	1000.0	221.97694	40.86852	251.13446	72.013695	1820000	-0.11364408	300.70404	-7.771221	0.018462026	79.0
365	2126.5337	375.06848	2471.5962	1396.0587	1000.0	211.92058	46.180912	246.45596	79.00202	1825000	-0.082771875	235.15335	-7.7858415	0.07652651	17.0
366	2348.185	66.57394	2400.9036	2217.435	1000.0	230.3375	10.7796135	251.80551	131.5144	1830000	-0.058558214	144.25986	-7.799225	0.08145775	10.0
367	2330.6177	56.813457	2404.8618	2231.314	1000.0	235.998	8.032368	253.47423	189.9083	1835000	-0.024905184	142.47989	-7.8062334	0.075201504	5.0
368	2382.2612	59.978924	2440.2595	2271.5754	1000.0	237.5177	6.554659	255.47523	191.46053	1840000	-0.00071134034	149.01778	-7.8105173	0.07851172	4.0
369	2312.5364	109.653015	2464.078	2155.4832	1000.0	237.89148	9.904257	257.8773	146.81639	1845000	0.032168694	222.92613	-7.813797	0.08490872	1.0
370	2326.5	64.123604	2393.2214	2211.273	1000.0	236.6027	8.315199	255.36235	193.18921	1850000	-0.0025877506	129.23868	-7.817334	0.10445524	4.0
371	2332.4556	52.73248	2434.8596	2284.8662	1000.0	235.1655	6.0518317	251.58014	195.53957	1855000	-0.0073108147	108.29848	-7.82544	0.086307615	4.0
372	2141.8738	426.23013	2395.8757	1293.7167	1000.0	216.28743	48.024483	251.61597	76.10706	1860000	-0.026052414	308.18866	-7.8304768	0.079313405	6.0
373	2372.0476	54.671875	2448.4055	2277.4397	1000.0	235.6911	8.4967575	252.30043	164.92294	1865000	-0.048119195	120.4539	-7.835442	0.07558037	7.0
374	2366.3608	59.948494	2439.105	2296.936	1000.0	239.4558	5.7101088	253.20802	201.0427	1870000	-0.04531738	135.54587	-7.834005	0.07536588	8.0
375	2395.77	30.534838	2443.5369	2350.6978	1000.0	237.5798	7.460891	253.6068	174.85664	1875000	0.033341907	92.581825	-7.836334	0.083014525	1.0
376	2363.7087	42.24727	2431.9087	2302.2327	1000.0	241.97595	7.3628025	255.52103	135.67593	1880000	-0.00034799994	157.09924	-7.834768	0.07675452	3.0
377	2426.4453	29.214369	2449.5854	2370.2065	1000.0	240.3755	6.1489825	254.04494	202.60298	1885000	0.06998185	88.17957	-7.835349	0.16038577	1.0
378	2354.7542	66.25384	2460.857	2256.5203	1000.0	243.8178	8.5382805	260.94626	177.89471	1890000	-0.00833725	141.65506	-7.838183	0.09506044	4.0
379	2360.3467	46.097904	2404.0283	2292.1301	1000.0	239.20755	8.992391	254.07059	114.85785	1895000	-0.028350672	178.79312	-7.8368015	0.07732391	6.0
380	2371.4653	38.580475	2432.129	2322.3652	1000.0	239.7096	8.40742	257.73282	194.62148	1900000	-0.089259066	83.03986	-7.8415885	0.07599388	18.0
381	2414.2021	63.115032	2505.7153	2324.7585	1000.0	240.7557	5.599107	255.49036	199.96901	1905000	-0.07271389	114.567924	-7.848934	0.08483112	14.0
382	2381.1455	52.238873	2462.0854	2323.3403	1000.0	242.99757	8.598537	257.10745	161.25444	1910000	-0.05990853	213.43394	-7.8650346	0.07504855	11.0
383	2368.8628	79.48533	2437.729	2227.7146	1000.0	239.78967	8.370691	260.365	186.86798	1915000	-0.086230785	159.4141	-7.895422	0.07661021	16.0
384	2359.2446	69.898346	2483.1511	2288.0132	1000.0	239.6731	7.818385	255.0118	192.69557	1920000	-0.08146284	187.90695	-7.9240313	0.07580495	14.0
385	2414.815	54.993633	2495.3342	2349.803	1000.0	239.0384	8.509844	258.0181	189.53967	1925000	-0.09864981	140.17003	-7.9543524	0.07578804	22.0
386	2149.8599	445.20587	2428.9485	1263.2225	1000.0	221.6252	54.388103	261.01578	78.85483	1930000	-0.117433615	248.2215	-8.029597	0.02436638	79.0
387	2454.328	66.1183	2536.6572	2372.635	1000.0	238.09813	7.734346	253.45251	148.13338	1935000	-0.05963864	200.55844	-8.039974	0.07536509	9.0
388	2412.9976	63.346645	2518.022	2335.5146	1000.0	246.68706	8.091783	267.52808	198.39426	1940000	-0.06468712	108.7692	-8.050198	0.07723791	11.0
389	2423.5366	28.121023	2462.7478	2388.53	1000.0	245.8334	7.048516	260.88806	203.57822	1945000	-0.043299925	106.232925	-8.05612	0.07964613	7.0
390	2353.5913	149.12668	2460.6855	2062.811	1000.0	238.94162	30.93913	261.5802	84.450806	1950000	-0.04421076	266.65152	-8.070142	0.076895736	10.0
391	2426.321	57.758038	2509.4146	2351.5544	1000.0	243.49278	7.8073	265.88385	197.39392	1955000	-0.061156187	117.53085	-8.087244	0.077638	10.0
392	2426.0786	43.382202	2467.1062	2349.4307	1000.0	245.4896	7.510998	260.24884	198.3549	1960000	-0.068764344	136.01808	-8.098597	0.07912587	12.0
393	2513.455	8.859586	2525.1223	2505.1855	1000.0	247.8528	6.706666	263.174	188.84692	1965000	-0.058121253	108.63957	-8.102943	0.08123529	11.0
394	2405.8396	43.69553	2455.581	2329.5771	1000.0	251.8296	8.789873	269.86316	199.60245	1970000	-0.04952043	142.95152	-8.108163	0.08089996	8.0
395	2384.352	29.346745	2425.4329	2342.3477	1000.0	243.99103	7.419183	259.29404	196.96439	1975000	-0.01054233	119.231125	-8.109923	0.08117219	4.0
396	2424.0364	53.32146	2498.426	2359.773	1000.0	243.26085	7.4763155	258.98584	168.45874	1980000	-0.034134265	119.71779	-8.111691	0.08670216	6.0
397	2413.373	39.295464	2456.6484	2353.089	1000.0	246.49644	6.9257126	259.5994	200.72862	1985000	-0.08122288	98.528465	-8.115086	0.075982146	15.0
398	2448.9336	39.613117	2508.6418	2393.2498	1000.0	245.14305	6.580603	258.22986	196.1503	1990000	-0.064802654	122.23665	-8.131966	0.07581335	12.0
399	2386.9565	47.19421	2449.3735	2310.3066	1000.0	245.56548	6.9548683	259.5228	204.87045	1995000	-0.013301749	179.74239	-8.139811	0.08420872	4.0
400	2384.4058	73.94259	2482.7065	2284.8115	1000.0	241.85637	7.9022083	257.56564	178.20059	2000000	-0.022976806	147.34198	-8.146519	0.0922159	5.0
401	2444.2427	61.627888	2525.1772	2366.3816	1000.0	242.78818	6.451313	259.45197	190.97481	2005000	-0.062147822	162.29764	-8.153206	0.07847574	10.0
402	2461.4727	50.51533	2534.7961	2411.599	1000.0	247.10312	7.38652	264.42056	202.61467	2010000	-0.13354024	104.38513	-8.2211895	0.059707604	79.0
403	2415.7817	52.630127	2498.6238	2351.028	1000.0	247.23265	9.652849	267.4143	170.35825	2015000	-0.06288327	190.13577	-8.231696	0.077666335	10.0
404	2446.1938	33.366367	2475.1116	2391.429	1000.0	246.91405	6.2346807	260.9499	198.4317	2020000	-0.046531785	113.10065	-8.240599	0.07740979	8.0
405	2459.855	64.12069	2551.692	2378.063	1000.0	247.79845	7.360934	261.64392	200.65637	2025000	-0.022650316	202.19266	-8.245628	0.08336599	6.0
406	2411.978	96.57918	2543.2454	2253.85	1000.0	248.25044	8.2983265	266.9615	173.23344	2030000	-0.05729266	203.72194	-8.253573	0.08147936	12.0
407	2412.461	82.75434	2504.172	2267.2615	1000.0	243.87973	9.804825	264.0154	192.40901	2035000	-0.13087858	184.5616	-8.2924185	0.04601098	79.0
408	2309.4856	414.7285	2579.686	1484.3636	1000.0	228.27777	52.09063	263.83966	77.48302	2040000	-0.10332937	274.99594	-8.33595	0.039359126	79.0
409	2537.7742	38.802593	2612.4482	2505.7974	1000.0	252.7284	9.298623	271.75497	203.88411	2045000	-0.06466049	131.32913	-8.33899	0.075392544	12.0
410	2461.6157	30.20617	2517.1	2426.048	1000.0	252.79088	9.588946	273.50507	188.03941	2050000	-0.13364701	110.25378	-8.386758	0.036752544	79.0
411	2506.218	80.21997	2659.0388	2426.5981	1000.0	250.32187	5.8485856	262.26724	200.7261	2055000	-0.061440248	137.84993	-8.390493	0.07569807	9.0
412	2486.4424	56.45397	2563.2373	2389.777	1000.0	251.56407	8.577888	268.09802	188.2083	2060000	-0.00413232	155.13953	-8.3936825	0.08769549	4.0
413	2166.025	646.9213	2515.2227	872.8425	873.6	251.7408	8.672873	267.55222	82.127174	2065000	-0.0820462	569.525	-8.435557	0.001373884	79.0
414	2472.9077	81.07491	2595.219	2383.181	1000.0	247.6948	9.295376	271.8836	154.45409	2070000	-0.13432305	186.46062	-8.472603	0.05896436	79.0
415	2480.6594	95.13156	2635.9868	2380.595	1000.0	249.60277	9.649261	268.27322	143.68791	2075000	-0.131358	144.94553	-8.562869	0.053432703	79.0
416	2470.261	52.45538	2537.6921	2405.3398	1000.0	251.4542	7.819528	268.8656	192.45761	2080000	-0.032104895	164.80325	-8.564619	0.0884936	8.0
417	2495.1353	25.406141	2540.995	2464.7593	1000.0	249.35216	7.342943	264.82498	202.0296	2085000	-0.039486665	113.21946	-8.560727	0.083747305	6.0
418	2514.483	65.252266	2582.0396	2398.789	1000.0	252.8782	7.576759	269.64307	195.51245	2090000	-0.07617314	122.254776	-8.56089	0.07758734	14.0
419	2462.1375	44.319675	2504.249	2377.8174	1000.0	253.9958	7.5641465	271.0519	197.65614	2095000	-0.07716233	163.33078	-8.563614	0.07714561	14.0
420	2500.8257	75.37577	2606.7148	2372.6245	1000.0	248.93954	10.825541	267.4784	142.50668	2100000	-0.06327885	205.393	-8.576371	0.07533664	11.0
421	2502.5833	49.11886	2578.0708	2431.7126	1000.0	252.84512	8.141492	271.0206	201.44594	2105000	-0.059123427	137.84305	-8.59519	0.07518412	10.0
422	2496.36	59.704132	2593.8318	2420.3096	1000.0	253.4316	6.8754888	269.98193	201.32945	2110000	-0.051383033	113.34905	-8.609347	0.0758345	9.0
423	2485.7322	66.01413	2579.242	2393.0347	1000.0	252.12372	7.892538	267.56888	204.15971	2115000	-0.05423471	130.1811	-8.617003	0.080316424	10.0
424	2571.154	34.441723	2617.616	2515.1436	1000.0	254.0558	7.4584785	269.43756	199.77916	2120000	-0.032540035	143.88945	-8.618142	0.08006524	7.0
425	2515.7114	84.070694	2571.862	2350.271	1000.0	258.4944	8.146232	274.3151	187.27051	2125000	-0.02723366	194.20259	-8.619777	0.09604874	7.0
426	2521.957	47.47533	2583.721	2447.2893	1000.0	254.74715	8.81715	269.76978	205.21027	2130000	-0.03849831	148.5671	-8.620207	0.07971088	7.0
427	2527.5776	29.956411	2564.9736	2484.811	1000.0	255.36905	9.72522	271.99582	158.97392	2135000	-0.0625471	146.29645	-8.62021	0.07669217	11.0
428	2483.9233	84.814415	2566.7927	2335.6724	1000.0	255.62865	8.464526	273.81027	201.32816	2140000	-0.06530995	174.95512	-8.62182	0.08662827	12.0
429	2469.355	58.90705	2537.8672	2371.9111	1000.0	250.49632	8.631524	266.5068	185.55463	2145000	-0.045749728	222.5395	-8.628327	0.08034323	8.0
430	2563.6848	51.368057	2631.381	2473.341	1000.0	251.6822	7.838508	267.41687	188.96994	2150000	-0.05799875	138.47508	-8.643747	0.076167285	11.0
431	2540.8289	39.75314	2609.122	2507.2422	1000.0	258.9777	7.7027454	275.6959	212.28258	2155000	0.020524815	144.98123	-8.646041	0.076822825	1.0
432	2387.125	266.069	2545.0176	1855.7148	1000.0	244.57062	44.791767	271.24216	72.04737	2160000	-0.09907199	389.61914	-8.697126	0.018058298	79.0
433	2547.5352	83.28949	2669.6113	2427.2612	1000.0	253.19376	8.714012	269.71112	205.12117	2165000	-0.060164258	152.2638	-8.70645	0.08144387	10.0
434	2516.2715	51.430634	2597.6597	2450.0142	1000.0	257.80396	8.365211	275.29028	179.34	2170000	-0.006274466	141.82288	-8.7098055	0.08026763	4.0
435	2550.1274	19.415201	2576.702	2529.1519	1000.0	255.03885	7.880322	269.88226	186.80684	2175000	-0.0542307	139.08632	-8.70932	0.07502096	9.0
436	2511.4937	80.50438	2606.9	2389.3022	1000.0	257.3338	7.4980187	276.5002	200.93411	2180000	-0.05117883	156.7678	-8.707702	0.0802046	8.0
437	2551.39	52.407154	2621.1194	2475.9656	1000.0	254.27365	6.8058677	268.74683	193.63908	2185000	-0.049332023	132.46465	-8.704574	0.07732002	9.0
438	2531.9377	48.06922	2593.965	2475.2698	1000.0	258.1122	8.10954	275.28867	204.11862	2190000	-0.051917445	105.58445	-8.710696	0.07668433	9.0
439	2577.164	79.55531	2657.0815	2449.9558	1000.0	257.90604	6.5174847	273.39645	211.71832	2195000	-0.041930623	193.48766	-8.717862	0.08806156	8.0
440	2564.052	88.5068	2648.3481	2449.7993	1000.0	261.09195	9.612041	282.19482	209.9671	2200000	-0.13251357	129.70274	-8.786452	0.029991236	79.0
441	2499.5835	46.716457	2578.1304	2432.393	1000.0	258.63293	9.174565	274.51437	147.55453	2205000	-0.0721256	135.66606	-8.78744	0.07835376	12.0
442	2539.6301	65.465805	2630.587	2442.598	1000.0	255.24037	9.711668	272.418	193.69328	2210000	-0.058411084	225.61542	-8.787635	0.07651152	10.0
443	2559.6072	60.75829	2647.5586	2466.8547	1000.0	257.9903	10.19191	279.88654	155.27554	2215000	-0.13152418	176.76016	-8.844378	0.037407357	79.0
444	2319.6406	454.95322	2613.3022	1422.0166	1000.0	237.61935	55.11016	274.46362	79.75511	2220000	-0.10378236	270.13702	-8.910306	0.024307715	79.0
445	2539.7202	60.18657	2616.915	2463.8916	1000.0	253.20132	9.51529	272.32498	152.08255	2225000	-0.057306245	141.64523	-8.90511	0.0877986	10.0
446	2496.9077	13.303469	2516.669	2482.8518	1000.0	256.88065	9.097865	275.29572	185.61455	2230000	-0.043201994	138.3527	-8.900774	0.07508534	8.0
447	2565.0864	40.60874	2641.5938	2526.2297	1000.0	253.7302	6.8674364	268.4672	208.51993	2235000	-0.024428518	147.23293	-8.90108	0.093711264	6.0
448	2552.1863	73.95579	2647.4036	2469.1191	1000.0	259.1952	9.269766	276.59656	191.41779	2240000	0.031398736	171.54164	-8.901761	0.08665228	1.0
449	2549.0073	64.41546	2643.181	2457.526	1000.0	259.95895	8.645918	276.98654	201.39162	2245000	0.04271842	145.5102	-8.903223	0.08991107	1.0
450	2530.7534	71.80906	2614.497	2429.4316	1000.0	258.2091	7.434199	273.16516	201.28555	2250000	0.07705511	163.09088	-8.9044485	0.17971022	1.0
451	2278.6763	485.577	2568.7947	1316.0624	1000.0	233.38695	56.457916	272.33704	88.76057	2255000	-0.010457976	265.67416	-8.901857	0.08046455	5.0
452	2528.7144	43.66643	2602.2952	2469.3608	1000.0	252.3541	9.598377	271.79205	190.69028	2260000	-0.041423123	140.07523	-8.903448	0.0782333	7.0
453	2601.7117	73.33236	2697.7607	2499.752	1000.0	257.85095	7.867517	273.68884	185.5125	2265000	-0.034353253	155.83897	-8.903657	0.075176015	6.0
454	2498.1147	83.1706	2576.108	2342.469	1000.0	260.95163	9.368969	279.79633	213.11934	2270000	-0.004665258	238.679	-8.90121	0.09049189	4.0
455	2585.9917	78.61336	2679.6316	2479.0762	1000.0	254.8474	9.3203535	272.3646	157.59007	2275000	0.023562934	143.59184	-8.900881	0.07978544	1.0
456	2611.0203	48.31586	2669.9368	2546.4568	1000.0	261.80994	7.747538	278.90103	204.83574	2280000	9.6810625e-05	109.0043	-8.898469	0.075617656	3.0
457	2510.6965	60.504	2580.9648	2428.1743	1000.0	263.51285	7.3325605	281.3435	213.4923	2285000	0.04459275	134.06015	-8.897559	0.10401406	1.0
458	2519.2346	62.264458	2601.4062	2432.8918	1000.0	254.77702	8.730259	271.3503	199.27693	2290000	0.048591428	205.93613	-8.899745	0.1032316	1.0
459	2465.4585	70.30554	2540.4324	2350.751	1000.0	252.24565	18.446526	271.74475	71.45865	2295000	0.025785873	370.7271	-8.899187	0.09211455	1.0
460	2548.8223	72.90427	2631.2039	2429.9287	1000.0	249.06116	10.356069	273.12006	137.9813	2300000	0.030147389	203.14272	-8.900823	0.080028564	1.0
461	2039.6035	576.2642	2577.3257	1325.8373	1000.0	208.28355	76.34439	275.12177	78.963264	2305000	-0.09662739	381.28232	-8.970384	-0.011807343	79.0
462	2568.5637	64.23309	2637.16	2483.7837	1000.0	251.4053	10.515162	270.47443	159.1258	2310000	-0.0890776	178.58534	-8.977886	0.07531602	17.0
463	2543.981	47.59306	2613.755	2471.5981	1000.0	259.14954	9.236553	280.05444	198.66281	2315000	-0.04719289	173.7246	-8.9782295	0.07596628	7.0
464	2551.807	158.61836	2657.3015	2236.8567	1000.0	257.3734	13.016841	278.3205	157.35864	2320000	-0.011477184	278.4882	-8.973699	0.104882926	6.0
465	2384.6177	491.41846	2722.5056	1411.755	1000.0	235.6259	63.78343	276.14053	45.47929	2325000	-0.107976876	312.1395	-9.0198345	0.04517119	79.0
466	2495.7253	95.31941	2637.483	2342.6624	1000.0	259.27692	12.22634	280.59882	137.86656	2330000	-0.13509314	224.93213	-9.056782	0.03948885	79.0
467	2179.469	608.1612	2574.3523	972.15924	1000.0	220.3662	66.72558	272.9196	75.83047	2335000	-0.10190429	421.94095	-9.12939	0.0009513351	79.0
468	2481.1548	103.45606	2577.0444	2288.0999	1000.0	250.525	14.20997	272.3752	118.52515	2340000	-0.13101682	251.12915	-9.159329	0.043698613	79.0
469	2543.5913	94.42376	2634.0493	2361.6526	1000.0	253.42627	9.7414665	272.0693	162.31395	2345000	-0.042503107	231.1521	-9.1602545	0.0785445	6.0
470	2417.0151	250.41415	2613.5723	1926.7191	1000.0	243.13698	46.006645	276.27295	82.66313	2350000	-0.11801345	310.95544	-9.197789	0.035964273	79.0
471	2541.4565	59.291378	2613.2883	2441.5532	1000.0	256.3896	8.461388	282.50165	166.20932	2355000	0.0051575988	132.77043	-9.199503	0.08932152	3.0
472	2501.9778	48.173344	2554.0083	2430.172	1000.0	257.7647	10.4873295	276.38806	147.18286	2360000	0.046480443	201.80624	-9.197795	0.113727	1.0
473	2364.531	499.4964	2725.296	1374.3567	1000.0	234.82835	57.10809	275.14676	87.18641	2365000	0.05612937	352.54297	-9.196132	0.17633197	1.0
474	2608.9873	59.967323	2664.0564	2503.4526	1000.0	259.41806	10.380384	280.33228	188.73547	2370000	-0.041337334	147.31143	-9.1965685	0.07922052	7.0
475	2620.3606	26.646725	2656.5159	2581.399	1000.0	263.29645	8.720554	279.2934	171.65889	2375000	-0.030677667	211.28	-9.200284	0.08707511	5.0
476	2595.653	21.738798	2626.7856	2567.5818	1000.0	265.90366	8.799408	285.62634	216.48253	2380000	-0.023919944	112.47865	-9.203654	0.08103584	6.0
477	2398.0696	377.6351	2637.7573	1652.1521	1000.0	245.3879	53.35584	279.27914	88.20196	2385000	-0.013292999	298.2329	-9.200497	0.08620912	5.0
478	2616.1643	20.092651	2642.5344	2581.8418	1000.0	259.69214	9.858395	277.3497	123.032936	2390000	-0.048577834	112.22926	-9.205703	0.07722525	8.0
479	2563.5542	73.35253	2695.014	2496.2039	1000.0	263.5671	7.953578	279.26996	197.29393	2395000	-0.04493593	169.48962	-9.213681	0.07800214	7.0
480	2585.2563	45.143192	2653.8818	2520.4707	1000.0	260.45804	8.298698	277.30255	193.6182	2400000	-0.045792326	120.030334	-9.222027	0.07777162	7.0
481	2338.4363	452.5927	2658.5486	1438.9811	1000.0	239.44325	57.08951	275.76477	69.08654	2405000	-0.08802514	601.7517	-9.273682	-0.0013491893	79.0
482	2599.3132	64.55098	2684.19	2517.4436	1000.0	250.8114	14.30053	273.293	95.492004	2410000	-0.12539163	240.34058	-9.322855	0.048406206	79.0
483	2575.5234	91.6673	2672.8525	2410.6538	1000.0	262.04	9.946986	281.67905	182.8541	2415000	-0.04339737	148.19684	-9.327087	0.07824381	6.0
484	2624.605	47.858284	2678.2563	2535.6738	1000.0	261.80145	8.776852	282.5525	164.80476	2420000	-0.02023283	179.5179	-9.329899	0.08025123	5.0
485	2413.5366	336.2913	2670.7415	1754.0833	1000.0	248.9981	50.45703	281.11578	88.00556	2425000	-0.03239685	372.25314	-9.328738	0.08184832	8.0
486	2428.8018	212.4605	2577.506	2007.6969	1000.0	244.4737	46.019554	273.63922	72.242836	2430000	-0.114660025	347.25372	-9.383373	0.038503826	79.0
487	2594.5818	124.95766	2725.405	2424.9436	1000.0	255.59615	10.538295	273.8772	134.2732	2435000	-0.021204937	209.21468	-9.387775	0.086084135	5.0
488	2599.255	83.95162	2725.5652	2479.501	1000.0	260.83234	16.091131	279.05945	76.04607	2440000	0.017075727	328.8162	-9.39004	0.07754972	1.0
489	2527.8867	48.877884	2591.4717	2452.2456	1000.0	257.84402	24.520002	278.40683	82.27614	2445000	0.029170124	264.1366	-9.39058	0.102439135	1.0
490	2554.4133	81.19463	2630.8325	2444.3408	1000.0	256.42685	8.858186	271.79385	200.49083	2450000	-0.009469859	156.20906	-9.391333	0.08284316	4.0
491	2630.724	44.336334	2712.3752	2582.5964	1000.0	259.95154	5.9477882	273.64676	214.04659	2455000	-0.04255962	99.71066	-9.388819	0.08018931	7.0
492	2607.2788	88.717705	2711.4717	2463.2363	1000.0	265.32462	6.6037345	284.53	213.95691	2460000	-0.02251965	132.13435	-9.3877735	0.07789313	5.0
493	2592.0396	56.666252	2652.7844	2498.833	1000.0	263.50693	8.344426	278.33978	194.72598	2465000	-0.011015676	159.01195	-9.385101	0.0853687	4.0
494	2521.6626	53.102608	2604.9	2461.0415	1000.0	261.1338	8.689817	276.51437	201.14693	2470000	-0.014733255	169.54955	-9.382401	0.083002046	4.0
495	2611.3687	47.068718	2676.9644	2552.3574	1000.0	258.84055	7.251594	274.42053	212.89966	2475000	-0.01378813	123.8608	-9.38297	0.09209586	5.0
496	2662.7854	17.375195	2684.7825	2634.3723	1000.0	264.46088	6.560405	279.05716	220.73035	2480000	0.03426882	102.399635	-9.383128	0.09048861	1.0
497	2565.5774	116.116554	2654.2634	2345.7996	1000.0	263.6855	29.906708	284.51578	76.32612	2485000	0.028670194	253.43124	-9.383106	0.087119296	1.0
498	2394.5615	348.2803	2687.7559	1710.1903	1000.0	245.051	50.436035	278.03476	67.15049	2490000	0.0300229	438.46484	-9.383312	0.086921774	1.0
499	2640.0862	63.908573	2690.9158	2515.1238	1000.0	258.4717	8.468449	275.60968	128.67847	2495000	0.023236252	165.9872	-9.383403	0.076374434	1.0
500	2620.988	40.122665	2677.3748	2552.6997	1000.0	264.5893	8.745858	284.1415	203.9036	2500000	0.032538597	116.73445	-9.383576	0.0854126	1.0
501	2649.1814	47.46214	2707.4216	2565.7068	1000.0	266.98822	7.939795	282.00583	158.91795	2505000	0.06616863	94.09497	-9.383655	0.11816997	1.0
502	2603.327	51.74278	2664.1235	2523.253	1000.0	267.8236	6.844625	283.55798	220.2897	2510000	0.09140452	115.34389	-9.3842535	0.21686587	1.0
503	2227.641	548.7136	2622.2449	1163.5112	886.4	256.53372	36.855732	277.37277	58.638245	2515000	0.025723536	844.2503	-9.383841	0.1400559	1.0
504	2623.856	74.352234	2729.9797	2541.5083	1000.0	253.8031	10.273284	283.6668	153.1038	2520000	-0.010871646	159.56728	-9.382461	0.08594066	4.0
505	2609.6802	47.735466	2696.8809	2569.589	1000.0	263.79147	7.577796	281.92694	221.41136	2525000	0.03661423	197.83255	-9.381544	0.08028464	1.0
506	2596.7058	59.43713	2646.2043	2490.2754	1000.0	264.39413	9.375612	285.5177	141.10582	2530000	0.046040084	151.92525	-9.381073	0.106516786	1.0
507	2606.5999	30.886257	2634.286	2551.4546	1000.0	263.77673	7.330423	281.16953	199.9721	2535000	0.08120532	127.98404	-9.3816	0.17855051	1.0
508	2670.8777	47.025703	2718.663	2587.1897	1000.0	264.20377	7.692213	281.83627	197.53137	2540000	0.06750439	143.81544	-9.38319	0.13271992	1.0
509	2550.2935	38.18381	2592.3057	2484.7632	1000.0	267.7592	9.488783	286.14465	204.68295	2545000	0.09507325	241.4763	-9.384805	0.22800967	1.0
510	2583.1929	65.07578	2687.2163	2492.6052	1000.0	260.03085	7.768027	277.5977	201.76926	2550000	0.054353986	133.65009	-9.385017	0.10714565	1.0
511	2609.1921	99.20178	2752.4014	2473.688	1000.0	263.18326	7.6794205	281.48535	209.7863	2555000	0.06692811	177.72804	-9.385297	0.12628053	1.0
512	2574.8628	48.90036	2633.0732	2514.2625	1000.0	263.43964	8.983584	284.23987	223.98022	2560000	0.07716483	133.5077	-9.386548	0.18541977	1.0
513	2519.1895	80.0429	2587.6858	2362.5693	1000.0	259.30408	10.109912	278.34613	151.50049	2565000	0.048844874	227.4087	-9.385781	0.12675548	1.0
514	2571.809	57.870827	2624.1433	2462.3408	1000.0	257.6299	7.8251843	277.8194	205.06636	2570000	-0.0031821304	150.99037	-9.386358	0.08805232	4.0
515	2650.6196	40.254383	2726.974	2620.7976	1000.0	260.48456	7.37658	276.4777	202.20064	2575000	-0.0036169288	140.6193	-9.384609	0.07668863	4.0
516	2616.03	65.457565	2687.6724	2526.4517	1000.0	266.75223	6.7996516	282.67117	226.69772	2580000	-0.012337863	151.57507	-9.381561	0.08414496	4.0
517	2396.7476	238.82608	2608.0654	1935.212	1000.0	251.64745	46.361965	284.59863	60.902157	2585000	-0.10964514	318.70648	-9.44809	0.02655723	79.0
518	2586.9575	87.584305	2653.5867	2415.9128	1000.0	253.03955	7.3123565	270.7311	206.55447	2590000	-0.049989134	176.87665	-9.448292	0.091471694	8.0
519	2474.1472	182.39879	2679.127	2136.108	1000.0	249.357	45.00327	281.27988	50.33456	2595000	-0.112119034	354.4499	-9.505822	0.020614821	79.0
520	2520.9187	96.568375	2649.8806	2383.3916	1000.0	256.0242	11.865302	277.49973	168.95175	2600000	-0.0487068	224.17705	-9.5098295	0.07742887	7.0
521	2382.5903	233.39505	2557.7178	1923.3734	1000.0	243.7538	44.699287	273.21945	70.47639	2605000	-0.021625416	328.26065	-9.508743	0.076326124	5.0
522	2594.1792	55.19935	2684.265	2519.3572	1000.0	252.3171	7.901213	267.90817	191.35202	2610000	-0.05367413	199.47365	-9.501743	0.08412711	11.0
523	2554.495	81.537926	2675.5325	2436.5037	1000.0	260.32275	9.642846	277.58588	175.53658	2615000	-0.03880591	161.65884	-9.505348	0.08210435	7.0
524	2577.2832	64.99133	2656.5808	2491.5037	1000.0	258.82233	7.277158	277.6209	213.09357	2620000	-0.021682769	199.67548	-9.506828	0.07964775	5.0
525	2541.5571	95.28142	2709.7102	2446.8967	1000.0	260.43936	9.397655	280.5894	208.31157	2625000	-0.04622124	186.44086	-9.507478	0.07741949	8.0
526	2567.1094	89.79376	2683.108	2435.3828	1000.0	259.60864	9.229798	280.70328	202.3401	2630000	-0.03896497	179.86305	-9.504973	0.077410355	7.0
527	2536.7952	68.94567	2640.673	2444.004	1000.0	260.1079	10.197866	278.7745	203.4783	2635000	-0.13505638	225.0727	-9.566133	0.0323232	79.0
528	2434.9275	503.93277	2752.7021	1431.1678	1000.0	237.38353	57.5908	277.16336	74.95528	2640000	-0.10475591	388.011	-9.624261	0.03783493	79.0
529	2625.1965	57.469784	2693.0044	2541.348	1000.0	264.41058	11.502716	285.14905	184.93748	2645000	-0.06583839	188.23895	-9.625647	0.07847934	9.0
530	2604.6118	74.31723	2702.2615	2506.3113	1000.0	264.87057	10.027231	286.89688	167.17293	2650000	-0.031773686	148.79543	-9.623847	0.079198666	6.0
531	2555.7732	99.89278	2675.545	2392.6023	1000.0	263.65924	8.990068	283.7755	199.86629	2655000	0.009204535	235.89603	-9.622479	0.08936854	2.0
532	2611.6633	56.970985	2716.3398	2550.0767	1000.0	259.40076	10.090554	279.4598	202.91042	2660000	0.030882575	138.5978	-9.623346	0.081477195	1.0
533	2480.7334	338.8136	2767.9604	1823.2573	1000.0	249.26883	49.365707	281.39578	87.33775	2665000	0.04374601	373.00955	-9.623669	0.12277551	1.0
534	2586.787	41.725163	2655.191	2524.1912	1000.0	263.56024	9.41577	284.91367	171.58809	2670000	0.0070443754	229.25085	-9.624905	0.076916315	2.0
535	2689.2026	59.017887	2756.5825	2618.0369	1000.0	263.84985	9.734753	284.6119	186.94392	2675000	-0.13411684	143.7416	-9.684714	0.03395628	79.0
536	2619.4614	71.3671	2728.8374	2524.4885	1000.0	269.9331	9.406945	289.5692	210.8763	2680000	-0.032536674	268.58047	-9.686809	0.08478042	6.0
537	2533.2446	297.1645	2718.7742	1942.0319	1000.0	253.44893	49.327065	285.2644	81.2875	2685000	-0.10409125	350.8597	-9.744468	0.02344296	79.0
538	2628.3486	44.983395	2710.6448	2577.6104	1000.0	265.99283	8.655385	283.5388	188.66411	2690000	-0.03834521	145.90497	-9.744335	0.08877382	7.0
539	2404.9485	457.92905	2656.7495	1489.7522	1000.0	243.4035	55.11535	278.83484	84.529076	2695000	-0.028353028	341.40906	-9.7424755	0.07824777	6.0
540	2381.196	536.25885	2702.9302	1310.9711	1000.0	239.1698	57.245293	283.41843	66.96903	2700000	-0.12265646	388.70346	-9.813116	0.04372498	79.0
541	2659.195	68.94769	2751.075	2546.5222	1000.0	263.48785	11.177689	285.37555	183.35976	2705000	-0.004668636	176.94234	-9.815696	0.08021125	3.0
542	2607.73	85.55223	2732.1782	2492.364	1000.0	267.75766	10.5863905	286.41635	201.22543	2710000	0.05528435	165.29082	-9.81785	0.11926631	1.0
543	2518.3477	395.7978	2761.6738	1730.6185	1000.0	249.31407	51.899647	285.56204	84.57039	2715000	0.0472867	400.73697	-9.817434	0.12830025	1.0
544	2181.4604	874.34186	2711.449	436.4278	840.4	264.8048	12.425013	287.29688	103.81946	2720000	0.021592574	752.5502	-9.819262	0.0909025	1.0
545	2323.9404	667.6729	2697.282	989.6911	1000.0	229.99515	68.72253	296.23584	36.464775	2725000	-0.040119953	337.71182	-9.820274	0.08436774	8.0
546	2624.2576	23.853476	2667.3333	2600.5093	1000.0	265.9932	11.538992	290.02313	57.967598	2730000	-0.02556783	113.533066	-9.823094	0.08052522	4.0
547	2222.2722	582.13544	2776.7883	1481.8303	1000.0	223.12407	75.07342	283.6131	65.36978	2735000	-0.0230741	658.1288	-9.821391	0.0963875	6.0
548	2599.3635	50.76029	2694.5276	2553.0764	1000.0	258.8901	14.249564	283.42978	114.119774	2740000	-0.036308948	199.75322	-9.820507	0.098448046	6.0
549	2390.5132	481.03275	2678.4084	1431.8683	1000.0	241.386	57.565674	284.7318	83.68235	2745000	-0.012790008	302.40427	-9.815841	0.07626983	4.0
550	2307.4368	603.18585	2697.7502	1105.0446	1000.0	234.5542	62.12037	282.94476	69.22539	2750000	-0.018778315	486.5513	-9.815369	0.078634836	4.0
551	2565.5203	53.76192	2658.3826	2510.5374	1000.0	259.2621	14.280189	289.47507	175.96458	2755000	-0.020718629	201.60852	-9.815052	0.076064706	4.0
552	2585.3699	108.74841	2709.044	2397.6633	1000.0	260.28946	9.149876	281.35098	197.40697	2760000	0.025915777	212.2371	-9.815326	0.07782795	1.0
553	2547.3247	82.76431	2641.5637	2395.4692	1000.0	260.37466	13.115581	281.8094	120.43671	2765000	0.05474873	220.4419	-9.816932	0.11897205	1.0
554	2690.4878	19.753181	2712.7708	2662.7622	1000.0	259.09937	8.690772	276.45303	195.5558	2770000	0.07827566	156.77985	-9.817342	0.18932389	1.0
555	2593.7434	97.3869	2717.5352	2464.268	1000.0	271.47888	9.949837	289.89484	147.64685	2775000	0.086866856	165.40738	-9.818463	0.17257816	1.0
556	2561.4316	107.29701	2649.8706	2355.9338	1000.0	261.42	19.29378	283.2622	87.06899	2780000	0.09336004	255.7985	-9.818272	0.25828204	1.0
557	2677.2546	33.803574	2724.1267	2637.5464	1000.0	261.9708	6.293405	277.49203	197.93068	2785000	0.03751725	96.880325	-9.820039	0.07993773	1.0
558	2646.5142	93.79783	2758.0327	2492.9153	1000.0	268.04813	11.4159	283.38953	167.1931	2790000	0.062090147	241.2994	-9.821271	0.17985669	1.0
559	2601.9663	60.61897	2674.8003	2527.3242	1000.0	268.3802	9.069841	284.81537	212.36282	2795000	0.042957045	203.0597	-9.822665	0.10154684	1.0
560	2655.0498	45.580307	2698.4092	2576.5625	1000.0	264.46985	8.078452	282.46744	212.99814	2800000	0.06013628	130.98476	-9.823586	0.12097839	1.0
561	2619.9375	105.03353	2713.208	2418.1064	1000.0	268.1158	8.649922	285.2775	173.14696	2805000	0.092639916	203.25867	-9.82362	0.23123956	1.0
562	2622.9653	29.02005	2659.826	2575.4133	1000.0	265.25702	8.769484	281.86417	211.68474	2810000	0.06684457	136.08763	-9.8249655	0.17031509	1.0
563	2661.2295	63.49933	2716.831	2540.5308	1000.0	264.8073	6.429353	279.12265	217.93883	2815000	0.042664923	151.50676	-9.824179	0.10294648	1.0
564	2640.174	51.286625	2722.2107	2578.595	1000.0	269.04083	7.659411	284.16602	215.5513	2820000	0.059392065	149.4937	-9.824289	0.11107583	1.0
565	2659.7969	80.8248	2726.561	2502.7546	1000.0	268.59866	7.897863	283.76678	208.84221	2825000	0.07107309	128.30843	-9.824244	0.17715228	1.0
566	2638.6528	72.25742	2738.7808	2539.668	1000.0	268.39554	7.6001334	285.27786	193.1784	2830000	0.050789155	128.1332	-9.823435	0.10065858	1.0
567	2701.5774	38.97745	2759.9526	2656.6877	1000.0	267.3734	7.309963	282.6061	183.05742	2835000	0.06009892	57.778576	-9.8228035	0.14329945	1.0
568	2626.2866	111.27739	2727.8022	2416.0867	1000.0	272.21265	7.9817524	286.61807	209.56644	2840000	0.054326672	256.3966	-9.824312	0.13174765	1.0
569	2669.5864	82.71251	2823.7952	2589.2375	1000.0	269.82288	9.677104	289.68857	209.74007	2845000	0.056891676	200.54991	-9.824178	0.109207764	1.0
570	2627.1108	86.98072	2739.4402	2514.8733	1000.0	269.268	10.28452	289.0946	206.96823	2850000	0.070550814	175.61328	-9.825885	0.16237651	1.0
571	2534.925	178.84544	2679.925	2197.65	1000.0	258.00467	38.97867	285.9356	80.93045	2855000	0.051444154	437.1344	-9.825778	0.14884304	1.0
572	2623.6206	58.0145	2695.0767	2529.5537	1000.0	264.17624	9.226806	281.3953	209.66446	2860000	0.04461966	163.108	-9.826286	0.12212278	1.0
573	2688.5264	50.548897	2758.9607	2607.0642	1000.0	265.9974	10.069221	283.12158	94.63816	2865000	0.060992677	177.45677	-9.827534	0.13441268	1.0
574	2637.5884	28.405941	2672.016	2605.9924	1000.0	271.1238	10.529007	289.74286	186.4413	2870000	0.050895516	159.6724	-9.8294935	0.103051364	1.0
575	2656.7212	62.29719	2724.7195	2550.3484	1000.0	268.68564	9.229121	285.81015	210.2901	2875000	0.08157708	182.77872	-9.831595	0.19902156	1.0
576	2705.871	29.605606	2742.869	2655.4749	1000.0	269.2806	7.1774044	286.44608	230.74442	2880000	0.03602547	139.89404	-9.832524	0.076272085	1.0
577	2715.934	50.219757	2776.0154	2627.689	1000.0	273.6034	6.943382	289.31927	219.76625	2885000	0.07683005	138.07146	-9.834105	0.19373284	1.0
578	2697.2778	53.93657	2774.0159	2611.947	1000.0	275.3474	8.178289	291.67267	218.21417	2890000	0.044662863	113.2418	-9.834488	0.09867256	1.0
579	2680.1492	61.659077	2747.7188	2603.6858	1000.0	274.59494	8.23663	295.0071	205.85211	2895000	0.042373635	134.3065	-9.835192	0.10225599	1.0
580	2728.8032	88.49631	2843.271	2571.8694	1000.0	273.3056	6.686391	287.49805	227.97089	2900000	0.04151558	124.38763	-9.8331175	0.095126525	1.0
581	2698.0886	92.629326	2834.7031	2552.8396	1000.0	275.4363	7.207812	292.92725	224.13957	2905000	-0.0055199587	134.73555	-9.835617	0.08829816	4.0
582	2785.8042	50.114784	2851.7922	2709.4946	1000.0	275.4667	7.411294	291.0963	221.44261	2910000	-0.008343572	95.500984	-9.835697	0.09273065	4.0
583	2586.414	189.53583	2753.6584	2219.8352	1000.0	272.0107	35.32267	296.34885	82.38256	2915000	-0.020906312	341.8346	-9.834174	0.076127104	5.0
584	2721.4421	40.365913	2769.711	2663.978	1000.0	269.68076	9.947985	289.3966	160.16101	2920000	-0.12207326	128.41484	-9.861328	0.062349647	79.0
585	2400.392	608.25146	2807.2664	1194.537	1000.0	246.0485	65.33375	292.06833	86.60135	2925000	-0.09664419	381.33484	-9.91234	0.031928126	79.0
586	2704.3342	52.33603	2792.4849	2654.389	1000.0	272.54846	10.322374	291.51807	179.70268	2930000	-0.036965888	124.3402	-9.916842	0.07598902	7.0
587	2713.7104	80.41604	2763.898	2554.5022	1000.0	275.63446	6.8608303	290.5287	217.79568	2935000	0.023852656	94.7785	-9.918027	0.090478055	1.0
588	2657.4226	74.45423	2721.4543	2513.0564	1000.0	273.31326	13.346556	292.64478	84.58458	2940000	-0.034737796	268.1179	-9.918372	0.07605434	7.0
589	2628.0444	283.6691	2856.5017	2068.7136	1000.0	261.05798	43.01435	293.6966	94.620415	2945000	-0.10114977	308.12918	-9.9741535	0.042090144	79.0
590	2738.0293	11.507044	2752.2495	2723.8142	1000.0	275.0659	7.4668093	292.30215	219.9048	2950000	-0.05608524	110.42559	-9.979041	0.076074295	9.0
591	2700.4004	57.504852	2797.5337	2625.4878	1000.0	277.28006	8.76089	293.32184	220.69035	2955000	-0.038614098	172.80713	-9.986037	0.08849941	8.0
592	2696.303	45.687576	2781.564	2649.2205	1000.0	274.4468	8.849989	290.91675	221.42421	2960000	-0.1359099	110.4384	-10.033206	0.047692444	79.0
593	2744.15	43.534504	2814.6467	2677.211	1000.0	274.40955	7.6103563	292.74908	207.32838	2965000	-0.054439075	123.58091	-10.032903	0.08822394	10.0
594	2723.7253	54.1087	2798.106	2666.5757	1000.0	278.49362	6.139	293.1428	233.64424	2970000	-0.048225224	117.595024	-10.028016	0.08380521	8.0
595	2703.458	72.519135	2757.6963	2561.7766	1000.0	276.3	7.0471883	292.5009	234.04643	2975000	-0.026549604	134.1623	-10.028217	0.092223115	5.0
596	2733.8271	114.044426	2877.518	2564.2642	1000.0	275.28375	7.7719827	290.0954	214.71703	2980000	-0.014570896	181.09908	-10.026068	0.076743826	5.0
597	2627.737	260.4087	2796.5247	2112.3074	1000.0	266.6981	41.388115	292.86337	87.10245	2985000	0.018109445	425.0528	-10.025933	0.08795445	1.0
598	2738.782	80.061584	2855.5093	2615.548	1000.0	273.16772	8.828763	291.7724	168.868	2990000	-0.045315906	147.96683	-10.025168	0.076075464	8.0
599	2485.5454	510.9352	2876.627	1480.5942	1000.0	252.85506	61.58798	291.82834	71.472984	2995000	0.0136320125	496.5268	-10.024164	0.07561826	1.0
600	2728.1765	71.695335	2800.079	2594.3413	1000.0	274.43362	9.011044	299.1887	181.11615	3000000	0.025523217	166.2327	-10.02576	0.08428896	1.0
