Epoch	AverageEpRet	StdEpRet	MaxEpRet	MinEpRet	AverageTestEpRet	StdTestEpRet	MaxTestEpRet	MinTestEpRet	EpLen	TestEpLen	TotalEnvInteracts	AverageQ1Vals	StdQ1Vals	AverageQ2Vals	StdQ2Vals	LogPi	LossPi	LossQ	Alpha	LossAlpha	Time
1	20.029945	2.848872	29.965229	9.775283	52.64549	5.724455	64.90252	42.393856	11.564815	39.75	4999	13.400484	8.542443	13.400395	8.542832	0.10273734	-14.609399	0.4430249	0.13031016	0.3911818	36.02261018753052
2	20.01404	3.0082142	35.01991	13.162017	771.24457	2.6778252	776.7595	767.6168	11.801887	1000.0	9999	33.072075	16.11703	33.071754	16.119286	2.2214804	-36.481102	1.486873	0.06118971	0.052555323	93.49468564987183
3	761.2191	23.772625	781.8629	720.89825	894.3537	4.3056865	898.56885	882.9031	1000.0	1000.0	14999	55.981087	21.607363	55.981255	21.607798	2.940814	-60.541527	3.002402	0.041925304	0.002538792	154.89014220237732
4	450.36664	397.3693	894.3432	46.165894	97.84571	3.58235	103.74443	90.12264	529.625	65.95	19999	64.48548	21.346025	64.48552	21.342487	3.0014813	-68.174324	2.6292374	0.042027038	-4.370823e-05	202.8662974834442
5	406.24237	381.59915	893.9028	90.748505	570.09607	382.86798	917.6077	36.782265	432.15384	604.5	24999	69.42146	19.532448	69.4217	19.527618	3.010061	-72.47036	3.2444143	0.04019223	-0.0003887832	261.38883352279663
6	149.9881	216.3047	743.72034	17.513443	537.39734	425.8963	1007.0096	97.53019	168.7	594.55	29999	73.52815	19.190699	73.52804	19.179646	2.9711564	-76.121475	3.5492618	0.04202783	0.0011444199	320.11485624313354
7	657.95734	284.78793	853.05554	93.38037	1004.1791	2.3498015	1007.49677	997.93066	833.6	1000.0	34999	76.343735	18.260994	76.3438	18.25133	3.014757	-78.62702	2.9248984	0.03968744	-0.00054574374	379.7544593811035
8	867.7201	30.87352	900.89185	827.1812	987.32434	53.119324	1014.9271	860.9776	1000.0	1000.0	39999	78.92746	17.465296	78.92739	17.459856	2.9822905	-80.94431	2.4179823	0.035739966	0.0006571375	440.74475622177124
9	376.49786	258.63712	841.70544	149.95554	860.4513	272.17548	1050.7053	143.96616	423.84616	885.45	44999	80.62045	17.09377	80.62029	17.088535	3.0300148	-82.46396	2.0365438	0.0385803	-0.0011348933	501.5386710166931
10	793.85443	320.30933	1122.6836	124.965416	785.2921	185.66882	923.2139	222.363	853.1667	926.95	49999	82.09633	17.163647	82.096115	17.15946	2.956446	-83.77137	1.7422236	0.03654786	0.0015956259	560.4106216430664
11	482.17386	365.96393	1032.5765	125.108345	409.94077	297.558	1049.5768	167.84685	478.0909	367.25	54999	82.73339	16.807697	82.73312	16.803572	3.0086088	-84.27134	1.5408845	0.033704765	-0.00027659602	618.6370310783386
12	432.68515	353.86438	959.42377	93.43424	886.3893	180.68372	945.9081	99.44076	455.36365	958.35	59999	82.922005	16.404366	82.92168	16.40049	3.0001607	-84.3143	1.3992323	0.032866877	-1.0144114e-06	677.1464095115662
13	338.7763	293.21866	937.1454	36.90614	810.6605	445.31876	1291.6754	128.46254	342.7857	640.8	64999	83.04741	16.336851	83.04736	16.33274	2.9998088	-84.33164	1.5259581	0.033732526	1.1062574e-05	735.9029157161713
14	288.2188	224.03548	1111.0303	147.26352	760.435	251.0045	889.3024	218.12837	246.80952	850.65	69999	83.35799	17.29099	83.357834	17.289116	3.0049129	-84.57949	1.3972756	0.036112607	-0.00016419071	796.9590573310852
15	433.5668	194.70676	771.91364	203.0362	814.2301	204.208	906.3798	216.0806	426.27274	904.7	74999	84.210365	17.75793	84.21028	17.755907	3.0015695	-85.39434	1.3688786	0.035862744	-5.1909483e-05	858.2465415000916
16	644.0955	309.93054	1061.98	177.86816	880.41565	117.052315	1028.8068	385.3592	622.0	967.75	79999	85.12941	17.793142	85.12967	17.789686	2.9941993	-86.25103	1.3386757	0.035931822	0.00020742472	917.5949804782867
17	977.6937	115.62598	1077.0817	753.4019	946.28876	50.42229	1026.7268	887.20294	935.6	1000.0	84999	85.99028	17.770342	85.99048	17.76688	3.0057065	-87.05972	1.2810555	0.034893814	-0.00019501049	975.9662733078003
18	1054.1548	51.466877	1128.542	990.5644	1113.0242	12.23868	1132.1646	1079.3134	1000.0	999.1	89999	87.31421	17.592495	87.31429	17.589672	2.9865437	-88.37737	1.2380743	0.033978093	0.00046104493	1034.033187866211
19	481.52133	368.284	1133.1897	125.04828	804.15314	238.17389	930.27783	199.55545	420.75	879.05	94999	89.04247	17.44086	89.04254	17.438534	3.009498	-90.08236	1.1849589	0.03252446	-0.00031378117	1092.7564976215363
20	914.6147	307.99005	1168.9194	366.2141	1172.9397	10.236428	1187.8782	1148.1155	801.5	1000.0	99999	90.45862	17.707785	90.4586	17.704306	3.0085876	-91.44011	1.2182047	0.03648531	-0.0003053586	1152.8892495632172
21	1139.6256	17.964808	1174.0782	1122.2666	1127.8733	51.230785	1153.231	907.3124	1000.0	1000.0	104999	91.64876	17.494776	91.6487	17.492868	2.9986784	-92.58549	1.1537173	0.03812446	5.321498e-05	1213.6518249511719
22	1148.0742	20.374512	1168.2623	1110.7662	1190.2765	17.819689	1218.6771	1152.9381	1000.0	1000.0	109999	92.96397	16.98064	92.96397	16.978168	3.0014215	-93.886536	1.049497	0.036065437	-4.7900103e-05	1273.1781346797943
23	1212.3796	28.55857	1241.658	1158.6796	1249.678	15.968411	1267.3533	1191.9465	1000.0	1000.0	114999	94.31987	16.632437	94.319916	16.629934	2.9949012	-95.20349	0.9706528	0.03636143	0.0001920886	1330.9881777763367
24	1243.3344	36.818558	1296.6497	1195.7155	1261.7395	243.10591	1366.7484	266.58618	1000.0	938.6	119999	95.71042	16.389524	95.7104	16.387705	3.0047152	-96.57289	0.92457753	0.0353397	-0.00016607423	1388.7330763339996
25	1292.8135	21.270058	1325.9874	1261.1772	1284.4915	10.600221	1316.4321	1266.7164	1000.0	1000.0	124999	96.849556	16.048244	96.84952	16.04731	2.988114	-97.661934	0.8746961	0.035177913	0.00042526773	1446.6013541221619
26	1335.515	36.125996	1396.0012	1297.0294	1290.5657	304.5406	1579.3386	445.86426	1000.0	874.2	129999	97.86918	15.795405	97.86914	15.793706	3.0022032	-98.64969	0.8543865	0.033866312	-7.064245e-05	1506.7207474708557
27	1474.9845	44.49724	1540.9521	1430.1708	1501.2379	86.42347	1585.3899	1332.8994	1000.0	1000.0	134999	99.36788	15.645179	99.36772	15.644424	3.0062294	-100.15601	0.7972448	0.035438478	-0.00021616445	1567.2666804790497
28	1543.6809	17.002552	1570.792	1522.3457	1153.2699	437.2784	1742.6207	434.98102	1000.0	676.15	139999	101.406075	15.776471	101.40614	15.775185	3.0152836	-102.19495	0.8158056	0.03873679	-0.0005911726	1626.3734920024872
29	1327.9851	420.45587	1651.2635	549.8982	1652.624	10.025538	1673.3412	1635.2682	832.7143	1000.0	144999	103.83931	15.93809	103.83921	15.936769	3.0054517	-104.63181	0.87866503	0.042818934	-0.0002294415	1684.1486232280731
30	1357.1716	556.72955	1734.9875	249.52911	1589.2156	11.517702	1610.673	1572.4924	828.0	1000.0	149999	106.31456	16.131832	106.31452	16.131271	3.0021052	-107.101234	0.87333983	0.043577045	-9.005566e-05	1742.034128189087
31	1457.7965	266.6528	1691.1693	980.68146	1443.4487	389.30154	1859.9465	275.36996	882.3333	880.15	154999	108.83749	16.43646	108.83745	16.436672	2.9956307	-109.61745	0.9028039	0.043281175	0.0001949889	1799.9617590904236
32	1256.0071	565.87524	1680.6925	236.26509	649.6398	471.15063	1600.0134	204.22879	779.5714	375.9	159999	111.198616	16.659882	111.19856	16.658886	3.000431	-111.9564	0.91310585	0.042503014	-1.4448536e-05	1860.2670032978058
33	970.7627	698.97876	1682.6136	123.82331	771.8472	475.4266	1637.7805	259.31772	580.375	447.35	164999	113.11494	17.261105	113.11484	17.26118	3.00355	-113.877426	0.9686267	0.044063102	-0.00015116952	1920.9251329898834
34	1672.9612	38.341156	1714.1985	1605.6586	1646.1494	52.633976	1686.035	1525.3362	1000.0	1000.0	169999	115.04264	17.792723	115.04269	17.793531	3.0046914	-115.78835	0.95811534	0.045652125	-0.00020990438	1979.8641602993011
35	1410.1132	578.1052	1708.5531	118.65193	1667.5146	39.332817	1701.7556	1572.0945	847.5	1000.0	174999	116.81777	18.20598	116.8176	18.206001	3.0015779	-117.55525	0.99034846	0.04692178	-6.982177e-05	2037.7349309921265
36	1705.889	13.588456	1726.6328	1691.9056	1715.0557	62.458744	1769.1345	1556.9987	1000.0	1000.0	179999	118.77489	18.289597	118.77481	18.289888	2.999066	-119.50548	0.99553615	0.046280324	4.8082817e-05	2095.5155651569366
37	1739.0183	17.282537	1761.7089	1709.4896	1756.4441	11.606748	1774.7244	1735.5111	1000.0	1000.0	184999	120.7794	18.388035	120.77939	18.387606	3.0017402	-121.50464	0.9834509	0.046889845	-7.820585e-05	2153.4681918621063
38	1750.6309	8.843582	1762.4192	1736.2496	1783.2826	11.003723	1807.8221	1762.1211	1000.0	1000.0	189999	122.84649	18.637938	122.84643	18.637629	2.9983153	-123.58115	0.9812012	0.0474887	8.2572384e-05	2213.8335790634155
39	1766.6582	26.389343	1795.3885	1723.5171	1780.2988	8.997442	1793.8263	1762.6649	1000.0	1000.0	194999	124.830666	18.883364	124.83065	18.88188	3.0009654	-125.55498	0.97130126	0.046727482	-4.120766e-05	2274.376711368561
40	1796.2961	14.0695	1813.6986	1779.0521	1670.5375	447.96317	1868.7822	419.22894	1000.0	901.25	199999	126.80829	19.056757	126.80821	19.05569	3.0012708	-127.5274	0.9651107	0.047155153	-5.6784804e-05	2333.3823227882385
41	1795.9482	9.8825245	1814.2312	1785.8156	1802.1377	6.569805	1814.882	1787.591	1000.0	1000.0	204999	128.7625	19.304787	128.76256	19.30342	2.9967	-129.48999	0.9721932	0.046706617	0.00015850698	2391.0390918254852
42	1743.0359	28.714624	1773.1694	1704.8324	1671.9258	7.747185	1681.3619	1646.4868	1000.0	1000.0	209999	132.01877	19.698448	132.01875	19.694904	3.007999	-132.84285	1.0001775	0.047498383	-0.0003781398	2450.899952173233
43	1649.3043	22.30772	1669.2678	1606.5685	1604.3245	49.931305	1649.6575	1512.247	1000.0	1000.0	214999	135.91411	19.70044	135.9143	19.697792	3.0050719	-136.72284	0.9891132	0.051262878	-0.00025203696	2508.912166118622
44	1681.3655	75.32001	1743.0436	1542.4253	1697.4377	31.403162	1724.526	1631.8783	1000.0	1000.0	219999	137.51259	19.484716	137.51248	19.48455	2.9872284	-138.25548	0.9469125	0.049422525	0.0006329925	2569.273508787155
45	1790.0535	11.500044	1810.5496	1777.1354	1852.7012	47.873314	1902.1705	1759.8479	1000.0	1000.0	224999	138.63687	19.46741	138.63683	19.467358	3.00014	-139.38385	0.9116723	0.04673874	-1.6258299e-06	2629.695568084717
46	1802.5902	8.085803	1809.7859	1787.5073	1834.7115	31.748955	1862.365	1727.3501	1000.0	1000.0	229999	139.99872	19.239388	139.99866	19.239927	2.996509	-140.726	0.886007	0.044855952	0.000164217	2688.259511232376
47	1838.823	10.358491	1856.0824	1825.5458	1845.1412	36.53899	1877.6132	1738.1488	1000.0	1000.0	234999	141.23752	19.169779	141.23746	19.169289	2.9989445	-141.96965	0.86269444	0.044839785	5.163784e-05	2745.9850947856903
48	1856.6498	22.64873	1880.6442	1816.4396	1779.7256	29.319172	1803.6102	1695.8193	1000.0	1000.0	239999	142.5521	19.196854	142.55211	19.197206	2.9961112	-143.2616	0.87093914	0.04410088	0.00017378399	2803.6512184143066
49	1709.2125	454.6791	1957.5021	693.94525	1900.7262	351.2574	1991.1445	369.96024	897.6667	960.4	244999	143.61197	19.238348	143.6119	19.237816	3.0053284	-144.31372	0.85430586	0.04429767	-0.0002290924	2861.5474302768707
50	1936.8762	9.888456	1948.2299	1918.8315	1993.6257	11.060807	2011.0372	1967.2191	1000.0	1000.0	249999	145.0327	19.344349	145.03287	19.343552	3.003042	-145.72505	0.8458799	0.044952154	-0.00013476949	2921.978204727173
51	1947.1165	13.508875	1971.9836	1932.4539	2001.8203	9.867877	2015.4592	1978.4042	1000.0	1000.0	254999	146.40842	19.43647	146.40842	19.43655	3.0009015	-147.10437	0.84573174	0.04643713	-3.7199836e-05	2982.3949081897736
52	1549.9752	600.5609	1983.9153	479.9945	1953.1635	12.626905	1979.137	1927.3136	795.1667	1000.0	259999	147.7676	19.440655	147.76764	19.440258	3.0044165	-148.44667	0.8785622	0.046718605	-0.00020677711	3040.662635564804
53	1956.7223	64.238594	2006.6763	1830.5447	1946.6741	15.234388	1973.4685	1919.9204	986.8	1000.0	264999	148.82254	19.724989	148.8227	19.723618	3.0043116	-149.49715	0.91128993	0.049135845	-0.00020974422	3098.2867951393127
54	1971.2444	19.821314	2002.5051	1943.7544	1951.8613	13.407643	1976.664	1929.3772	1000.0	1000.0	269999	149.80264	19.874872	149.80269	19.875051	2.9995503	-150.45586	1.0208452	0.050118804	2.7874135e-05	3156.1504032611847
55	1993.346	22.418303	2029.0933	1964.3907	1930.8909	26.243595	1962.3518	1866.3152	1000.0	1000.0	274999	150.66325	19.811098	150.66333	19.810944	2.9983866	-151.3005	0.97298205	0.049878564	8.5590094e-05	3214.4666752815247
56	2031.9082	12.612074	2047.6051	2012.7844	2017.3578	21.146559	2059.661	1981.938	1000.0	1000.0	279999	151.51743	20.012297	151.51755	20.011326	3.0017354	-152.15434	0.9746557	0.049819127	-8.239398e-05	3274.9454939365387
57	2050.6753	13.398923	2066.2852	2032.2974	2018.6039	12.330478	2041.0471	1977.428	1000.0	1000.0	284999	152.73032	20.117804	152.73026	20.117435	3.000032	-153.37332	0.9544041	0.049793683	1.8437386e-06	3335.3520078659058
58	2071.023	21.898764	2092.5266	2029.9681	2052.0469	19.878632	2079.7625	1995.6095	1000.0	1000.0	289999	154.19348	20.167986	154.1934	20.168018	3.002377	-154.83865	0.9565629	0.049869977	-0.00011736927	3393.5481362342834
59	1940.8168	243.4661	2087.423	1454.7324	2017.4802	329.1799	2124.9695	585.1724	941.4	964.65	294999	155.54024	20.079746	155.5403	20.079496	2.997104	-156.16797	0.9636836	0.050489992	0.00015198153	3451.2596294879913
60	2077.4453	5.4252725	2086.2522	2071.7542	2087.5317	13.5755005	2114.852	2048.2559	1000.0	1000.0	299999	156.61647	20.196323	156.61655	20.195606	3.0037618	-157.22728	0.92799276	0.049868707	-0.0001882565	3509.2546877861023
61	2077.8445	21.323309	2098.6606	2039.8397	2115.114	12.082799	2132.5442	2086.768	1000.0	1000.0	304999	157.49593	20.333227	157.496	20.33295	2.9993668	-158.0889	1.0113603	0.051948797	3.7218815e-05	3567.820031642914
62	1925.0322	398.28354	2111.0588	1034.4843	2071.25	10.705653	2090.266	2047.6781	922.0	1000.0	309999	158.45921	20.528305	158.45917	20.52656	2.9981747	-159.07288	0.926743	0.05123276	9.7070595e-05	3628.220894098282
63	2080.8643	6.0934615	2088.0457	2071.2168	2058.8706	12.357633	2094.4448	2039.5083	1000.0	1000.0	314999	159.29002	20.828363	159.29018	20.827864	3.0043976	-159.88123	1.0021856	0.051347144	-0.00022408673	3688.548099040985
64	2072.5508	12.108897	2083.579	2050.2773	2078.296	10.165965	2095.2805	2060.7375	1000.0	1000.0	319999	160.19095	20.824682	160.1909	20.825071	2.996736	-160.7834	1.0237244	0.052184954	0.00017498028	3746.242740392685
65	2112.6294	10.667287	2130.4412	2098.6802	2145.8132	10.61086	2170.5151	2126.4895	1000.0	1000.0	324999	161.30724	20.685736	161.30731	20.68526	3.0001671	-161.89857	1.013625	0.05129367	-5.3267477e-06	3803.861335992813
66	2128.6184	16.691257	2156.858	2110.838	1920.5774	442.7328	2163.1526	621.62305	1000.0	898.25	329999	162.37271	20.820578	162.37268	20.820719	3.0014176	-162.95413	1.0352509	0.05143252	-6.9992755e-05	3861.76003241539
67	1983.5297	296.33975	2150.5483	1391.2451	2124.8257	13.270217	2148.1318	2102.4316	932.4	1000.0	334999	163.16768	20.9121	163.16776	20.910496	3.0028908	-163.73662	0.98692423	0.053135924	-0.00014956293	3920.8888578414917
68	1993.7904	270.32626	2148.2932	1453.5326	2028.767	383.99265	2129.7988	355.32913	942.8	959.9	339999	163.99602	20.84322	163.9961	20.842735	3.0049126	-164.56143	1.0230119	0.055671465	-0.00026837082	3981.372403383255
69	2115.2378	14.948302	2142.1748	2100.6804	2132.8306	10.703104	2156.5793	2113.25	1000.0	1000.0	344999	164.50603	20.957737	164.50603	20.957315	3.000892	-165.04958	1.1053607	0.056246765	-4.6340734e-05	4041.1727588176727
70	2108.0398	11.292191	2120.1863	2090.7563	2137.673	11.340674	2166.5356	2124.2253	1000.0	1000.0	349999	164.95558	20.994913	164.95564	20.993643	3.0004354	-165.48132	1.0230863	0.056996882	-2.152338e-05	4098.850849151611
71	2111.0234	13.811863	2128.7654	2087.1694	2157.3047	8.422416	2170.728	2136.2207	1000.0	1000.0	354999	165.40323	20.9331	165.40326	20.933044	3.0008655	-165.92001	1.0628644	0.057325896	-4.6010144e-05	4156.580437660217
72	1949.1276	393.41122	2141.0464	1069.9949	2132.9602	8.150397	2148.0479	2109.0278	922.3333	1000.0	359999	165.95116	20.803925	165.95134	20.803127	2.9953637	-166.46788	1.0602666	0.057398107	0.000265484	4214.187221050262
73	2108.5044	15.010666	2129.2983	2084.1936	2126.5884	20.586405	2143.4268	2039.8313	1000.0	998.75	364999	166.54677	20.862446	166.54677	20.861917	3.0008402	-167.05106	1.0298508	0.055642627	-4.2465854e-05	4273.5968697071075
74	2113.9434	7.26035	2124.5117	2105.895	2153.8938	26.670555	2180.9243	2049.0732	1000.0	997.85	369999	167.11032	20.772566	167.11029	20.772486	3.0020735	-167.59572	0.9926242	0.05584044	-0.00011298335	4334.049689054489
75	2111.9011	11.252412	2129.392	2099.0137	2066.5483	242.2276	2139.2163	1011.76483	1000.0	974.65	374999	167.6438	20.779232	167.64386	20.779009	2.997863	-168.12701	0.998999	0.056285266	0.00012384511	4393.552610874176
76	1778.1732	424.40213	2135.7146	1181.36	2046.2344	437.032	2160.721	141.66777	841.6	954.75	379999	168.26027	20.835531	168.26033	20.835205	2.9990597	-168.74231	0.99252206	0.05622658	5.58476e-05	4451.271053791046
77	2100.688	13.205729	2118.9402	2086.3203	2078.1638	306.76227	2160.6167	741.58405	1000.0	968.8	384999	168.78723	20.857285	168.7873	20.857231	3.0024943	-169.26712	1.01264	0.05603749	-0.00013541618	4508.832924604416
78	1855.5638	546.9991	2109.3362	632.5198	2113.9866	9.99882	2141.8193	2098.1309	889.0	1000.0	389999	169.20064	20.8171	169.20076	20.816467	3.0029597	-169.66245	1.0920829	0.05585392	-0.00016573569	4566.409650087357
79	1637.9994	772.83356	2142.8887	83.99252	2058.3726	220.60359	2126.759	1098.1451	781.7143	977.45	394999	169.43187	20.971075	169.43193	20.970842	2.9979815	-169.88264	1.0604172	0.05727528	0.00011996453	4626.226912736893
80	2089.7192	24.988968	2124.6284	2053.2485	2141.459	11.130267	2156.0034	2113.3608	1000.0	1000.0	399999	169.61649	20.953787	169.61647	20.953741	3.0020695	-170.05164	1.1413836	0.05721941	-0.00011495335	4686.628986597061
81	2091.7434	18.323292	2117.032	2062.022	2097.8035	13.0303545	2131.334	2065.0232	1000.0	1000.0	404999	169.80869	20.911242	169.80853	20.910835	2.999532	-170.24867	1.1126041	0.0578844	3.0579602e-05	4745.662140846252
82	2019.5436	185.57304	2124.15	1648.7312	2147.1675	11.870184	2167.1125	2120.273	959.8	1000.0	409999	170.27333	20.784348	170.27339	20.78385	3.0011141	-170.69722	1.1300948	0.056923755	-6.128497e-05	4803.311984300613
83	1954.7239	193.55115	2124.2434	1652.3757	2149.1436	12.619593	2174.2441	2127.0415	934.4	1000.0	414999	170.44238	20.807852	170.44232	20.808386	2.9996488	-170.8507	1.1400603	0.058280516	2.4753028e-05	4861.0748455524445
84	2104.6929	5.249015	2111.567	2099.817	2072.733	264.34897	2152.3262	921.28595	1000.0	973.1	419999	170.58884	20.815424	170.58888	20.815992	3.0001614	-170.98119	1.187662	0.058579553	-5.6240438e-06	4918.927880525589
85	2052.038	109.99237	2126.081	1833.296	2149.9163	11.395772	2166.9211	2130.8042	976.4	1000.0	424999	170.88133	20.828657	170.88144	20.827961	2.9973738	-171.293	1.163345	0.057976343	0.00015452251	4978.989517450333
86	2131.691	13.76939	2144.0764	2107.593	2138.7964	9.984127	2157.1194	2119.5728	1000.0	1000.0	429999	171.2258	20.973333	171.22577	20.973671	3.0032666	-171.6237	1.1114726	0.057740528	-0.00018558686	5039.544154167175
87	2117.2524	15.36038	2141.978	2094.0278	2135.1763	8.36923	2152.061	2120.7983	1000.0	1000.0	434999	171.63335	20.886826	171.63348	20.886602	2.9967144	-172.03238	1.1748405	0.05734161	0.00019361552	5098.604553461075
88	2127.0466	12.0192	2138.2	2107.6438	2153.2551	12.789376	2175.9944	2127.7422	1000.0	1000.0	439999	171.9804	20.880072	171.98024	20.880861	2.9958684	-172.3756	1.0425061	0.055975307	0.00023366488	5156.29371213913
89	2125.441	6.846228	2137.8757	2118.256	2168.0269	15.995819	2203.2688	2135.6782	1000.0	1000.0	444999	172.52762	20.821411	172.52776	20.820683	2.9990633	-172.92094	1.0264906	0.05490578	5.3525626e-05	5214.101253032684
90	2113.1313	52.54004	2151.8955	2009.0237	2133.88	11.637155	2149.8105	2103.3643	990.2	1000.0	449999	173.22331	20.74238	173.22333	20.74149	3.0005093	-173.61827	1.0638281	0.053997364	-2.4143159e-05	5271.809453487396
91	2135.803	19.22994	2170.7212	2112.3188	2177.5486	8.951936	2199.967	2163.1277	1000.0	1000.0	454999	173.9755	20.76541	173.97545	20.76622	2.9994693	-174.37749	1.0776572	0.05242198	3.1953503e-05	5332.358670949936
92	2139.352	14.910742	2156.434	2120.69	2193.4	13.929511	2218.3652	2159.464	1000.0	1000.0	459999	174.68709	20.792948	174.68718	20.794281	2.9977176	-175.0813	1.248347	0.05301817	0.00012527264	5392.9105014801025
93	2142.382	3.918465	2146.7898	2135.3376	2137.3677	10.78349	2157.4375	2112.5652	1000.0	1000.0	464999	175.3212	20.796011	175.32127	20.796556	2.9999087	-175.71582	1.2418736	0.052825868	7.924306e-06	5451.727533817291
94	1908.9515	521.9515	2151.6597	741.87366	2107.2883	11.72384	2131.3357	2086.0967	893.5	1000.0	469999	175.99492	20.658478	175.99496	20.6597	3.0006654	-176.38922	1.0349958	0.05265703	-3.224854e-05	5509.664197921753
95	2151.5479	11.306001	2161.6309	2131.4363	2181.8538	11.019994	2196.6047	2161.4092	1000.0	1000.0	474999	176.77588	20.475	176.77577	20.47579	2.9953847	-177.1668	1.1152054	0.05100925	0.00024217674	5567.623495340347
96	2160.5417	9.062987	2173.0989	2147.9226	2191.123	12.935141	2211.541	2166.6304	1000.0	1000.0	479999	177.2775	20.634459	177.27748	20.633564	3.001792	-177.65472	0.9814195	0.051659357	-8.807229e-05	5625.611691951752
97	2146.8218	10.941249	2162.386	2128.8674	2079.766	382.82553	2196.8188	413.06174	1000.0	960.5	484999	177.8254	20.540758	177.82541	20.541437	3.0004811	-178.2167	1.1910014	0.05191274	-2.1759715e-05	5686.3191177845
98	2146.221	18.79497	2172.5537	2119.949	2152.688	12.852196	2180.668	2123.498	1000.0	1000.0	489999	178.27646	20.477419	178.27649	20.477798	2.9984071	-178.6553	1.1743054	0.052062914	8.5328844e-05	5746.938804149628
99	2135.109	12.3858385	2151.6074	2117.658	2179.4692	11.502692	2195.6846	2150.383	1000.0	1000.0	494999	178.75256	20.454618	178.7526	20.454166	3.0006754	-179.1309	0.9966282	0.05132641	-3.1368338e-05	5805.581827640533
100	2147.5703	9.727756	2162.0667	2133.4124	2138.0127	13.431087	2165.9778	2110.0674	1000.0	1000.0	499999	179.26247	20.428701	179.26242	20.429628	2.9983222	-179.64235	1.0366244	0.049950734	8.8811365e-05	5863.56546163559
101	2131.9656	20.254034	2157.1626	2104.3105	2177.6763	13.575245	2202.8232	2153.8433	1000.0	1000.0	504999	179.71938	20.294575	179.71927	20.295063	3.0040576	-180.08943	1.0127686	0.051605787	-0.00020544205	5921.376458406448
102	2131.3284	9.247506	2141.0244	2117.5295	2132.784	15.0707035	2159.4421	2100.76	1000.0	1000.0	509999	180.09785	20.15863	180.09785	20.159039	2.9971645	-180.47107	1.0041959	0.05195016	0.00015058876	5979.522220611572
103	2151.0127	12.0463915	2171.9167	2137.0771	2101.2021	359.0012	2215.3274	538.2882	1000.0	963.05	514999	180.41397	20.283585	180.414	20.284407	2.9986022	-180.78693	0.9685825	0.05056001	7.431379e-05	6040.096505403519
104	2153.0806	16.484123	2170.1223	2122.4714	2179.281	11.646543	2201.872	2159.694	1000.0	1000.0	519999	180.95802	20.087091	180.95795	20.08727	3.003162	-181.31613	0.98398507	0.05105401	-0.00015850183	6100.847148656845
105	2148.541	12.010676	2161.8057	2128.7163	2178.7554	8.586713	2194.798	2159.2869	1000.0	1000.0	524999	181.32265	20.113842	181.32254	20.113495	2.9960938	-181.681	0.93423516	0.051350635	0.00020276698	6159.380038499832
106	2160.6016	6.822518	2169.1692	2149.3171	2180.0728	8.899992	2194.939	2157.0964	1000.0	1000.0	529999	181.5042	20.062872	181.50421	20.062624	3.001889	-181.85056	0.9544675	0.051471557	-9.252265e-05	6217.284865856171
107	2152.5566	7.9266815	2168.2651	2147.405	2146.7297	82.633736	2185.991	1788.4539	1000.0	992.05	534999	181.69002	20.02145	181.68999	20.021334	3.0008225	-182.03343	1.0800886	0.049755197	-3.7765527e-05	6275.128304719925
108	2151.4175	13.650348	2169.7898	2135.99	2177.2085	11.602538	2199.4712	2155.3474	1000.0	1000.0	539999	182.04568	19.959667	182.04567	19.960968	2.997961	-182.39175	1.031301	0.050946962	0.00010693824	6333.28994679451
109	2164.8196	14.900454	2186.1494	2145.7407	2175.0693	15.556619	2199.728	2146.443	1000.0	1000.0	544999	182.36853	19.91033	182.36858	19.91058	3.003603	-182.70335	0.9946493	0.0522174	-0.00018080935	6393.933686256409
110	2157.3652	14.657862	2176.441	2133.4153	2210.9517	9.833211	2228.9036	2189.2124	1000.0	1000.0	549999	182.52971	19.861656	182.52963	19.862165	2.9968507	-182.86772	1.0180205	0.051597588	0.00016477128	6454.576531887054
111	2167.5684	6.1112294	2175.841	2157.091	2195.0527	7.322085	2207.5876	2184.9673	1000.0	1000.0	554999	182.79128	19.796104	182.7913	19.796383	3.002038	-183.1276	0.913808	0.051235944	-0.00010063193	6512.718614816666
112	2165.8208	20.644922	2184.5352	2126.9255	2203.7927	13.723702	2222.273	2168.3438	1000.0	1000.0	559999	183.11487	19.727386	183.115	19.72697	3.0002337	-183.44643	0.85109884	0.052140623	-9.1876445e-06	6570.693991184235
113	2156.731	7.9616995	2168.485	2144.0493	2137.4006	264.7098	2216.4524	984.3552	1000.0	972.95	564999	183.42296	19.691418	183.42294	19.692411	2.9978657	-183.74754	0.8620154	0.050830975	0.00011229515	6628.443706274033
114	2155.9946	13.411188	2180.384	2141.374	2151.7075	15.323018	2183.8298	2122.8186	1000.0	1000.0	569999	183.79674	19.536648	183.79674	19.537739	2.9998007	-184.1278	1.1190403	0.050256066	1.339336e-05	6686.917409658432
115	2171.4907	16.210783	2191.804	2148.0662	2213.649	10.859255	2235.6655	2196.5718	1000.0	1000.0	574999	184.05829	19.448545	184.05824	19.448933	3.0004828	-184.3803	0.92743105	0.051274877	-2.152071e-05	6747.399890899658
116	1978.1692	412.76312	2205.8674	1153.0089	2174.6118	9.389863	2194.2764	2155.6423	910.6	1000.0	579999	184.2199	19.411366	184.21991	19.412174	3.0015893	-184.53188	1.0013227	0.050753012	-7.726314e-05	6808.0540335178375
117	2183.905	12.336728	2199.5159	2168.6604	2213.232	5.560887	2224.435	2201.974	1000.0	1000.0	584999	184.44673	19.40691	184.4467	19.40698	2.9978042	-184.75961	0.84122044	0.050180946	0.000114864764	6866.167329311371
118	2178.184	8.086614	2189.5398	2164.4065	2201.528	8.066462	2218.4192	2189.1157	1000.0	1000.0	589999	184.81416	19.434954	184.81412	19.437239	3.0012867	-185.13055	0.94475096	0.050104227	-6.243415e-05	6923.8581802845
119	2177.4282	6.520052	2184.588	2168.5178	2209.3389	13.812111	2246.2625	2178.9849	1000.0	1000.0	594999	185.08075	19.33935	185.08083	19.337915	2.9995394	-185.39508	0.84555644	0.05092646	2.6432974e-05	6981.622530460358
120	1852.5092	714.4849	2186.992	255.0888	2179.8599	178.60785	2244.6646	1404.0209	860.1667	982.4	599999	185.30939	19.13474	185.30933	19.136166	3.000483	-185.60695	0.9823248	0.050975397	-2.1303207e-05	7040.205543994904
121	2002.7189	368.29938	2191.6694	1180.0085	2203.3796	13.135075	2224.9856	2175.6406	926.3333	1000.0	604999	185.41191	19.220299	185.41185	19.220915	3.0009031	-185.69714	0.8935825	0.051899184	-4.365088e-05	7100.664227485657
122	2181.5027	18.72523	2203.2236	2150.084	2092.0664	371.28033	2198.8699	474.47543	1000.0	962.4	609999	185.28702	19.457523	185.2871	19.459093	2.9978645	-185.5652	0.97402745	0.051669616	0.00011169612	7161.0014135837555
123	2166.3594	13.76107	2184.6782	2146.3958	2204.455	10.070507	2222.8323	2189.0498	1000.0	1000.0	614999	185.33203	19.330875	185.33203	19.332315	3.0021973	-185.614	1.0387923	0.052024163	-0.00010907543	7218.700633049011
124	2161.1792	10.597033	2175.1707	2146.9695	2186.6992	9.974964	2204.686	2160.9404	1000.0	1000.0	619999	185.38196	19.384125	185.38197	19.385054	2.9982617	-185.64781	1.0655581	0.05151256	9.1594644e-05	7276.397339344025
125	2168.9104	9.735613	2183.7031	2153.4893	2201.3699	9.047425	2222.9392	2185.5596	1000.0	1000.0	624999	185.5228	19.248241	185.5227	19.24872	3.0051804	-185.80048	0.9052533	0.052621387	-0.00026587938	7334.082951307297
126	2178.6216	7.9631925	2189.817	2170.2898	2167.6575	12.949899	2194.5623	2133.5828	1000.0	1000.0	629999	185.60114	19.115812	185.60112	19.11763	2.9989386	-185.8668	0.90491533	0.053019397	5.9578575e-05	7393.1829245090485
127	2179.5464	9.729536	2191.8718	2165.3137	2153.1216	73.80006	2181.5603	1833.316	1000.0	992.65	634999	185.68855	19.203629	185.68845	19.204332	2.9973311	-185.9551	0.81715983	0.051849745	0.00014164334	7453.591077804565
128	2173.0942	15.456258	2192.841	2156.2688	2192.7803	10.352621	2211.1545	2171.256	1000.0	1000.0	639999	185.99185	19.190891	185.99176	19.191881	2.9982257	-186.26538	0.921015	0.05043088	9.342289e-05	7513.659977197647
129	2173.0674	12.274038	2193.3076	2158.3118	2135.6643	258.22955	2212.5725	1011.2088	1000.0	973.85	644999	186.33397	19.129885	186.33403	19.129948	3.0000622	-186.60104	0.8972003	0.05053634	-2.1317005e-07	7571.521007537842
130	2194.9595	13.050519	2206.9993	2177.1387	2132.8455	342.4012	2229.2148	641.1285	1000.0	966.1	649999	186.7719	18.987986	186.7718	18.98902	2.997616	-187.05038	0.82859063	0.050287627	0.000121878125	7629.375035524368
131	2183.2466	8.726798	2196.3875	2169.7832	2184.5706	10.730529	2200.6663	2155.4702	1000.0	1000.0	654999	187.18034	18.946356	187.18028	18.94756	2.9986033	-187.4472	0.89963615	0.049371302	7.1539725e-05	7687.0808935165405
132	2050.1924	278.08218	2201.061	1494.3983	2225.5674	9.473615	2239.6948	2210.5806	940.4	1000.0	659999	187.5676	18.849186	187.56752	18.849066	3.0022378	-187.83047	0.82618535	0.04897782	-0.00010704529	7746.2977838516235
133	2193.1243	11.154689	2208.1545	2173.812	2206.8203	12.056671	2230.207	2179.0344	1000.0	1000.0	664999	187.92142	18.912926	187.92137	18.914639	2.9940982	-188.19452	0.9317561	0.04869488	0.00028873043	7806.7744953632355
134	2185.0972	16.621878	2205.1384	2164.1147	2217.7036	12.14975	2238.3943	2191.4243	1000.0	1000.0	669999	188.18767	18.96142	188.18755	18.963285	3.0025387	-188.45212	0.959657	0.048698317	-0.00011704425	7866.559124708176
135	2098.535	182.57243	2198.3137	1733.5605	2010.0559	545.4745	2256.5469	566.8568	962.4	900.3	674999	188.42531	18.844395	188.4254	18.844604	2.998249	-188.68156	0.8097487	0.04792073	8.6770066e-05	7924.225110054016
136	2194.8	12.66376	2210.7485	2177.54	2222.2317	11.276166	2243.7625	2198.141	1000.0	1000.0	679999	188.60873	18.991041	188.60875	18.991102	3.006466	-188.8651	0.99166983	0.049901806	-0.00031343623	7981.928866147995
137	1943.9746	554.0133	2211.775	705.4192	2181.402	11.259583	2201.0493	2158.0107	890.5	1000.0	684999	188.74237	19.037983	188.74239	19.038942	2.9996955	-188.99275	0.90519804	0.04978654	1.8458999e-05	8039.7640590667725
138	2192.9854	5.9052815	2200.0786	2182.9417	2196.2603	12.326294	2219.7385	2177.7932	1000.0	1000.0	689999	188.77309	19.099674	188.7731	19.100594	2.996197	-189.01433	0.885462	0.049464487	0.00019185214	8099.490854024887
139	2172.2573	24.954205	2194.9648	2123.818	2084.2788	460.1231	2208.6567	79.249405	993.4	952.7	694999	188.95236	18.846382	188.9524	18.846933	2.9999597	-189.19403	0.83429456	0.049364407	5.401552e-06	8159.96214723587
140	2191.1611	7.5900564	2202.1025	2178.7349	2184.5361	154.70796	2239.935	1511.7097	1000.0	984.3	699999	189.08371	18.950304	189.08376	18.950323	3.000988	-189.3313	0.8481141	0.048173517	-4.4886983e-05	8219.335976839066
141	2180.4146	4.999024	2185.8057	2171.3704	2161.6252	10.965111	2185.7842	2139.7634	1000.0	1000.0	704999	189.20068	18.985409	189.20067	18.986465	2.998519	-189.439	0.91775256	0.0489641	7.6038836e-05	8277.08915257454
142	2186.6204	2.9017134	2191.671	2182.6333	2175.6626	8.125827	2190.2156	2158.5881	1000.0	1000.0	709999	189.34828	19.014511	189.34828	19.01332	3.0025425	-189.58618	0.85972947	0.04943617	-0.00012090645	8332.022011518478
143	2192.0933	14.087758	2216.599	2178.0657	2200.4802	17.1082	2226.9387	2162.0515	1000.0	1000.0	714999	189.52783	18.656567	189.52779	18.657837	2.996938	-189.76183	0.87857676	0.04854853	0.00015333893	8392.16771888733
144	1930.9414	501.26334	2199.54	818.7633	2174.9175	156.79575	2237.0803	1540.4685	887.5	980.6	719999	189.77292	18.70445	189.77284	18.704453	2.9989839	-190.01683	0.7859199	0.04832034	5.2007883e-05	8452.715300321579
145	1907.9519	596.7699	2224.457	714.6521	2088.6355	268.72998	2172.905	918.7046	868.4	972.15	724999	190.06293	18.712542	190.06302	18.713488	2.999172	-190.30208	0.8585898	0.047664396	4.2507945e-05	8511.826707601547
146	2153.0305	21.998455	2183.5771	2123.7236	2122.3953	464.28143	2246.775	99.14525	1000.0	953.4	729999	190.16534	18.77165	190.16531	18.771866	3.0024757	-190.3825	0.93159056	0.048020955	-0.00011561555	8569.586098194122
147	2183.3872	10.8001585	2198.4648	2166.3425	2225.6887	10.011596	2252.699	2209.5828	1000.0	1000.0	734999	190.06178	19.114077	190.06189	19.115221	3.0024939	-190.28276	0.97967654	0.048795134	-0.000119028686	8627.417488336563
148	1885.0958	653.21735	2192.3337	424.55298	2091.4172	460.47644	2226.8845	85.438644	867.5	953.3	739999	190.17091	19.069332	190.17087	19.069662	2.9958668	-190.38976	0.861907	0.04849021	0.00020471944	8685.15118598938
149	2190.6675	10.718717	2207.385	2175.1199	2195.3413	12.024822	2220.1648	2171.981	1000.0	1000.0	744999	190.3287	19.024626	190.32877	19.023655	3.0051312	-190.5453	1.011552	0.048737664	-0.00024678296	8745.398971319199
150	1797.6617	639.1575	2205.1416	457.8845	2199.587	16.651407	2224.6865	2155.9714	830.0	1000.0	749999	190.32774	18.904772	190.32773	18.905157	2.9993525	-190.52782	0.924727	0.050904017	3.5854602e-05	8805.779846668243
151	2030.6019	290.47073	2204.1687	1450.4749	1999.6418	481.8903	2252.4285	643.37604	934.8	899.85	754999	190.2704	18.992645	190.27039	18.993366	2.9988792	-190.47444	0.9474194	0.050305203	5.917852e-05	8864.468809366226
152	2059.6794	295.98187	2197.7935	1397.936	2123.8171	192.34325	2193.6577	1319.4006	941.1667	976.2	759999	190.33209	19.083504	190.33215	19.084885	3.0010746	-190.53755	0.9637514	0.049317285	-5.0153623e-05	8922.1353931427
153	2181.0396	17.582218	2198.5967	2154.8633	2108.4272	380.6742	2234.321	479.99973	1000.0	956.35	764999	190.4315	19.089888	190.43166	19.091131	2.9998689	-190.639	0.971766	0.050257657	9.887194e-06	8979.774006128311
154	2185.2458	4.286412	2193.0046	2181.2476	2138.4243	328.14835	2241.999	709.4869	1000.0	967.3	769999	190.52466	18.931223	190.52461	18.931162	3.0019476	-190.72945	0.85378045	0.04945692	-9.4526506e-05	9037.62977528572
155	2189.0068	12.225004	2205.4167	2170.3816	2205.3381	15.522714	2227.4084	2171.5752	1000.0	1000.0	774999	190.6928	18.708603	190.69286	18.709326	2.999137	-190.89827	0.9550772	0.050331354	4.743472e-05	9098.135141134262
156	2182.6685	18.724533	2208.1453	2159.897	2144.6023	10.485188	2169.0366	2128.5598	1000.0	1000.0	779999	190.72153	18.70556	190.72148	18.70704	2.9980323	-190.9222	1.0749514	0.04979099	0.000101785925	9158.709912538528
157	2160.9956	21.31127	2194.5012	2128.45	2203.6926	12.074776	2228.7336	2185.2666	1000.0	1000.0	784999	190.9412	18.514256	190.94133	18.515272	2.9979656	-191.14023	0.9134831	0.049250886	0.00010238252	9217.10479426384
158	2139.303	88.45105	2190.588	1963.0125	2057.8052	367.5826	2227.367	1004.36145	986.0	936.75	789999	191.04579	18.453985	191.04568	18.455528	2.9995337	-191.22958	0.94811946	0.04935006	2.5654912e-05	9274.751646518707
159	1930.293	517.4108	2193.6333	895.4907	2151.4854	259.74466	2225.3103	1020.1278	884.4	973.7	794999	191.19943	18.464687	191.19963	18.464636	3.0019984	-191.40007	0.97166896	0.047584075	-9.3267605e-05	9332.384949445724
160	2194.6921	16.916096	2210.448	2162.173	2190.6777	11.65528	2211.5447	2168.3396	1000.0	1000.0	799999	191.45178	18.425936	191.45164	18.427584	2.9948735	-191.64789	0.96102434	0.04700316	0.0002483577	9390.523139476776
161	2175.7544	20.91718	2197.8674	2136.6091	2154.0308	200.74887	2238.9373	1281.7242	1000.0	980.35	804999	191.61191	18.773188	191.61186	18.773752	3.003356	-191.81633	0.96315056	0.046954077	-0.00015516904	9450.99448466301
162	2193.7341	8.583423	2209.9912	2184.3962	2045.6438	371.52106	2194.6042	590.8569	1000.0	942.9	809999	191.91237	18.56955	191.91223	18.570778	3.0000072	-192.11188	1.1298926	0.047681067	3.2530338e-06	9511.486878156662
163	2190.9282	8.197084	2204.8103	2182.5474	2135.9749	218.44002	2204.5027	1185.1394	1000.0	978.2	814999	192.04967	18.420908	192.04968	18.420994	2.9957457	-192.24565	0.9149754	0.046882838	0.0002032804	9569.53869009018
164	2176.234	16.472305	2194.4446	2147.1611	2005.1858	478.12894	2181.8284	508.55777	1000.0	928.65	819999	192.2698	18.508495	192.26985	18.509125	3.0025854	-192.4701	0.9002652	0.046397004	-0.00011735772	9627.422618150711
165	2184.1675	8.644215	2192.4563	2172.2468	2188.6824	13.559019	2210.1533	2151.4731	1000.0	1000.0	824999	192.48302	18.42952	192.48291	18.429884	2.9952402	-192.67613	1.0027549	0.047273785	0.0002232163	9685.175013542175
166	1973.2657	476.67267	2205.1582	907.9445	2003.0159	485.26944	2236.2095	470.86743	906.1667	908.6	829999	192.63216	18.581093	192.63219	18.581148	3.003668	-192.82692	0.8805094	0.04569065	-0.00016491952	9743.94422006607
167	1962.3955	508.12842	2198.3916	826.2891	2019.1469	458.49323	2219.7932	516.32605	898.5	920.65	834999	192.69073	18.5578	192.69083	18.559341	3.0024326	-192.86987	0.9691158	0.048791505	-0.00011143178	9804.476763010025
168	2153.733	81.3766	2205.7256	1991.6287	2175.8284	8.9635725	2185.578	2150.666	988.4	1000.0	839999	192.68481	18.561476	192.68477	18.561243	2.998714	-192.86392	0.9471472	0.048171893	6.458238e-05	9864.708405733109
169	2170.5972	9.956494	2182.995	2156.5713	1876.5256	537.1938	2185.42	754.0201	1000.0	870.65	844999	192.64375	18.72882	192.64368	18.731112	3.0007644	-192.82437	1.0191582	0.04793754	-3.3156346e-05	9922.398128032684
170	2176.862	14.54552	2190.6926	2149.8503	2039.0095	352.81027	2230.4932	1126.574	1000.0	925.8	849999	192.72215	18.578432	192.72195	18.57995	2.9996755	-192.89473	0.99736404	0.047533687	1.9309782e-05	9980.191967487335
171	2175.939	8.384025	2185.2153	2161.251	2119.8071	221.73734	2220.664	1307.8989	1000.0	964.85	854999	192.77255	18.458275	192.77258	18.45916	2.998057	-192.94894	0.9755553	0.04771297	9.465358e-05	10037.983711481094
172	2181.145	11.736382	2200.699	2169.5256	2094.6055	283.53702	2236.4172	1302.213	1000.0	949.7	859999	192.94383	18.309307	192.94368	18.311148	3.000103	-193.11967	0.9988305	0.04597229	-1.3723374e-06	10096.948633670807
173	2069.4878	247.95963	2214.0933	1574.146	1930.2826	586.97766	2239.2158	281.31458	948.8	878.1	864999	193.0735	18.502064	193.07347	18.50214	2.9949214	-193.25168	1.0114797	0.046423566	0.00023379455	10157.381372451782
174	1271.6586	751.3236	2187.2168	372.88873	1943.2395	641.47437	2245.5588	373.196	603.25	874.25	869999	193.1856	18.745043	193.1856	18.745352	3.0047848	-193.35109	0.94362015	0.045857262	-0.00021378617	10217.426885604858
175	2184.6597	15.527989	2212.2065	2167.5005	2193.7007	106.47422	2241.7537	1735.0786	1000.0	989.95	874999	193.23164	18.990797	193.23164	18.991425	3.0017061	-193.39403	0.9912377	0.046385963	-7.6913e-05	10275.266657352448
176	2137.5364	101.978676	2197.1006	1933.7745	2038.9773	409.22913	2225.3777	382.33975	980.2	930.7	879999	193.10008	19.11866	193.10011	19.117212	3.0026443	-193.24556	1.1016752	0.048145488	-0.0001226323	10332.966032505035
177	2171.4565	10.986163	2189.2432	2158.9128	1833.5876	638.6764	2216.3042	92.07161	1000.0	844.2	884999	192.9453	19.081377	192.9453	19.08175	3.0020728	-193.09375	1.0851635	0.048004437	-9.715083e-05	10390.68608212471
178	1945.8285	511.69247	2198.3896	802.40045	1940.6781	559.19434	2231.5554	521.93274	901.0	882.7	889999	192.79648	19.131649	192.7965	19.133053	2.9964206	-192.94498	1.2193311	0.049234405	0.00017734573	10449.889110326767
179	1674.5938	620.91235	2181.393	540.8107	2109.3914	312.97852	2241.2385	1017.5897	778.1667	956.0	894999	192.77936	19.173267	192.77934	19.173082	3.0015507	-192.92873	1.1845883	0.04819906	-7.113167e-05	10510.430966377258
180	1734.6727	593.4563	2178.0298	535.2042	2098.7388	264.86765	2204.5803	1223.6436	801.5	961.7	899999	192.73921	19.251621	192.73912	19.252031	3.002199	-192.88304	1.2359035	0.04933161	-0.00010287256	10570.152743816376
181	2174.1284	25.197762	2200.8003	2131.6458	2091.1255	250.6975	2217.6768	1305.0328	1000.0	957.85	904999	192.46858	19.388586	192.46864	19.388945	3.0058463	-192.59105	1.3300093	0.05143755	-0.00029442596	10627.77673959732
182	2033.8805	208.54834	2194.3477	1678.8635	1901.2574	599.03674	2216.68	474.18353	932.6667	870.8	909999	192.29008	19.247713	192.29002	19.248049	3.002969	-192.4226	1.2607089	0.052398134	-0.00015417984	10685.522482156754
183	1453.6588	698.7029	2184.749	288.5321	1970.0413	491.22458	2191.78	86.10471	680.8571	911.85	914999	192.1459	19.267448	192.14597	19.26647	2.9978213	-192.26694	1.3759178	0.051154997	0.00011971426	10743.244433879852
184	1305.0227	765.9746	2168.0503	364.1578	1888.9128	538.3284	2203.137	368.8744	614.875	871.85	919999	191.8424	19.673923	191.84247	19.67438	3.0037434	-191.95468	1.5274082	0.053396333	-0.00019832083	10802.85735654831
185	2154.851	9.079574	2165.6887	2138.5962	1773.7426	628.54755	2181.4736	58.701813	1000.0	833.1	924999	191.46124	19.716585	191.4613	19.716736	2.9943168	-191.57436	1.4987884	0.05447533	0.0003074117	10863.399874687195
186	1918.4038	354.21335	2179.6106	1281.8597	2183.6924	44.553604	2215.637	1995.3574	891.0	996.95	929999	191.34497	19.545145	191.3449	19.546928	3.0021386	-191.46065	1.5362766	0.052946392	-0.00010827396	10922.607713460922
187	1883.2435	435.65613	2178.014	1035.9752	2003.0862	402.9716	2166.643	589.2555	878.2	934.75	934999	191.32896	19.50994	191.32886	19.512192	3.0016546	-191.43715	1.5279477	0.0537918	-8.473787e-05	10980.34667634964
188	2123.883	60.25716	2194.5422	2012.8042	2201.6782	11.876053	2221.7317	2172.4453	988.4	1000.0	939999	191.20502	19.637953	191.20506	19.637346	3.002307	-191.31537	1.4820309	0.05455082	-0.00012278969	11038.269991636276
189	2163.8374	12.436578	2181.3794	2147.5596	1985.5244	511.1741	2178.0417	391.81754	1000.0	923.65	944999	191.15054	19.532768	191.15062	19.531384	2.9950907	-191.26134	1.4850135	0.054322474	0.00026842928	11096.142560243607
190	2173.0068	4.9672456	2179.1953	2166.4773	2200.6628	9.271364	2218.1711	2182.4055	1000.0	1000.0	949999	191.16838	19.208462	191.16838	19.209044	3.000491	-191.26836	1.672712	0.05359472	-2.2020322e-05	11156.060974359512
191	2120.2798	115.147804	2194.1553	1891.2972	2224.444	11.309486	2246.8994	2199.647	974.6	1000.0	954999	191.12769	19.207972	191.1276	19.209099	2.996694	-191.23526	1.5306029	0.052681435	0.00017559975	11216.46270442009
192	1845.1539	634.8063	2193.454	435.35934	2155.7417	156.31853	2212.866	1477.7068	854.8333	984.85	959999	191.26509	19.176308	191.26509	19.176922	2.9986093	-191.37813	1.5733377	0.05118536	7.418183e-05	11275.491620779037
193	1773.5314	579.4207	2191.3499	784.65704	2154.765	170.3449	2219.9744	1414.0358	821.0	982.8	964999	191.47058	19.028385	191.47043	19.029057	3.0040605	-191.5768	1.5698447	0.051202208	-0.00020519938	11333.168372154236
194	2181.671	13.798552	2192.883	2154.5571	2118.7202	369.17404	2230.1965	510.12015	1000.0	962.5	969999	191.51694	19.165237	191.5169	19.164545	2.9971135	-191.62672	1.4976712	0.051522642	0.00015292015	11390.834609508514
195	2094.5588	194.3021	2202.4502	1661.283	2063.6987	400.63303	2221.7632	787.8742	963.5	940.55	974999	191.67474	19.083944	191.6747	19.085907	2.9990132	-191.78377	1.5302311	0.05122085	5.3866137e-05	11448.48096036911
196	2187.624	14.090444	2205.615	2162.348	2090.333	300.12097	2220.9294	1197.8586	1000.0	951.45	979999	191.7592	19.051672	191.7591	19.053482	2.9961064	-191.86282	1.4230124	0.050844047	0.00019724417	11508.830309152603
197	2185.2	5.340285	2188.8933	2174.687	2102.7017	328.51596	2210.5999	674.29517	1000.0	966.15	984999	191.89612	18.964361	191.8961	18.966036	2.9993532	-192.0003	1.5353229	0.04915658	3.51552e-05	11569.36694598198
198	2182.2722	16.61808	2198.0962	2152.1086	1970.1813	541.8518	2242.4844	376.14835	1000.0	894.05	989999	192.09567	18.931904	192.09555	18.932674	3.0021312	-192.20717	1.4920417	0.048845027	-0.00010038111	11627.996671915054
199	1768.5836	661.0607	2196.7585	469.34784	2163.7793	287.2867	2248.006	914.23663	820.6	970.25	994999	192.34561	18.878935	192.34557	18.880428	2.994914	-192.45122	1.4563857	0.04805138	0.00024935504	11685.660655260086
200	1946.34	539.7038	2210.2808	739.8082	2086.6323	396.37833	2197.0144	359.8231	895.3333	959.4	999999	192.63141	18.828384	192.63133	18.831167	3.0026877	-192.73355	1.4844037	0.0478705	-0.00012503036	11743.336535930634
