Epoch	AverageEpRet	StdEpRet	MaxEpRet	MinEpRet	AverageTestEpRet	StdTestEpRet	MaxTestEpRet	MinTestEpRet	EpLen	TestEpLen	TotalEnvInteracts	AverageQ1Vals	StdQ1Vals	AverageQ2Vals	StdQ2Vals	LogPi	LossPi	LossQ	Alpha	LossAlpha	Time
1	1.7579267	5.602496	24.565329	-9.75293	640.92346	274.1681	1048.5621	337.42276	20.165993	570.85	4999	14.909962	12.921754	14.9098835	12.92802	2.6828103	-18.060337	1.35087	0.14436333	0.5410892	40.150651931762695
2	2.0142143	6.700545	49.68398	-13.526607	815.41345	358.9173	996.73444	73.280426	21.679653	842.6	9999	73.44191	32.52812	73.4445	32.538998	6.2826986	-81.80185	17.144608	0.14986931	-0.042742833	88.81226563453674
3	56.268566	135.22757	482.26215	-51.332726	161.18497	119.57958	407.17758	-0.5674451	155.70967	182.75	14999	131.27103	35.497204	131.27321	35.497322	5.1638947	-138.88693	39.7092	0.11306715	0.093895756	138.45664882659912
4	90.9821	92.018814	349.77524	-11.583647	75.043884	60.75706	194.98787	-14.2864485	174.44827	139.9	19999	125.789116	37.617233	125.79269	37.599007	5.8754807	-130.779	37.984673	0.053864818	0.007336106	184.07197332382202
5	196.00127	120.86993	383.0172	-3.958433	191.4676	121.264404	388.78702	-1.8002632	202.52	196.8	24999	118.10794	38.05325	118.10763	38.07069	6.0077853	-122.0577	37.792236	0.053403627	-0.0004119422	230.3583378791809
6	137.63287	97.02467	332.08783	-55.736187	161.92294	109.018166	467.1793	-47.870148	172.14815	159.35	29999	116.883026	35.260685	116.8833	35.265175	5.9758735	-120.28031	34.284786	0.054465856	0.0012815464	278.36333751678467
7	146.05508	110.221924	354.6854	-38.582317	170.11508	46.592243	273.34793	97.08635	179.16667	124.05	34999	109.75014	33.835194	109.74996	33.840828	5.941593	-112.33073	29.27467	0.04529687	0.0026481694	327.76195669174194
8	202.42065	108.83637	521.44135	8.394394	194.53062	48.7123	335.56396	116.04131	150.5	117.85	39999	102.688	31.259382	102.688255	31.26583	5.9628515	-104.83061	22.122362	0.037235025	0.0014138076	373.28796195983887
9	175.91106	110.24294	450.20584	-35.508476	180.27087	85.367966	309.62442	25.188839	152.64706	170.2	44999	97.25309	30.951937	97.253075	30.96407	5.9847503	-99.0297	17.737738	0.034628216	0.0005277999	419.2503516674042
10	287.55823	95.24838	453.54083	111.289345	201.81125	62.153572	329.1763	119.48216	178.57692	129.0	49999	92.26812	30.754423	92.2684	30.76031	5.9841285	-93.795074	14.8518095	0.032336954	0.0005164032	466.9503653049469
11	323.08096	157.60277	649.3582	57.406628	415.83295	163.87297	742.0346	134.058	244.77272	344.0	54999	89.074066	29.495003	89.07444	29.498392	6.006174	-90.4483	12.57025	0.0315677	-0.00018545323	518.6084454059601
12	389.065	168.10799	901.46216	167.07481	282.95648	83.60479	518.7882	161.35193	240.95	153.05	59999	88.11955	26.769915	88.119576	26.769215	5.965316	-89.36496	10.706287	0.03081878	0.0010507376	564.9129235744476
13	283.18112	152.62057	691.7668	5.2457166	165.1829	117.59322	421.8809	16.21174	212.29167	107.95	64999	87.999756	25.752148	87.99995	25.753746	5.992546	-89.121765	10.359288	0.027792819	0.00021238114	611.1275835037231
14	294.40277	160.33438	595.4845	26.962667	185.82079	161.60556	473.65955	13.9833	181.64285	186.5	69999	87.55833	25.871906	87.5581	25.876726	6.0205197	-88.57783	11.000853	0.028883832	-0.0005827221	659.2719671726227
15	286.73083	143.11195	643.541	16.85124	368.5	105.71342	602.3177	134.99832	168.86208	267.9	74999	88.16098	26.514826	88.16094	26.521734	6.0133214	-89.13156	10.933765	0.030762317	-0.00040322408	709.5970945358276
16	306.12878	121.85642	552.791	54.27219	314.70486	79.791245	496.63907	196.8296	203.875	181.3	79999	88.870766	27.895123	88.87051	27.901318	6.011614	-89.81201	10.576986	0.031860642	-0.00036894044	756.2515506744385
17	265.3725	122.40574	692.82623	-29.16191	416.52164	136.58888	700.0841	132.36198	156.42424	357.2	84999	90.30477	29.086758	90.305084	29.092327	5.9887805	-91.221436	10.440186	0.032386787	0.0003691238	805.3107697963715
18	283.45465	97.958176	548.6112	126.38399	329.75055	94.71775	637.9135	188.54718	148.18182	165.9	89999	91.19446	30.42839	91.19454	30.430847	6.00911	-92.08414	10.149114	0.032438725	-0.0002867642	852.1728429794312
19	325.1751	90.74783	487.6545	123.83739	322.4041	61.011375	443.6707	229.09322	163.03226	138.3	94999	92.89094	31.1087	92.89104	31.11092	5.992683	-93.77041	9.477944	0.03233825	0.00024341955	901.3971490859985
20	339.93408	57.388374	475.73187	235.27551	343.80396	109.10745	677.28503	215.68236	162.43333	157.8	99999	94.86795	32.071846	94.86823	32.074287	6.001103	-95.73853	8.961743	0.03203032	-2.9740006e-05	949.0201649665833
21	374.6752	121.53364	804.0212	218.90884	392.72345	110.310165	566.1442	182.68335	185.18518	220.5	104999	97.22043	32.72805	97.22059	32.7303	6.0000663	-98.07728	8.519345	0.03186932	4.600358e-06	995.3858239650726
22	344.735	102.39043	619.53845	159.28511	377.08548	160.18661	1004.37994	223.90157	193.62962	234.95	109999	99.347046	33.19704	99.34741	33.198418	5.987217	-100.1702	8.481292	0.03091709	0.0004046132	1045.2147359848022
23	368.90012	132.40836	716.55664	51.05355	364.85242	122.361015	689.85864	176.96893	233.38095	223.25	114999	100.55009	33.260647	100.550095	33.262882	5.9960074	-101.32564	8.433669	0.030156706	0.00012550848	1094.3326048851013
24	359.228	158.97406	868.1243	142.67523	302.4571	135.63577	802.7802	142.49298	238.61905	149.8	119999	101.24749	33.089798	101.24768	33.091705	5.999011	-101.983536	8.824315	0.029597979	3.492244e-05	1143.8901526927948
25	298.19373	119.92607	689.47375	164.52501	214.03433	19.05274	280.29907	191.99014	155.93549	106.75	124999	101.239136	33.162056	101.23944	33.16275	6.010453	-101.92976	8.909922	0.03025044	-0.00031198878	1189.1917390823364
26	361.48044	214.10545	1148.6566	157.76707	259.8598	49.204338	322.36804	173.01933	173.9	114.7	129999	101.33298	33.521347	101.33305	33.521973	6.006866	-101.99771	8.803024	0.031121343	-0.00021087608	1234.7202191352844
27	306.63693	106.71631	749.71643	166.62454	316.26508	118.03344	557.6839	28.608292	138.58333	152.8	134999	101.631516	34.11818	101.63165	34.118977	6.0035434	-102.278076	8.73331	0.031737365	-0.00010847721	1283.2426345348358
28	383.81494	126.49176	650.18097	204.11949	439.6232	131.90375	736.3835	272.7002	171.96428	225.55	139999	102.57348	34.487747	102.57353	34.48894	6.001093	-103.20065	8.648061	0.031878535	-2.9978108e-05	1332.5872321128845
29	363.96588	142.44348	920.38367	46.308434	321.4425	16.558636	352.2909	295.4926	156.66667	129.75	144999	103.61946	34.79266	103.61973	34.794346	5.9968443	-104.23409	8.776478	0.03283841	0.00010793295	1378.1543159484863
30	353.7851	105.59896	788.61316	147.34445	328.66132	27.749325	368.45834	255.48639	143.68571	117.9	149999	104.925735	35.269985	104.925865	35.27129	5.9938254	-105.54178	8.511833	0.03189254	0.00020095657	1423.5578882694244
31	283.4054	91.13634	636.77026	123.88172	222.24155	32.22963	297.39575	177.11446	121.07317	97.9	154999	106.58917	36.199047	106.58909	36.19801	6.0033684	-107.20567	8.466464	0.031785168	-0.00010126095	1471.5432515144348
32	295.60666	99.10547	491.37924	40.01684	305.47455	129.36024	621.5207	135.13953	123.46342	147.75	159999	107.71671	37.598026	107.71679	37.597008	5.98969	-108.31577	8.496253	0.031006953	0.0003250513	1520.4366331100464
33	353.0595	99.447464	663.671	218.77919	429.7036	123.58124	678.8584	159.59836	156.5625	200.8	164999	108.91356	38.45929	108.913475	38.45853	5.988052	-109.50981	8.46444	0.029523645	0.00035801035	1566.796552181244
34	343.24728	92.022224	632.9762	212.0021	452.27295	63.413433	580.3849	323.11487	148.36363	189.9	169999	109.83764	38.951736	109.83786	38.950386	5.9920206	-110.41749	8.498375	0.029262371	0.00023114106	1612.9761683940887
35	342.4894	125.11951	727.55054	173.73196	524.927	152.18346	931.44147	319.59662	137.05405	227.65	174999	110.362724	39.353436	110.36285	39.35132	6.010221	-110.928185	8.157728	0.02867128	-0.000286276	1662.0367424488068
36	294.51505	120.43519	781.6113	170.15468	362.23938	201.97565	1042.786	186.75046	115.5814	141.85	179999	110.8487	39.699074	110.848976	39.69785	5.991472	-111.40196	8.139314	0.028804462	0.00024904293	1712.0215280056
37	343.5131	126.426735	633.7877	160.06361	183.49525	17.795218	235.48944	157.70268	139.91667	93.95	184999	111.3588	40.194046	111.358765	40.193268	6.0061793	-111.891174	8.292521	0.029386558	-0.00016905113	1757.5407147407532
38	368.81146	121.19109	674.1472	160.41153	371.20172	75.059525	543.9424	280.95093	154.40625	147.15	189999	112.29112	40.694023	112.29125	40.691044	6.010713	-112.83913	8.237179	0.029985547	-0.0003108424	1804.015733242035
39	392.5647	217.05685	865.7213	29.438515	593.3109	144.05125	1066.6835	387.0383	178.07408	336.6	194999	113.555725	41.13585	113.55569	41.133423	6.0101686	-114.096275	8.152031	0.030273171	-0.00031034971	1854.5488929748535
40	405.8212	247.07039	1166.1865	21.620205	489.9478	283.90973	1429.8668	66.10698	218.58333	266.7	199999	114.425385	41.330696	114.4257	41.32839	5.9955006	-114.90824	9.176903	0.031411625	0.0001468275	1906.8619766235352
41	369.31357	257.32877	1364.5184	163.91469	443.02377	278.26846	1081.5385	179.21506	200.6	259.15	204999	114.77248	41.562477	114.772285	41.560215	6.0115314	-115.23633	9.41092	0.031874508	-0.00036174947	1958.9820704460144
42	418.13687	290.74	1354.8617	160.6445	169.47372	21.465672	229.29271	151.55487	181.03703	75.65	209999	114.905014	42.01647	114.90485	42.01527	5.9946733	-115.38715	9.834518	0.032283876	0.00017887323	2004.3430881500244
43	429.23694	187.01418	946.47516	209.69667	644.26404	241.98991	1365.8191	181.70877	192.64	281.75	214999	115.36859	42.412815	115.36852	42.413387	6.0036273	-115.835976	9.701522	0.032539833	-0.00011143522	2052.3298411369324
44	364.40158	216.68747	967.36115	114.254944	318.93237	52.545338	460.56946	223.54596	158.375	134.4	219999	115.94966	42.773605	115.94964	42.773994	6.001791	-116.40492	10.02691	0.033191234	-5.256841e-05	2099.8136506080627
45	436.8117	222.1839	981.79895	153.45154	188.30386	56.616917	308.6552	137.84648	188.66667	94.15	224999	116.107025	42.89263	116.1071	42.894203	6.0011187	-116.5513	9.855495	0.03271574	-3.1572603e-05	2148.8795597553253
46	431.23825	257.22934	1069.7029	67.60146	681.93274	262.75323	1241.9045	93.793106	185.77777	281.9	229999	116.73702	42.990833	116.73695	42.99101	6.0018	-117.17981	10.067909	0.03302053	-5.376363e-05	2196.3122441768646
47	435.2189	237.18913	1103.6631	83.63379	450.6979	168.60303	909.21765	306.0625	179.46428	186.9	234999	117.556625	43.273224	117.55665	43.275177	6.008101	-117.99017	10.225277	0.03390567	-0.00026842114	2242.937898874283
48	603.4102	374.98685	1784.8113	184.65704	744.06366	355.84778	1385.3981	89.587845	268.52942	468.2	239999	118.42046	43.734318	118.42062	43.73533	5.9968634	-118.84605	10.353249	0.03455005	0.00011293683	2293.1169860363007
49	549.19574	350.0809	1452.1062	68.42264	619.51935	316.22375	1214.8983	118.3851	266.1	397.1	244999	119.50344	44.00391	119.50341	44.006336	6.004592	-119.930016	10.6753845	0.03476414	-0.00015237581	2345.4233980178833
50	496.93542	295.0486	1240.4182	54.805054	621.82623	275.6533	1273.3966	344.0574	226.0	294.6	249999	120.32047	44.19737	120.32064	44.200405	5.9954314	-120.7391	10.94388	0.034901116	0.00016297674	2397.7273428440094
51	529.90076	279.03433	1178.6753	72.36969	591.8092	291.65445	1206.9534	287.05768	221.81818	255.6	254999	121.26435	44.59531	121.26466	44.599827	6.0045114	-121.68883	11.045509	0.03487247	-0.0001484216	2446.0583612918854
52	984.57135	560.69275	1880.2161	191.02385	1278.8822	432.62097	2191.3818	649.8458	410.0909	558.95	259999	122.370026	45.228554	122.37005	45.229443	6.0143056	-122.80856	11.284256	0.036011554	-0.0005089119	2496.0350272655487
53	1593.3518	806.7346	2699.7864	102.08142	771.6218	709.8175	2230.1887	86.30141	699.5	334.35	264999	124.37269	46.313942	124.372765	46.316254	6.004839	-124.85777	11.916407	0.037746504	-0.00017614795	2545.349118947983
54	1286.2367	664.2568	2249.0928	81.28703	1140.3861	426.34958	2667.6426	813.0487	608.125	429.3	269999	126.7704	47.53346	126.77045	47.535255	6.0086865	-127.26903	12.0478325	0.039217785	-0.00033171545	2596.158311367035
55	1313.9799	865.0823	2812.795	105.86761	2016.6257	412.20312	2642.0469	1443.6598	505.3	786.85	274999	129.15477	48.567516	129.15463	48.569717	6.008113	-129.67805	12.563863	0.040467363	-0.0003216293	2648.40997505188
56	1595.4989	745.0162	2828.395	697.4744	1957.5928	596.5039	2851.139	908.755	563.7778	728.9	279999	131.58646	49.56026	131.58669	49.56181	6.0053115	-132.12143	12.764358	0.041050017	-0.00021830086	2699.8490266799927
57	1096.3392	729.2643	2914.6348	73.73854	1426.916	543.7646	2539.6562	636.92084	391.08334	557.65	284999	133.86017	50.422924	133.85988	50.427906	6.002097	-134.40334	12.865935	0.041896723	-8.360758e-05	2749.804412126541
58	1397.8519	645.30817	2578.553	460.9879	1086.6428	442.31073	1970.7444	418.9204	524.7	418.55	289999	136.09898	51.578983	136.09914	51.582405	6.0095506	-136.65407	13.248275	0.043442145	-0.00041397105	2798.441124677658
59	1162.2854	655.70465	2549.657	411.34546	1529.5266	499.94498	2552.8528	845.53217	461.9	582.75	294999	138.33246	52.530277	138.33215	52.532	5.997128	-138.89445	13.423566	0.044674873	0.0001345393	2848.268147468567
60	1450.0353	645.85657	2666.1467	368.24503	1575.9926	544.79486	2423.7576	397.9865	528.7	653.8	299999	140.79163	53.644306	140.79202	53.644947	6.00249	-141.36885	14.429218	0.045704883	-0.00010577877	2900.1787774562836
61	1406.9487	712.5237	2508.1409	585.5714	637.5521	367.27148	1740.5208	373.06165	576.5	242.45	304999	143.17136	54.630142	143.17134	54.63109	6.0103626	-143.76813	14.510897	0.047012117	-0.00047406935	2951.067209005356
62	1301.1506	851.9038	2701.2651	372.3106	711.82117	440.73965	1750.8873	412.30426	471.45456	314.2	309999	145.41167	55.358715	145.41158	55.35968	6.0052595	-146.00803	14.693944	0.048747778	-0.00024758087	3000.2760219573975
63	1358.7057	685.7527	2518.0994	421.71655	1422.6583	413.40048	2751.779	862.64343	512.0	496.3	314999	147.30426	55.893024	147.30414	55.894035	6.003512	-147.87971	14.849484	0.049807478	-0.00016762532	3050.228235244751
64	1617.1497	784.4253	2693.4001	680.31433	1500.0691	642.22833	2604.1052	670.0586	627.8889	567.3	319999	149.1284	56.60317	149.128	56.603264	5.998363	-149.71436	14.754323	0.0490266	8.749878e-05	3100.220940589905
65	2518.8489	152.94733	2618.8047	2215.2446	1892.3812	593.31934	2559.417	822.4389	992.6	765.9	324999	150.61275	57.221405	150.61275	57.22201	5.9976616	-151.1784	14.37139	0.04969474	0.000121175886	3151.080158472061
66	1798.992	646.406	2552.359	854.3562	1303.0331	663.53265	2612.6077	446.94232	707.0	529.45	329999	152.31786	57.65637	152.31772	57.658615	6.003141	-152.90096	14.649144	0.049312197	-0.00014859166	3203.349700689316
67	1671.0345	801.062	2657.55	515.62396	916.56805	551.1354	2531.3066	407.89108	671.7143	368.05	334999	154.31152	58.178093	154.31174	58.179256	6.0029087	-154.91185	14.632089	0.049819246	-0.00013891574	3254.924649477005
68	1716.8285	929.20105	2705.5796	402.61227	1965.5963	704.7728	2780.7092	518.1612	662.125	743.15	339999	155.77708	58.831924	155.77728	58.830982	6.0000963	-156.34903	14.976622	0.05005461	2.0143987e-06	3305.0818631649017
69	1362.4207	749.5111	2560.8843	524.3442	983.65466	581.55005	2749.0168	535.2595	555.125	403.85	344999	157.19934	59.154816	157.19957	59.15501	5.9966164	-157.76982	15.339761	0.05008516	0.00017600533	3355.045791864395
70	1431.0361	778.75195	2588.624	65.48626	1857.2891	708.53546	2677.8152	583.0871	579.4	776.15	349999	158.44017	59.473003	158.44016	59.47476	6.002172	-159.01552	15.694632	0.04951342	-0.00010209886	3404.9607062339783
71	1691.1459	943.17896	2652.3896	440.72858	1631.7512	338.14212	2822.436	1374.8364	641.7143	632.4	354999	159.47366	59.508747	159.4739	59.50969	6.003376	-160.01056	16.093916	0.049905527	-0.00016313951	3456.5774476528168
72	1794.51	765.8047	2695.5686	739.3707	1912.207	837.28906	2817.7341	583.7506	691.7143	721.85	359999	160.26634	59.73325	160.26651	59.733803	6.0019693	-160.80135	16.431797	0.05128747	-9.41241e-05	3508.9696791172028
73	2569.519	419.97165	2952.8801	1666.6345	1541.2834	779.2046	2855.9397	428.19736	936.5	535.1	364999	161.65071	60.231125	161.65062	60.233562	5.991868	-162.2193	16.67089	0.051358856	0.00041954318	3559.8982326984406
74	2830.9023	74.58956	2975.4106	2760.501	2821.9033	9.250398	2844.3606	2807.2478	1000.0	1000.0	369999	163.49358	60.745792	163.49396	60.747284	6.005432	-164.05687	16.006157	0.05157831	-0.0002652604	3609.9903104305267
75	2775.3047	228.72983	3071.3865	2375.634	2515.397	862.4492	3000.958	463.46878	966.8	874.8	374999	165.58101	61.323765	165.58089	61.326626	6.009696	-166.1602	15.773704	0.052926026	-0.00050053385	3660.018086671829
76	1799.8867	864.6221	2821.1501	731.0002	1215.5287	779.5927	3011.4077	666.8612	634.625	413.95	379999	167.72232	61.852856	167.72224	61.856	5.9932866	-168.30553	15.659647	0.052779395	0.00036184155	3709.9075441360474
77	2407.2532	1011.59094	3179.8005	407.6737	2676.9688	19.702408	2708.567	2640.797	828.8	1000.0	384999	169.54349	62.163853	169.54376	62.16513	6.001032	-170.13425	15.306	0.052304406	-4.7105776e-05	3762.230647802353
78	2817.7097	87.83031	2932.8113	2675.592	1744.4105	1007.429	3056.4583	713.6063	1000.0	581.7	389999	172.0178	62.625893	172.0181	62.62665	5.9999866	-172.63205	15.385507	0.052322425	6.577921e-06	3814.5811455249786
79	2455.3777	910.32416	2965.0742	426.70007	2761.3894	41.90207	2861.276	2689.367	860.0	1000.0	394999	174.13542	63.244434	174.13554	63.245583	5.9987288	-174.74948	15.280827	0.051702037	7.2129646e-05	3864.9673063755035
80	2799.7947	191.57088	2969.9685	2401.012	2790.3193	161.29315	3076.0432	2489.4915	956.3333	1000.0	399999	176.21703	63.548058	176.21704	63.550514	5.994644	-176.84842	14.975278	0.051874336	0.0002812521	3914.897106409073
81	2804.252	58.857304	2900.468	2733.9563	2902.849	126.45965	3144.015	2671.4028	1000.0	1000.0	404999	178.19217	64.10306	178.19217	64.105515	6.0003114	-178.82504	14.904532	0.051674724	-9.076929e-06	3964.823949813843
82	2804.709	136.00916	2928.5344	2563.5574	2811.3533	93.628265	2978.6975	2695.9143	972.2	1000.0	409999	180.05734	64.40532	180.05743	64.40663	5.9976983	-180.69043	15.255703	0.0509834	0.00012167332	4015.0526401996613
83	2843.6035	90.36847	3020.503	2777.4321	2718.7244	435.59674	3014.5796	852.6352	1000.0	965.6	414999	181.49962	64.36959	181.4999	64.37113	5.999093	-182.11505	14.09493	0.04938525	5.15785e-05	4067.2481784820557
84	2796.23	34.75653	2851.8655	2748.3367	2585.5488	672.421	3144.5903	1144.4845	1000.0	892.35	419999	182.67122	64.27662	182.67107	64.27856	6.0021744	-183.26814	14.157886	0.05084572	-9.959527e-05	4119.297491550446
85	2481.37	932.301	2946.237	401.02374	2806.9468	561.03424	3361.2239	426.6757	860.6667	957.75	424999	183.50606	64.022804	183.50616	64.02503	5.9950237	-184.07848	13.824914	0.049696043	0.0002542901	4169.198292016983
86	2895.5042	207.02556	3267.1118	2639.7786	3076.7256	148.53911	3259.6592	2721.3225	1000.0	1000.0	429999	184.27174	63.704704	184.27191	63.706264	6.002632	-184.83986	13.755644	0.050138026	-0.00012333102	4219.158758640289
87	2680.8357	193.44897	2979.8247	2420.1758	2731.08	223.93996	3189.2246	2216.088	968.6	1000.0	434999	185.1089	63.69189	185.10886	63.694084	6.0057707	-185.65642	13.660734	0.05055524	-0.00028513154	4269.123038768768
88	2997.6763	195.49377	3271.5796	2750.8796	1909.6139	1272.1721	3624.2253	453.64035	1000.0	614.5	439999	185.68733	63.50665	185.6876	63.509434	5.995134	-186.22063	13.808733	0.05007904	0.00025336962	4320.021449804306
89	2332.3892	972.4275	3116.0557	453.76508	2493.8586	1056.8572	3267.3728	455.22913	780.6667	798.25	444999	186.58394	63.5434	186.58394	63.54507	5.997358	-187.11856	13.332756	0.05066419	0.00013672683	4372.251640319824
90	2403.449	826.007	3081.3396	1223.9819	2604.4087	729.3666	3369.4114	1212.7811	810.8333	794.75	449999	187.38043	63.655647	187.38063	63.65592	6.0013103	-187.90282	13.181012	0.05014015	-5.775249e-05	4423.722761154175
91	3083.5024	84.39362	3186.8994	2973.941	747.0401	567.87244	3218.8323	575.52454	980.0	211.35	454999	188.28412	63.90078	188.28436	63.901104	6.0031824	-188.80222	13.234894	0.050428882	-0.0001518369	4473.766730546951
92	2874.3958	524.03864	3269.0652	1726.0135	2772.5896	581.1628	3490.5452	1260.4822	921.6667	912.3	459999	189.69844	63.743374	189.69814	63.743656	5.9959846	-190.22966	13.078801	0.050048143	0.00020728445	4523.749174833298
93	2288.2344	1078.9734	3286.9468	598.44464	1898.7385	1259.3574	3332.883	505.97452	730.5714	579.45	464999	190.64922	63.84612	190.64958	63.84752	5.999772	-191.16063	13.180165	0.05007814	1.867566e-05	4573.5127918720245
94	2691.4055	818.4915	3315.6428	1071.8607	748.48584	121.022095	1085.97	572.1508	859.8	202.3	469999	191.7674	64.09746	191.76746	64.09724	6.000275	-192.26982	12.741267	0.049617477	-6.8595646e-06	4622.299829006195
95	2600.4084	944.5928	3422.841	696.63666	3094.3054	53.606503	3311.8218	3037.602	820.4286	1000.0	474999	192.96703	64.40625	192.96706	64.40825	6.0025063	-193.48383	12.948556	0.050015077	-0.00011657595	4674.587168455124
96	3179.3403	154.24573	3383.5962	2991.6196	1631.635	1319.5459	3664.6523	558.58813	1000.0	468.9	479999	194.45064	64.65764	194.4506	64.65694	6.001471	-194.97015	13.120625	0.04991171	-6.742735e-05	4724.968031167984
97	2619.9282	1105.3492	3491.441	467.47287	2907.5664	817.562	3487.6445	683.8861	781.5	902.35	484999	196.00307	64.875015	196.00319	64.87388	5.998568	-196.53098	13.113413	0.049823567	7.942104e-05	4774.922207593918
98	2976.6416	412.1433	3286.639	2182.6934	3392.3027	541.1478	3676.7014	1230.8629	933.0	955.1	489999	197.5245	65.09254	197.52441	65.09326	6.0031962	-198.05698	12.694402	0.05009051	-0.00015347263	4824.734267950058
99	3182.4028	324.15723	3655.675	2792.088	3085.3794	12.145043	3111.438	3069.579	969.6	1000.0	494999	198.85587	65.54481	198.85599	65.548325	6.000835	-199.36752	12.807578	0.05013219	-3.47841e-05	4874.892902612686
100	3167.3015	85.92978	3312.4512	3085.2202	2951.952	11.021115	2975.6238	2933.6829	1000.0	1000.0	499999	199.8742	65.81875	199.87418	65.81952	5.992679	-200.36017	12.881385	0.050184764	0.00037402075	4927.224192380905
101	2925.4062	484.70288	3361.46	1877.2959	3089.1636	22.344358	3133.0925	3050.8228	932.1667	1000.0	504999	200.98477	65.85358	200.9849	65.85345	5.997765	-201.49086	12.961654	0.049312033	0.00011721315	4979.504385471344
102	2874.0378	1077.8838	3519.685	471.83978	3130.9214	36.698822	3221.186	3082.9128	862.3333	1000.0	509999	202.50305	66.10431	202.50298	66.10642	6.004564	-202.99953	12.978136	0.049696587	-0.00021630294	5029.425528526306
103	1829.9679	1186.0933	3747.428	567.0134	3032.251	8.370046	3047.2507	3018.2732	549.1111	1000.0	514999	203.85716	66.388954	203.85727	66.39201	5.998623	-204.34688	13.038874	0.050370127	7.7193734e-05	5079.439336538315
104	3053.793	540.88104	3610.768	2032.1056	2661.609	621.95996	3068.1362	749.005	918.8	902.8	519999	204.8897	66.72129	204.88983	66.72057	6.000765	-205.36389	13.179917	0.0506304	-3.0926873e-05	5129.332666397095
105	2692.3994	704.4468	3224.9688	1321.7042	3185.422	26.909367	3232.7527	3129.9875	844.8333	1000.0	524999	205.67195	66.90872	205.67175	66.91087	6.002566	-206.15633	13.307194	0.049949583	-0.00012107399	5179.996541976929
106	2320.1184	1244.7689	3467.6797	417.29544	3160.4517	8.096357	3173.8965	3143.7344	712.5714	1000.0	529999	206.7643	67.028755	206.76433	67.032074	5.999676	-207.23953	13.062416	0.05048523	2.4308014e-05	5232.268122911453
107	3335.6672	158.17795	3638.4253	3186.6147	3174.9443	10.326332	3199.8176	3158.7742	963.6	1000.0	534999	207.95047	67.1282	207.95021	67.12895	6.001507	-208.422	13.765919	0.05047615	-6.946113e-05	5284.203308105469
108	2492.7537	868.803	3630.3547	1285.9801	3214.2708	17.119173	3283.1377	3199.9624	747.8571	1000.0	539999	209.33305	67.20211	209.33328	67.20184	5.9929576	-209.8202	13.320435	0.049778286	0.0003588607	5334.205148696899
109	2942.2278	1156.5818	3733.4724	512.5205	2688.221	1158.2803	3827.236	593.9307	814.3333	789.3	544999	210.71402	67.45623	210.71413	67.45886	5.9977436	-211.19498	13.798113	0.050147858	0.000118775795	5384.105380296707
110	2419.0552	1416.7201	3532.4797	32.758442	3050.727	23.002373	3129.7048	3017.3037	709.0	1000.0	549999	211.98875	67.427284	211.9888	67.428604	6.0019693	-212.4506	13.784077	0.04935187	-8.831939e-05	5433.960173130035
111	2637.7705	1028.3334	3441.2446	650.63245	3200.655	41.528473	3328.991	3094.1238	773.6667	1000.0	554999	212.85777	67.917206	212.85782	67.9172	5.995436	-213.30087	14.215693	0.0490994	0.0002289175	5485.052897453308
112	3360.9585	143.42056	3607.283	3190.586	3219.1682	608.5487	3740.9363	1718.2902	1000.0	915.9	559999	213.64098	68.227974	213.64078	68.22757	6.0036025	-214.1061	14.311978	0.049215596	-0.00016786507	5537.260099649429
113	3377.3958	137.57413	3604.7275	3221.8254	3154.0938	8.987375	3173.7605	3136.576	1000.0	1000.0	564999	215.0672	68.56885	215.0674	68.56967	6.0084467	-215.5352	13.488913	0.049264982	-0.00041352463	5588.6998126506805
114	3369.333	164.47934	3577.2283	3129.627	3309.5293	875.6071	3905.397	546.24866	973.3333	906.75	569999	216.43117	68.97304	216.43123	68.97457	5.9976635	-216.89857	13.571702	0.049645495	0.000125264	5638.610486030579
115	2113.358	1298.4253	3481.198	486.67	3488.6433	38.039265	3571.7886	3415.4941	611.2857	1000.0	574999	217.8764	69.33127	217.87637	69.33272	6.002559	-218.33217	13.721041	0.050269794	-0.0001229094	5688.64386844635
116	2614.7993	1260.8007	3544.1055	553.0554	3368.9766	39.283497	3460.1794	3313.766	766.2857	1000.0	579999	218.91493	69.6615	218.9149	69.66312	5.9922304	-219.37953	13.986669	0.050425064	0.00039630267	5738.575143098831
117	2675.3066	1019.8248	3663.917	854.9222	3576.1665	383.0328	3814.331	2395.331	771.0	969.65	584999	219.98045	69.78985	219.98053	69.79102	6.0040765	-220.42967	14.163421	0.051082224	-0.00019606041	5790.185860872269
118	2401.2825	1255.7621	3493.4453	510.50043	1349.6498	1142.2717	3392.4473	497.58328	706.8571	408.1	589999	220.75005	70.034256	220.75024	70.034935	6.0136795	-221.2008	14.407391	0.05198242	-0.00070712995	5842.426869869232
119	2556.3618	1268.0712	3579.351	544.01965	3022.2493	896.15784	3522.727	744.1421	748.3333	891.75	594999	221.72752	70.15823	221.72784	70.15894	5.987974	-222.1829	14.455587	0.051635973	0.00063679635	5893.613149642944
120	2616.0938	1248.0402	3570.5269	578.7552	3312.7239	23.511974	3370.324	3263.9497	755.8571	1000.0	599999	222.8232	70.233475	222.82318	70.23312	6.0117884	-223.26852	14.194	0.05208038	-0.0006104857	5943.698302745819
121	3444.218	70.19082	3543.0002	3363.5747	3516.6821	15.1728735	3541.3972	3487.3052	1000.0	1000.0	604999	223.76743	70.345604	223.76762	70.348595	6.003134	-224.2233	14.025478	0.053182915	-0.00016351802	5993.775723695755
122	2587.1917	1277.3677	3439.44	561.06744	2677.9392	1207.7261	3551.9475	632.6779	762.1429	807.45	609999	224.8021	70.631874	224.80232	70.63534	5.9885106	-225.24905	13.825866	0.052526556	0.0006198487	6043.825754642487
123	2033.4448	1308.38	3576.5393	590.20074	2692.601	1198.2191	3457.5833	571.1934	585.125	799.35	614999	226.20247	70.85838	226.20235	70.86046	6.007272	-226.6548	13.980694	0.053180646	-0.00037618275	6095.405269384384
124	3047.6199	1074.513	3699.3875	652.01166	3506.4414	23.015945	3550.8215	3471.0525	863.6667	1000.0	619999	227.11293	71.29587	227.1131	71.29714	6.0020723	-227.56046	15.196813	0.05308456	-0.00010407589	6147.703704357147
125	2218.8848	1423.2881	3535.9983	557.78827	2703.0278	1389.8022	3680.5864	483.13272	647.4286	753.75	624999	228.39058	71.17534	228.3905	71.17633	6.003418	-228.83665	13.998441	0.054536913	-0.00018060025	6198.822028160095
126	3583.5679	65.29039	3672.9763	3502.538	3184.5344	1150.4542	3843.4316	487.30093	1000.0	853.75	629999	229.142	71.43503	229.14203	71.43589	6.001161	-229.56335	14.559262	0.05527217	-5.7720452e-05	6249.018377304077
127	2458.1992	1308.356	3705.8735	511.65112	3339.3882	10.686051	3367.1274	3320.8984	693.4286	1000.0	634999	229.95798	71.64999	229.95798	71.65027	6.0005198	-230.3736	13.835681	0.056000043	-2.1494245e-05	6299.215891122818
128	3513.3906	134.59685	3715.9949	3306.708	2414.2056	1435.4855	3689.2793	503.5495	992.8	675.1	639999	230.73637	71.92112	230.7367	71.92024	6.0045915	-231.14583	14.285759	0.05600492	-0.000251681	6349.280594825745
129	3062.9148	1102.8499	3638.1091	600.82117	3495.935	19.427952	3528.8555	3462.5032	866.1667	1000.0	644999	231.55725	71.95451	231.55702	71.95621	6.0035	-231.9585	14.064678	0.05695996	-0.0001955827	6400.8638920784
130	3590.7847	95.73785	3774.1394	3498.7148	3338.211	12.900005	3362.1143	3308.573	1000.0	1000.0	649999	232.64145	72.08756	232.64175	72.0883	6.005906	-233.04997	14.466734	0.058134235	-0.00034362412	6453.151468038559
131	3235.4314	510.55386	3517.0107	2215.3652	3378.4336	649.3247	3553.3638	548.746	928.0	958.7	654999	233.46158	72.11608	233.46173	72.11834	5.9914217	-233.86455	14.647965	0.058428418	0.0005137735	6504.310893774033
132	3434.1804	68.48169	3494.019	3341.9065	3312.752	24.996546	3364.439	3274.922	1000.0	1000.0	659999	234.5117	72.118904	234.51163	72.119225	5.991786	-234.93845	14.242125	0.057400677	0.00047128304	6554.385689258575
133	3452.2207	75.5431	3524.2947	3308.4785	3434.536	26.334167	3483.4897	3394.9407	1000.0	1000.0	664999	235.9005	71.79558	235.9005	71.80146	6.0052633	-236.33913	14.038284	0.056724556	-0.0002875168	6604.44828915596
134	2722.2651	1199.4309	3555.581	740.8375	2194.3396	1414.7936	3566.3965	512.53534	778.2857	643.5	669999	237.34442	71.483315	237.3445	71.48714	5.9994774	-237.78294	14.275288	0.056326073	3.7976693e-05	6654.475627183914
135	2637.6978	1340.4855	3542.325	502.80396	3457.175	9.980193	3472.9126	3437.1082	758.2857	1000.0	674999	238.4671	71.63626	238.46678	71.63793	6.002161	-238.9055	13.905694	0.05621095	-0.00011557225	6706.034086942673
136	3095.3757	1059.1427	3617.841	727.7762	3523.3074	25.639454	3560.183	3450.6165	869.0	1000.0	679999	239.67282	71.68847	239.673	71.6885	5.997877	-240.08835	13.971366	0.055490807	0.00012796416	6758.272661685944
137	3602.8452	51.018497	3665.034	3529.1829	3447.5671	9.123249	3466.1738	3431.5378	1000.0	1000.0	684999	240.3002	71.97825	240.30037	71.979034	5.997199	-240.70496	13.684137	0.056992676	0.00016606964	6809.329804420471
138	3606.2844	78.52164	3750.4268	3546.2769	3522.939	40.54524	3584.9211	3437.551	1000.0	1000.0	689999	240.6576	72.48903	240.65758	72.49007	6.000822	-241.0601	14.031243	0.056743287	-3.8998554e-05	6858.694538593292
139	3565.2866	29.614536	3599.5708	3514.333	3576.6167	14.1240015	3595.3506	3538.7246	1000.0	1000.0	694999	241.68777	72.554016	241.68793	72.55601	5.998735	-242.10092	13.403147	0.05568567	7.8054916e-05	6908.595485687256
140	3002.2732	1234.568	3696.8633	534.5536	3524.6921	27.110981	3586.5835	3478.956	829.0	1000.0	699999	243.11913	72.16927	243.1193	72.17014	5.999655	-243.54277	13.441338	0.055772766	2.8961205e-05	6958.496592760086
141	3702.2156	76.86483	3806.2646	3610.3777	2850.0283	1345.6368	3806.2898	453.57355	1000.0	780.8	704999	244.37938	72.54258	244.37927	72.54457	5.9997506	-244.81873	13.038667	0.05641596	2.2400856e-05	7010.648552894592
142	3727.414	48.739624	3807.3474	3657.8276	3815.7434	17.362698	3855.9453	3787.1367	1000.0	1000.0	709999	245.49918	72.797134	245.49918	72.79618	6.000833	-245.91032	13.117383	0.05604248	-3.7247373e-05	7063.020269870758
143	3745.3374	17.664759	3759.4744	3713.911	3528.42	96.27109	3689.6516	3285.8276	1000.0	1000.0	714999	246.497	73.02231	246.49675	73.02572	6.006549	-246.9113	13.545878	0.056292553	-0.00036454826	7113.287747859955
144	3262.7	1220.1221	3862.8606	535.61816	3803.5754	13.79924	3825.5825	3778.6172	861.8333	1000.0	719999	247.43645	73.366196	247.43633	73.37047	5.9966497	-247.8462	12.824	0.056694556	0.00019961856	7163.267254114151
145	2941.3787	1424.5946	3885.637	413.69067	3685.5613	25.351059	3741.0115	3628.1062	769.4286	1000.0	724999	248.32954	73.58606	248.33003	73.58741	6.0011134	-248.7324	13.468087	0.056422155	-5.5444587e-05	7213.138889312744
146	3801.1594	52.625927	3877.689	3724.377	3788.5415	13.381415	3806.6453	3764.4934	1000.0	1000.0	729999	248.94514	73.9114	248.94498	73.911964	6.003837	-249.33342	13.514756	0.05779458	-0.00021347389	7263.436615943909
147	3811.3906	58.825912	3888.0085	3756.7903	3687.216	16.317997	3723.3333	3658.0032	1000.0	1000.0	734999	249.7762	73.73986	249.77623	73.74057	6.006335	-250.16725	13.207643	0.05947097	-0.0003682009	7315.644849538803
148	3748.8008	31.242523	3779.6665	3689.3496	3617.7449	17.221243	3649.3293	3581.8818	1000.0	1000.0	739999	250.77937	73.482475	250.77953	73.48437	5.998883	-251.16725	13.332539	0.059784595	7.5580916e-05	7367.997443437576
149	3711.103	57.86512	3788.373	3611.9014	3726.2578	31.974371	3792.1167	3676.6292	1000.0	1000.0	744999	251.7414	73.42327	251.74147	73.426056	5.995609	-252.143	12.848553	0.059477147	0.0002693775	7417.888312101364
150	3752.8445	37.588566	3802.3296	3698.629	3810.3555	17.553843	3840.938	3764.2063	1000.0	1000.0	749999	253.0938	73.34597	253.09406	73.34734	5.9946175	-253.51385	13.168394	0.058698267	0.00031883543	7467.864753007889
151	3787.6106	71.34313	3913.1716	3711.8982	3811.016	25.20247	3864.567	3763.346	1000.0	1000.0	754999	254.82443	73.27075	254.8244	73.27263	6.010644	-255.2733	12.83206	0.05807914	-0.00061242346	7517.794325351715
152	3732.0308	41.07822	3796.322	3693.739	3820.7136	42.512497	3925.5623	3737.1536	1000.0	1000.0	759999	256.6031	72.55975	256.60306	72.5623	5.989849	-257.0459	12.737332	0.059116304	0.0006048858	7568.13843870163
153	3201.1038	1219.6492	3864.4072	489.79404	3814.4395	29.441843	3866.3782	3752.047	859.1667	1000.0	764999	258.04538	72.53393	258.0453	72.53622	6.004811	-258.4848	12.735017	0.057734143	-0.00026816016	7620.261935710907
154	2136.3823	1645.8135	3795.9548	361.7828	3617.088	17.412992	3679.3853	3598.0461	569.875	1000.0	769999	259.42917	72.694565	259.42938	72.69525	5.994379	-259.8823	12.849931	0.056613464	0.0003315404	7672.398640632629
155	2453.3792	1538.1198	3713.6274	25.764624	3899.0605	25.914246	3942.8403	3857.7676	679.5	1000.0	774999	259.9512	73.29155	259.95123	73.29393	6.0040135	-260.3483	12.361077	0.05635978	-0.00022354956	7722.412661314011
156	2688.0305	1530.8335	3824.881	400.93716	3308.937	1221.9363	3837.8445	362.13617	718.8333	866.9	779999	259.835	74.069916	259.83517	74.0686	6.001751	-260.21924	13.250136	0.05661834	-9.244256e-05	7772.614631652832
157	3729.5273	49.654053	3794.9587	3650.3506	3644.189	22.760527	3671.901	3578.9963	1000.0	1000.0	784999	259.8628	74.61941	259.8629	74.62246	5.996242	-260.22296	12.858245	0.058067348	0.00022577216	7822.76487994194
158	3232.7732	1208.3546	3820.8794	531.63135	3672.0828	25.228214	3711.247	3629.5535	856.6667	1000.0	789999	259.73462	74.85362	259.73465	74.85455	6.0008783	-260.09323	12.91165	0.058553077	-4.060433e-05	7873.220971822739
159	3187.4753	1416.5521	3878.0095	21.034128	3811.896	15.426576	3858.7231	3788.0417	838.0	1000.0	794999	259.8292	75.433075	259.8293	75.43629	6.001615	-260.18106	12.805381	0.05807152	-8.388982e-05	7925.505712032318
160	3764.5125	56.73444	3852.3872	3707.2214	3908.6353	29.238106	3970.349	3858.418	1000.0	1000.0	799999	260.16122	75.4686	260.16107	75.46888	6.0021157	-260.5096	13.25727	0.06002033	-0.00011570787	7977.742336988449
161	3801.141	53.392372	3884.5947	3721.7441	3964.4243	15.253044	3993.9976	3944.2974	1000.0	1000.0	804999	260.6993	75.345604	260.69937	75.34612	5.9971466	-261.03333	12.969153	0.059681397	0.00017713937	8027.853140592575
162	3232.8665	1254.9805	3866.8762	429.54553	3815.9253	38.582813	3886.0874	3756.867	857.6667	1000.0	809999	261.2643	75.32659	261.26465	75.326866	5.991632	-261.61115	13.128997	0.058425035	0.00048643633	8077.99080324173
163	3324.8152	1131.475	3882.6592	795.97046	3884.827	32.54569	3940.8093	3800.9504	869.6667	1000.0	814999	262.04138	75.36898	262.0411	75.36944	5.999573	-262.4022	12.638283	0.056851983	3.16192e-05	8128.118103265762
164	3791.4524	156.24551	3948.5986	3511.1023	3826.5522	40.40191	3923.3477	3768.9463	982.2	1000.0	819999	263.04498	75.60867	263.04507	75.60861	6.0081677	-263.3914	13.057537	0.057497386	-0.00045741955	8178.451011657715
165	3872.946	70.26803	3939.9546	3747.325	4075.9192	33.83868	4123.838	4017.0833	1000.0	1000.0	824999	263.78848	75.64504	263.7885	75.64659	6.001444	-264.1532	12.591358	0.0568412	-7.671628e-05	8230.758221149445
166	3925.9211	31.228863	3981.858	3885.5735	3891.1199	20.84742	3924.8638	3851.6938	1000.0	1000.0	829999	264.9087	75.64308	264.9084	75.64544	5.9994993	-265.26434	12.768714	0.057885487	3.740771e-05	8282.977514266968
167	3891.5806	59.94122	3944.4124	3795.4812	3869.444	20.003202	3910.2402	3822.5435	1000.0	1000.0	834999	265.7487	75.89806	265.74924	75.897675	5.9942408	-266.11453	12.470934	0.057803962	0.00034082695	8333.123306512833
168	3895.3652	24.362118	3941.537	3874.823	3772.6558	15.711121	3800.8362	3739.292	1000.0	1000.0	839999	266.8246	75.70766	266.8246	75.70897	5.9984303	-267.18475	12.6348295	0.057450317	9.7484204e-05	8383.156236886978
169	3335.6614	1205.7355	3960.056	641.2424	3935.228	43.9568	3985.848	3850.765	862.8333	1000.0	844999	267.37064	75.700455	267.3708	75.700836	6.0043178	-267.71753	12.757286	0.057783447	-0.00023850478	8433.128860235214
170	3898.935	42.217293	3957.0144	3835.5674	3887.9277	29.605837	3943.982	3839.0847	1000.0	1000.0	849999	267.9156	75.57735	267.9156	75.58006	6.0022006	-268.2704	12.283307	0.057899427	-0.00011868776	8483.475078344345
171	3807.634	178.36363	4004.487	3476.7273	3874.4968	11.292548	3891.955	3850.7935	1000.0	1000.0	854999	268.40024	75.70973	268.4005	75.71057	6.003592	-268.7287	11.951814	0.058395308	-0.0002030632	8535.781746149063
172	3905.5266	25.081223	3940.9272	3866.815	3964.9302	23.428461	4020.504	3916.3518	1000.0	1000.0	859999	268.97382	75.849556	268.9735	75.84994	5.9973283	-269.31448	12.170761	0.05716518	0.00016556702	8588.015656232834
173	3918.4614	57.026203	3956.5874	3806.9287	3878.4758	33.067265	3920.8455	3762.7651	1000.0	1000.0	864999	269.84827	75.66844	269.84833	75.670105	5.9921746	-270.19656	11.933971	0.056872327	0.00045624175	8638.009288072586
174	3129.3835	1113.1854	3963.8662	1120.0531	3968.095	62.367977	4048.124	3810.0852	821.5	1000.0	869999	270.83746	75.67505	270.83765	75.674904	6.0059967	-271.1838	11.507189	0.05720354	-0.00033427702	8688.108969211578
175	3842.2852	123.7614	3940.534	3599.2466	3888.7437	36.07717	3978.987	3842.3723	1000.0	1000.0	874999	271.70764	75.965935	271.7076	75.967255	5.9898553	-272.05817	12.312105	0.05620904	0.00058004964	8738.255417346954
176	3578.0806	661.63715	3961.8398	2260.118	4021.416	20.02808	4055.1455	3962.185	917.4	1000.0	879999	272.8824	75.83878	272.88226	75.84312	6.0044065	-273.2489	12.082921	0.057130743	-0.00023552436	8788.50038599968
177	3948.5906	25.594826	3980.2407	3909.9277	3947.78	23.21594	3992.374	3917.5364	1000.0	1000.0	884999	273.48172	76.041695	273.4819	76.044815	6.0055995	-273.81824	12.089729	0.057297606	-0.00031227566	8841.908324718475
178	3716.9124	547.5292	4068.458	2504.5654	3930.4082	96.743095	4017.2217	3671.6477	949.6667	1000.0	889999	274.3077	75.99679	274.30777	75.998024	5.998156	-274.67426	11.924169	0.056866005	0.00011368272	8896.963150262833
179	3910.3977	26.79411	3953.2961	3880.223	3715.086	13.768568	3742.172	3688.085	1000.0	1000.0	894999	275.02206	76.09761	275.02222	76.09697	6.002637	-275.34644	11.419246	0.057306446	-0.00014266017	8951.615619182587
180	3914.4414	80.16348	4067.2334	3829.7268	3075.1892	1344.0834	3960.972	590.7233	1000.0	803.6	899999	275.4892	76.29792	275.48926	76.30113	5.997581	-275.829	12.522426	0.057838146	0.00014866436	9005.39608168602
181	3822.1003	60.356968	3879.5874	3722.9783	3890.0215	10.686518	3912.3352	3867.9026	1000.0	1000.0	904999	276.2556	76.14302	276.25583	76.1445	6.0000625	-276.57495	11.792206	0.057021327	8.163691e-06	9059.62930393219
182	3867.5278	55.58893	3929.0908	3799.5483	3824.1829	25.785385	3887.253	3780.0544	1000.0	1000.0	909999	276.57614	76.15015	276.5761	76.15263	6.0051603	-276.89175	12.243378	0.058001857	-0.00029540365	9112.984850645065
183	3826.275	128.89314	3941.2073	3637.9624	3802.4387	8.235179	3819.2627	3789.4058	1000.0	1000.0	914999	276.8451	76.21483	276.84497	76.21671	5.997802	-277.14764	11.824764	0.059022307	0.00013817566	9162.776467561722
184	3201.1375	1136.864	3796.1677	928.4834	3885.481	48.103687	3983.4668	3821.4392	850.8	1000.0	919999	277.03656	76.28203	277.03653	76.2839	5.9933596	-277.35455	11.913118	0.058905493	0.00039453746	9213.465156316757
185	3826.9604	66.8817	3932.5322	3729.4998	3899.5593	17.194386	3928.468	3875.0178	1000.0	1000.0	924999	277.6521	76.24494	277.65247	76.246994	6.0029507	-277.9732	12.233564	0.057696283	-0.00016190743	9265.619653701782
186	3901.184	66.960144	3989.206	3819.3208	3854.2476	27.016478	3931.2256	3816.405	1000.0	1000.0	929999	278.43307	76.16637	278.43256	76.16937	6.0038886	-278.74854	12.235109	0.057764955	-0.00022083425	9317.7826898098
187	3936.3496	49.40027	3993.8953	3866.9187	3885.3113	33.129696	3952.2537	3838.6785	1000.0	1000.0	934999	279.24857	76.16309	279.24866	76.163315	5.997852	-279.58722	11.387933	0.058290247	0.0001353593	9368.891151189804
188	3130.696	1289.2478	3974.9812	622.9846	3490.9675	1167.7861	4049.2224	566.8362	805.8571	887.15	939999	280.1959	75.8606	280.19608	75.863434	5.9927635	-280.52606	12.562838	0.056855824	0.00042376682	9422.505997180939
189	3886.2104	113.7111	3973.7383	3662.7793	3912.601	10.439687	3930.6003	3890.5076	1000.0	1000.0	944999	280.86588	76.07046	280.86597	76.07171	5.9998436	-281.1764	11.18959	0.056679334	1.58419e-05	9474.686215162277
190	3764.9233	416.07547	4073.7073	2943.1592	4044.765	36.99723	4108.2563	3996.6396	1000.0	1000.0	949999	281.37576	76.449234	281.37558	76.45014	6.0094533	-281.68842	11.674834	0.056871027	-0.0005363619	9525.942707538605
191	3865.263	71.75009	3915.6409	3724.5962	3956.9653	20.48363	3999.357	3924.0383	1000.0	1000.0	954999	281.4995	76.76168	281.4998	76.76149	6.000303	-281.7872	11.65798	0.058300905	-9.666776e-06	9575.853924036026
192	3945.6472	43.367382	4002.96	3899.371	3914.8523	27.737078	3944.3337	3830.2834	1000.0	1000.0	959999	281.5726	76.92696	281.5725	76.92869	5.9981084	-281.8582	11.965845	0.059352465	0.00012033565	9625.713696479797
193	3964.3286	36.03588	4019.7444	3925.6658	792.9883	590.132	3330.7947	559.61273	1000.0	248.2	964999	281.71283	76.887375	281.71265	76.88911	5.9998274	-281.9937	11.446083	0.05897432	1.8108285e-05	9675.560991048813
194	3896.1606	80.444534	3974.4856	3741.5264	3987.627	20.439802	4030.1262	3955.5776	1000.0	1000.0	969999	282.275	76.72008	282.27505	76.722374	6.000332	-282.5592	11.93604	0.058614075	-1.1309421e-05	9727.431849002838
195	3964.562	45.31114	4015.306	3905.7544	4050.523	10.363674	4068.8372	4027.4338	1000.0	1000.0	974999	282.9091	76.74998	282.9092	76.75079	6.003172	-283.19635	11.666523	0.05898568	-0.00017990937	9779.785170078278
196	3849.3281	68.92951	3983.082	3800.4792	4011.8105	14.711124	4037.075	3986.2827	1000.0	1000.0	979999	283.15982	77.09756	283.16013	77.09799	6.000033	-283.447	11.399257	0.05866449	6.0455322e-06	9830.688306093216
197	3292.229	1359.5796	4016.3284	574.05774	2823.2246	1552.0917	4113.108	555.9468	833.4	732.75	984999	283.79514	77.01673	283.795	77.018555	5.9949102	-284.09427	11.762309	0.05906206	0.00030826122	9880.775920391083
198	3395.0166	1181.2303	4031.5813	773.137	3917.1895	13.028085	3937.4458	3894.5376	872.8333	1000.0	989999	284.71796	76.472084	284.71817	76.470924	5.997986	-285.02197	10.990675	0.058892805	0.00012484574	9930.967772722244
199	3866.3145	157.89197	4030.045	3571.2607	4013.3862	23.11462	4055.0938	3951.2534	980.0	1000.0	994999	285.56726	76.40773	285.56723	76.4069	6.000964	-285.8466	11.8816	0.0577412	-4.5830013e-05	9980.73000717163
200	3987.0996	12.299603	3997.9517	3971.8696	3658.772	570.0836	3912.842	1737.2594	1000.0	945.4	999999	286.19666	76.63832	286.19684	76.640175	6.002706	-286.48285	11.533759	0.058243345	-0.00015059968	10032.878040075302
