Epoch	AverageEpRet	StdEpRet	MaxEpRet	MinEpRet	EpLen	AverageVVals	StdVVals	MaxVVals	MinVVals	TotalEnvInteracts	PolicyLoss	ValueLoss	Entropy	AvgKL	StopIter
1	-373.4428	55.475513	-287.4332	-450.45996	1000.0	0.26738805	0.47428215	2.0153403	-1.6162055	5000	-0.1033448	216.4538	1.8103477	0.023768	79.0
2	-376.79883	68.029434	-249.71837	-450.02905	1000.0	-31.263157	8.4344845	-2.2375855	-63.3858	10000	-0.10709541	225.46303	1.792114	0.015650956	79.0
3	-346.8642	68.64778	-265.98053	-438.7953	1000.0	-33.81293	9.094548	-5.533342	-65.52748	15000	-0.11145585	153.90437	1.7743086	0.021443551	79.0
4	-323.19772	27.89768	-275.59314	-357.78384	1000.0	-33.8477	7.0571423	-9.399322	-57.424953	20000	-0.113156065	132.49898	1.7488695	0.026601266	79.0
5	-244.2294	65.31041	-123.40986	-318.9501	1000.0	-30.56712	5.915455	-10.026123	-49.953033	25000	-0.1130041	112.89562	1.7550762	0.025757696	79.0
6	-263.39145	40.134464	-189.72974	-309.39066	1000.0	-24.565615	5.890364	-6.6164813	-41.105217	30000	-0.11170036	122.18932	1.7124674	0.025636358	79.0
7	-265.35455	100.47355	-104.8794	-404.86948	1000.0	-26.505835	5.6083164	-10.48255	-45.929234	35000	-0.115440756	111.83305	1.7125676	0.02859097	79.0
8	-174.11737	48.007435	-128.75807	-260.39008	1000.0	-23.71835	7.5984898	-5.3576508	-42.587532	40000	-0.11147295	100.23404	1.6648086	0.03408777	79.0
9	-214.6478	35.71699	-171.19247	-264.3088	1000.0	-18.16687	3.7171168	-8.0023	-33.109753	45000	-0.117161795	70.926285	1.6797318	0.028500458	79.0
10	-140.50505	38.28106	-92.855255	-187.25766	1000.0	-17.897327	4.833462	-7.9028454	-36.406788	50000	-0.11145845	83.431076	1.6314344	0.02353123	79.0
11	-126.067894	83.42806	-21.21095	-226.20372	1000.0	-14.14165	2.5731843	-5.612127	-27.672646	55000	-0.11897119	92.533615	1.6290686	0.025573503	79.0
12	-84.602066	82.115585	4.4524875	-213.93932	1000.0	-12.85338	3.9013402	-4.470462	-27.61089	60000	-0.11535752	87.00085	1.5929273	0.029142853	79.0
13	-104.298706	59.010704	-29.258234	-203.32085	1000.0	-9.816157	4.085901	-1.7142497	-28.092787	65000	-0.116679125	61.116787	1.5714103	0.026810199	79.0
14	-64.26725	65.92237	-1.4521106	-151.65227	1000.0	-8.320932	3.080623	-0.5970432	-26.315933	70000	-0.113688596	79.00808	1.5364298	0.01147411	79.0
15	-42.998993	95.480865	26.368372	-225.6547	1000.0	-8.7385435	7.217843	1.5093503	-40.044098	75000	-0.118408814	59.123337	1.4831965	0.022148497	79.0
16	-67.869644	23.777529	-41.416203	-104.73077	1000.0	-2.3556402	3.5323074	6.6298976	-19.485863	80000	-0.121315636	85.56985	1.451689	0.023543518	79.0
17	-11.328238	50.770008	66.32358	-83.29384	1000.0	-4.728162	3.3451202	3.9340355	-24.20562	85000	-0.12157111	46.885586	1.415275	0.026394527	79.0
18	-11.707406	30.565548	33.018723	-59.500786	1000.0	-1.7362477	2.8743434	4.8215976	-15.941859	90000	-0.11835847	58.162113	1.3700548	0.026816523	79.0
19	24.6778	50.30309	97.86852	-22.972456	1000.0	-2.9280126	3.2343323	8.023512	-16.714485	95000	-0.117639124	58.12445	1.3174363	0.031285886	79.0
20	40.812897	11.835136	62.193665	26.157063	1000.0	1.4132107	2.8359218	10.31297	-14.586875	100000	-0.11565898	47.5446	1.2956269	0.022740802	79.0
21	54.651817	38.012093	118.83115	10.013826	1000.0	4.873988	3.305933	17.208605	-9.542267	105000	-0.1195106	81.86305	1.2359935	0.021950869	79.0
22	70.397766	40.395187	107.6815	-4.724327	1000.0	4.8157444	3.9628782	21.419935	-11.702381	110000	-0.11973989	47.757313	1.2140516	0.036074992	79.0
23	62.27772	38.050377	100.686455	-7.1880984	1000.0	6.8743453	3.253138	19.165766	-10.410258	115000	-0.12153784	58.72239	1.1637125	0.026476754	79.0
24	82.7039	39.334503	136.23306	42.228745	1000.0	7.1065173	3.206105	25.230024	-5.932586	120000	-0.12024851	72.6758	1.1304688	0.048230436	79.0
25	81.21183	39.682514	121.57473	22.523403	1000.0	8.022226	3.3607917	25.068384	-8.541939	125000	-0.11780168	46.967957	1.0896224	0.028547775	79.0
26	100.158714	37.474483	136.28876	45.979286	1000.0	9.434737	3.0584679	20.934994	-5.18437	130000	-0.12073941	57.2226	1.0425688	0.032373805	79.0
27	118.77629	47.232796	175.64848	39.41133	1000.0	10.10008	3.6738994	25.469067	-3.346555	135000	-0.12450323	74.77297	0.9511082	0.028916681	79.0
28	84.06029	139.38011	184.45006	-190.23074	1000.0	10.70804	5.0137715	27.115393	-13.737995	140000	-0.12080479	69.7629	0.9079419	0.018660706	79.0
29	162.66484	25.942657	207.82571	141.64415	1000.0	13.44525	3.3090332	28.24743	-1.3624741	145000	-0.12052765	36.920094	0.89197844	0.04429509	79.0
30	158.74092	20.924688	186.82411	134.15265	1000.0	15.505347	3.3803267	32.627453	6.103474	150000	-0.12103941	24.877745	0.81741565	0.03631219	79.0
31	170.57341	51.008667	228.0535	76.53979	1000.0	16.810654	2.3829787	26.71556	6.4977226	155000	-0.12491704	77.37022	0.6913805	0.04286953	79.0
32	195.43018	17.484457	222.3082	179.47757	1000.0	17.041304	3.7416337	32.324356	4.5795393	160000	-0.12729345	47.62417	0.6306552	0.0465641	79.0
33	208.8505	47.04943	263.55615	126.49464	1000.0	19.15959	3.2304976	35.81928	9.310703	165000	-0.12163872	97.4739	0.5956655	0.029549012	79.0
34	219.58208	31.306246	261.57907	168.60518	1000.0	20.990473	4.0257764	36.885967	3.0473828	170000	-0.12205698	61.290726	0.5742253	0.039155733	79.0
35	216.03125	37.11709	268.87155	160.61475	1000.0	22.0085	3.323061	39.34261	7.4293222	175000	-0.12344601	62.083363	0.50227034	0.03537454	79.0
36	231.41714	30.411583	262.2479	192.65036	1000.0	20.431463	3.2498002	36.20825	-1.3196315	180000	-0.12222162	41.583893	0.495225	0.036969725	79.0
37	252.60214	70.06205	387.0788	182.90582	1000.0	24.560759	3.826884	45.36318	9.473387	185000	-0.1210186	108.72061	0.35205856	0.043838207	79.0
38	276.45575	40.35959	316.1054	213.16504	1000.0	24.22776	5.685144	49.224464	7.1667295	190000	-0.12671307	60.738495	0.35639447	0.039729364	79.0
39	171.13008	210.79509	337.7286	-235.90027	1000.0	23.839806	10.10879	46.56639	-19.849485	195000	-0.12120551	103.01482	0.2381692	0.016408807	79.0
40	306.01562	24.795046	339.3488	270.20822	1000.0	25.892519	4.5787125	50.686718	7.9651814	200000	-0.12366482	60.60915	0.22849463	0.05046135	79.0
41	285.05515	38.996155	333.13745	229.76888	1000.0	30.392368	5.3571296	50.243187	13.159747	205000	-0.1228418	72.162834	0.14411011	0.042154204	79.0
42	326.6979	27.641296	367.90527	286.90417	1000.0	28.546448	3.70811	44.755215	12.300757	210000	-0.12392859	66.2972	0.06590034	0.037323356	79.0
43	335.48474	49.04521	390.80154	253.18935	1000.0	32.83783	4.1909065	54.120083	3.1630092	215000	-0.12068867	67.14755	0.000434412	0.054368183	79.0
44	314.6732	74.48565	406.27048	178.82535	1000.0	33.745518	10.92124	54.52494	-28.384003	220000	-0.12495344	77.45405	-0.08757313	0.03845188	79.0
45	352.26895	27.671568	395.44662	326.7747	1000.0	32.75979	3.3510609	46.957485	19.308466	225000	-0.1287905	67.45314	-0.12286477	0.052439325	79.0
46	382.42993	23.5502	411.93634	359.70776	1000.0	35.798363	4.644103	55.04851	14.080126	230000	-0.1306209	84.95964	-0.21313378	0.05236544	79.0
47	399.81067	48.861183	466.12338	334.5136	1000.0	37.2989	4.5476346	56.935024	15.756992	235000	-0.12803207	85.17745	-0.2864841	0.056345057	79.0
48	380.18903	25.882992	398.16986	328.8811	1000.0	40.277863	4.683953	59.623043	18.338615	240000	-0.12780994	120.62905	-0.3485019	0.051830232	79.0
49	397.06204	39.296516	439.94855	344.81287	1000.0	38.725975	4.7874045	55.683857	15.690119	245000	-0.12953709	66.56098	-0.3956932	0.05045475	79.0
50	448.71738	75.290054	580.76306	353.90808	1000.0	40.560284	4.420908	56.95114	25.355776	250000	-0.12823856	111.36948	-0.46622804	0.05089995	79.0
51	370.25006	123.58099	477.56622	139.31738	1000.0	41.02475	15.365515	68.841805	-30.234154	255000	-0.12663789	142.73653	-0.56010604	0.041357055	79.0
52	461.086	59.23789	557.30524	386.72525	1000.0	43.680878	6.91796	70.19506	7.687208	260000	-0.1304594	108.9296	-0.60530114	0.053011622	79.0
53	501.0003	37.1516	546.19965	445.57175	1000.0	46.185764	6.0542674	69.083046	25.373652	265000	-0.13037655	114.77256	-0.67865795	0.04541142	79.0
54	492.021	41.973564	549.8695	440.8588	1000.0	49.63333	5.095696	66.732445	32.535603	270000	-0.1331765	97.88131	-0.77466434	0.042990077	79.0
55	495.66806	44.243225	564.43445	428.04626	1000.0	50.426556	5.456249	70.11847	30.29035	275000	-0.132804	111.38535	-0.82712394	0.04505074	79.0
56	490.54486	45.781414	561.3126	436.46112	1000.0	49.85388	5.4456067	74.60497	29.616035	280000	-0.12304179	102.28562	-0.88645273	0.051955577	79.0
57	566.8136	68.22743	690.4223	498.0106	1000.0	50.531017	5.8344183	73.750496	21.526789	285000	-0.13250783	113.65316	-0.97264993	0.05436452	79.0
58	506.75455	85.11576	615.95636	393.66385	1000.0	56.965862	6.2631216	77.76176	33.610855	290000	-0.1366389	141.53403	-1.0443258	0.06361793	79.0
59	575.4697	55.279903	623.61975	475.64606	1000.0	52.394737	5.2396827	74.90725	32.666306	295000	-0.13351066	104.99006	-1.1401775	0.053624902	79.0
60	549.3021	62.865356	619.58887	445.56805	1000.0	57.354855	5.564665	77.54988	38.82719	300000	-0.13339868	95.418434	-1.2060862	0.05605322	79.0
61	627.9774	32.09474	683.8406	591.7548	1000.0	56.34984	5.554683	78.32585	39.6691	305000	-0.13206749	138.37912	-1.3192497	0.055650488	79.0
62	575.85486	76.54556	684.0589	456.75882	1000.0	62.272408	6.516433	84.39113	43.00021	310000	-0.12948535	196.8961	-1.3806372	0.048952494	79.0
63	630.70044	36.612537	694.62787	597.6312	1000.0	58.904488	7.0927906	81.34011	23.076187	315000	-0.13134646	122.59173	-1.4249178	0.057667937	79.0
64	627.1714	49.95012	698.5329	570.3046	1000.0	63.97714	6.9234605	89.09476	43.289078	320000	-0.11290957	121.7756	-1.4800948	0.07691548	47.0
65	657.96814	40.990013	722.25183	602.3501	1000.0	63.28182	6.0475206	90.18281	37.759712	325000	-0.09071795	123.5377	-1.5426491	0.087801754	46.0
66	583.07825	82.686165	702.2735	488.17398	1000.0	65.13691	5.4164114	91.876656	43.25491	330000	-0.13298781	145.13795	-1.5649344	0.06758837	79.0
67	629.091	124.40663	806.54193	442.4293	1000.0	58.2867	11.515272	80.43346	-15.008665	335000	-0.13297874	230.49664	-1.6904988	0.059071235	79.0
68	671.09674	72.63391	815.3425	622.09546	1000.0	64.60471	9.361831	91.848564	27.324211	340000	-0.13134338	140.48033	-1.7748054	0.05868008	79.0
69	694.8611	51.135967	756.7014	611.3918	1000.0	66.93755	5.797191	87.55587	44.59565	345000	-0.13422701	127.451324	-1.83487	0.05210148	79.0
70	721.95953	35.705772	782.9152	678.3202	1000.0	70.41975	5.8368263	91.74415	47.45024	350000	-0.08335802	90.24441	-1.8518026	0.07723182	25.0
71	720.1356	81.56724	814.91486	600.25006	1000.0	73.3211	5.531536	92.68061	51.79162	355000	-0.12809932	123.88036	-1.9121133	0.07235703	79.0
72	732.2952	35.384274	772.5035	666.92975	1000.0	72.14549	5.4801226	92.64028	51.526524	360000	-0.13476448	113.08495	-1.9508543	0.051140916	79.0
73	752.80634	54.941746	818.0407	656.89294	1000.0	73.470116	5.4868135	94.53903	52.003983	365000	-0.08575537	115.821236	-1.9924821	0.07860493	25.0
74	708.25073	55.97504	796.5278	656.6709	1000.0	75.982445	5.7031727	100.37448	54.96161	370000	-0.13126168	147.14253	-2.0464559	0.056446362	79.0
75	747.2946	60.46658	834.34393	684.9148	1000.0	73.81035	6.7692027	100.8618	45.040405	375000	-0.13160317	143.39697	-2.0880702	0.06252036	79.0
76	747.5038	29.05879	787.34717	697.4352	1000.0	75.32334	7.0094504	105.17828	51.23027	380000	-0.10328755	125.5582	-2.1422048	0.07606782	41.0
77	764.9778	60.539352	823.8714	676.8506	1000.0	76.01392	6.1350226	102.52561	53.75962	385000	0.017083012	98.33684	-2.1381824	0.08729668	4.0
78	807.34393	64.51056	914.28064	715.8111	1000.0	77.70302	6.0538273	97.95822	57.191376	390000	0.05341021	158.99382	-2.1734521	0.0843836	1.0
79	745.5807	37.81041	789.6983	687.5653	1000.0	79.71343	6.5133014	102.47335	53.321014	395000	0.05794241	95.4125	-2.1426625	0.10696545	1.0
80	807.09753	55.756207	874.5429	713.3285	1000.0	77.78037	5.475879	99.06525	58.03734	400000	0.06767261	153.03133	-2.1942613	0.12106487	1.0
81	747.6955	39.909542	816.0223	694.84564	1000.0	80.58445	6.5243363	104.1535	55.351982	405000	0.052660957	171.94615	-2.1623583	0.09366486	1.0
82	659.3025	64.64518	730.9786	551.687	1000.0	76.01744	7.1360965	104.42342	49.535496	410000	0.061975427	181.81543	-2.1739395	0.120116286	1.0
83	749.56964	80.841095	876.7544	643.2243	1000.0	69.277214	7.4730325	96.78991	25.191704	415000	0.04970739	178.23216	-2.153933	0.09945505	1.0
84	794.59296	63.342014	886.01935	710.74164	1000.0	76.30583	7.6852937	104.2634	42.620564	420000	-0.09397107	158.51488	-2.2204077	0.07767184	37.0
85	746.5049	195.04039	915.461	368.2557	1000.0	76.57295	15.491341	106.21057	-8.605098	425000	0.016868332	201.20242	-2.2341652	0.08271312	4.0
86	695.59863	363.78662	974.55475	-21.374117	1000.0	67.85175	38.18472	110.176926	-56.74411	430000	0.064142786	245.5866	-2.2593267	0.10619785	1.0
87	852.0459	71.183136	958.7802	757.2308	1000.0	85.815796	8.528303	112.62003	31.297964	435000	0.051421363	123.73315	-2.2652054	0.082770355	1.0
88	840.92126	47.97122	908.2187	779.1977	1000.0	84.795364	6.2783813	107.00842	47.063274	440000	0.07427521	165.96495	-2.2806664	0.12343062	1.0
89	885.2043	55.262096	966.9917	807.846	1000.0	85.51026	6.9380317	109.49571	54.98553	445000	0.066286676	124.84686	-2.288286	0.10235147	1.0
90	770.80536	69.90448	895.31396	687.75885	1000.0	87.64223	7.0506244	113.46908	51.22243	450000	0.020491602	207.90364	-2.2814984	0.08559757	3.0
91	874.17004	84.63136	1021.48645	790.5892	1000.0	81.317085	7.402443	105.91077	53.34374	455000	0.008834308	194.63423	-2.304851	0.077013694	3.0
92	855.01447	51.259563	898.9801	757.78253	1000.0	86.62041	7.5987625	111.35881	50.034023	460000	0.05538273	177.90508	-2.3466468	0.11031648	1.0
93	613.4119	476.6891	952.3295	-333.11926	1000.0	72.16742	33.05798	113.477715	-32.066616	465000	0.04188678	233.1846	-2.3694105	0.09107394	1.0
94	854.23	70.04055	956.26544	752.3643	1000.0	84.5764	7.2862697	114.4748	40.34722	470000	-0.027609564	141.0313	-2.3428376	0.08365842	9.0
95	862.1276	68.73436	978.3839	779.4052	1000.0	85.10259	6.474995	110.147804	53.374012	475000	-0.030577075	177.0292	-2.3855855	0.08416666	10.0
96	899.91425	110.77237	1082.0029	767.82434	1000.0	88.001015	7.7454796	118.835915	47.2529	480000	-0.12611263	272.5857	-2.43677	0.055675708	79.0
97	829.60614	60.41082	912.5378	726.89294	1000.0	89.74086	8.168501	123.52835	53.820293	485000	-0.115914725	215.66554	-2.4629674	0.075634085	56.0
98	907.41486	60.47526	1013.90515	834.7869	1000.0	85.421524	7.717102	121.22347	54.145073	490000	-0.13347033	176.98666	-2.5433683	0.06577737	79.0
99	853.1688	43.94532	909.5458	774.0299	1000.0	90.28965	7.80864	114.72737	53.42182	495000	-0.13291204	149.83705	-2.5725994	0.056086894	79.0
100	836.7386	65.921844	929.11176	743.731	1000.0	86.494736	6.3105106	111.033394	56.580452	500000	-0.10603734	219.15883	-2.610298	0.083093144	49.0
101	911.7957	34.484898	954.2987	854.86395	1000.0	85.15055	7.2451134	110.88501	52.101353	505000	-0.1036915	117.95857	-2.6744757	0.07620163	46.0
102	962.0496	60.240505	1031.099	859.26086	1000.0	91.59328	6.1803374	111.99118	60.39108	510000	-0.124111086	130.11725	-2.7468572	0.0757353	71.0
103	774.09064	397.9249	1040.4304	-14.197118	1000.0	83.293	35.98984	121.56458	-34.03072	515000	-0.080846265	252.64395	-2.769702	0.079138845	24.0
104	925.2604	71.79158	1044.2725	828.2618	1000.0	94.5798	7.108168	117.05677	39.242493	520000	-0.03998357	188.65727	-2.7716582	0.079707615	12.0
105	944.8148	103.03152	1091.2709	798.91516	1000.0	92.91298	7.5209203	117.74671	58.2819	525000	-0.031703606	220.40413	-2.7674987	0.07554129	10.0
106	939.96124	71.56151	1060.6381	846.0414	1000.0	95.66695	8.537738	120.70276	49.41982	530000	0.010425369	184.83847	-2.759628	0.078199744	4.0
107	967.6795	71.04309	1048.8944	859.89453	1000.0	94.76892	7.09609	116.96288	60.44411	535000	-0.059910186	185.62437	-2.8008184	0.07559766	16.0
108	947.47784	97.75151	1030.845	759.21216	1000.0	96.9369	8.371343	121.46659	55.192074	540000	-0.03359956	218.40695	-2.7820103	0.081771076	9.0
109	932.32715	22.325844	967.8781	899.9445	1000.0	97.03193	8.150924	127.30659	53.13081	545000	-0.08033708	168.29253	-2.8021052	0.07710902	23.0
110	976.1341	75.47982	1108.7843	897.5386	1000.0	95.74881	6.5113764	119.963196	72.94451	550000	-0.07806939	148.6232	-2.8341384	0.07803985	23.0
111	1013.50323	56.916	1122.183	961.17706	1000.0	99.10718	6.66436	122.49119	70.25183	555000	-0.13176419	145.03065	-2.9182825	0.061223432	79.0
112	965.43195	77.50411	1077.8589	840.1128	1000.0	102.235115	7.324693	125.72429	61.589813	560000	-0.040956978	212.2621	-2.9150288	0.078849204	10.0
113	954.8175	107.33272	1160.308	851.39105	1000.0	98.68019	8.362738	128.26686	64.04604	565000	-0.04449325	195.40256	-2.9084566	0.08559882	11.0
114	1026.5522	86.00938	1144.8667	919.9839	1000.0	97.776985	7.566224	126.71997	66.33393	570000	-0.06469313	175.91194	-2.944716	0.0804175	17.0
115	1071.7435	81.232925	1147.9962	931.22986	1000.0	103.00292	7.945225	132.71635	70.69272	575000	0.0104502	219.71025	-2.9276989	0.077152476	4.0
116	942.2665	214.37007	1134.5806	527.6896	1000.0	100.99497	31.176882	137.86388	-37.116093	580000	-0.12561275	308.6271	-2.986058	0.058577504	79.0
117	1000.90234	52.69846	1074.554	951.5723	1000.0	99.25519	21.699976	128.98218	-61.813255	585000	-0.12469082	292.8838	-3.0350583	0.05926134	79.0
118	991.166	92.143715	1074.031	817.63165	1000.0	100.16836	8.729752	126.82795	26.841557	590000	-0.11275295	163.52957	-3.0544832	0.08345655	77.0
119	1032.4142	59.861626	1092.5192	934.7801	1000.0	101.1316	7.44397	125.22761	53.93626	595000	0.045370817	178.7644	-3.0770502	0.08769385	1.0
120	1115.2831	80.94208	1246.8243	1040.1786	1000.0	104.254074	8.432625	130.10706	53.125015	600000	0.06386093	250.34897	-3.0853035	0.13235071	1.0
121	1104.3214	49.281372	1143.3695	1019.2737	1000.0	111.82699	9.463134	142.16693	64.91472	605000	0.0203952	181.5525	-3.0894306	0.080377944	4.0
122	1076.478	53.089638	1149.5114	992.447	1000.0	111.846176	7.0362425	138.67668	81.657135	610000	-0.08562003	196.03595	-3.094003	0.07813457	26.0
123	1092.4763	76.56389	1162.9277	943.84125	1000.0	110.0131	7.449729	133.27151	70.84967	615000	0.0019660837	140.7943	-3.1100223	0.075793885	5.0
124	1054.6909	49.572403	1092.6223	966.6037	1000.0	110.32836	6.6108675	131.915	83.897484	620000	0.04297067	198.81744	-3.098007	0.08331869	1.0
125	1104.3203	86.993866	1201.2721	942.8712	1000.0	108.71033	8.178858	143.07755	64.63758	625000	0.07039333	314.1842	-3.1377854	0.11623394	1.0
126	1112.1514	34.71439	1159.0352	1057.6232	1000.0	112.1394	10.938225	149.72704	56.645134	630000	0.07982546	167.71898	-3.1175525	0.1281025	1.0
127	1089.0331	86.034966	1196.299	958.8399	1000.0	111.67784	7.718388	137.01523	67.959366	635000	0.06941785	175.1216	-3.1201806	0.12582052	1.0
128	1071.575	86.936295	1211.1886	977.2898	1000.0	109.66473	7.572283	140.58115	72.25813	640000	0.012703749	211.1626	-3.130187	0.080005355	4.0
129	1115.4382	99.13962	1220.9115	951.4645	1000.0	109.8591	8.790068	136.46912	61.604836	645000	-0.041443657	180.73953	-3.1353765	0.080672204	12.0
130	1104.6747	69.985886	1231.2767	1034.2573	1000.0	113.03959	8.214392	143.50961	82.08248	650000	-0.13037583	177.05846	-3.1829083	0.06627584	79.0
131	990.18427	200.96182	1129.4233	593.62286	1000.0	106.166916	25.575949	142.43843	-28.288364	655000	-0.124650806	241.5227	-3.2279446	0.06008588	79.0
132	912.9044	481.26358	1282.3914	-39.47589	1000.0	88.196175	45.877106	133.621	-55.937798	660000	-0.12497562	301.66006	-3.310246	0.052247424	79.0
133	1139.0673	78.90054	1267.6421	1051.3615	1000.0	111.92683	11.852513	143.33484	28.91967	665000	-0.076220445	152.9585	-3.2934828	0.08950666	22.0
134	1127.8901	59.868126	1225.2937	1051.4813	1000.0	115.604385	7.300649	139.4433	84.58137	670000	-0.03734464	159.11694	-3.2948484	0.08291851	11.0
135	885.90027	343.96268	1114.4475	203.42378	1000.0	101.31399	34.20376	140.11404	-27.113338	675000	-0.061542347	433.7443	-3.3085296	0.077724025	15.0
136	1176.6416	59.779907	1279.164	1113.8118	1000.0	106.23755	9.256524	136.89737	62.62319	680000	-0.09749866	206.30731	-3.327622	0.077622615	35.0
137	1127.4703	92.03204	1185.0177	944.2084	1000.0	114.73418	10.073835	139.50536	57.659363	685000	-0.10448633	247.8803	-3.3604422	0.08089353	46.0
138	1072.0498	44.100674	1131.6306	1018.7386	1000.0	113.816376	9.28398	144.67224	72.41827	690000	-0.0663695	198.85945	-3.3324585	0.076419234	18.0
139	1130.5177	66.01847	1213.9006	1017.90173	1000.0	110.011566	8.233055	141.65588	67.09612	695000	-0.07191111	201.6509	-3.3419855	0.075670935	17.0
140	1073.4954	89.889336	1144.4496	899.48395	1000.0	112.82626	7.0327272	138.09058	84.846695	700000	-0.13226137	237.97102	-3.3987231	0.061999023	79.0
141	1143.5148	108.30468	1227.0565	960.6578	1000.0	111.79188	8.679386	143.36288	73.71284	705000	-0.11801034	268.46268	-3.5035288	0.07918512	64.0
142	911.3078	491.73703	1267.8608	-56.109398	1000.0	101.61406	35.654892	145.30269	-24.770853	710000	-0.02390435	353.1186	-3.5245647	0.07635287	8.0
143	1142.9965	63.141457	1247.5344	1076.7253	1000.0	111.78268	14.734002	139.70901	-51.683575	715000	-0.022953583	265.0087	-3.5061538	0.089010276	8.0
144	1031.3256	401.58682	1337.5931	238.86656	1000.0	96.02926	48.907734	140.87096	-67.24466	720000	0.0054219584	281.29718	-3.5417352	0.09214845	6.0
145	1136.6744	74.853874	1233.4878	1024.2083	1000.0	119.26615	8.526476	145.5903	65.23348	725000	-0.00029974326	227.21065	-3.5009835	0.07966062	6.0
146	1132.0574	68.0031	1231.1882	1054.1427	1000.0	114.3143	8.624836	143.85535	68.57861	730000	-0.0468722	185.9046	-3.5187016	0.0778995	12.0
147	1026.821	221.9942	1275.8015	612.0502	1000.0	102.80906	40.279736	143.62271	-59.870586	735000	-0.10616788	354.7655	-3.5563095	0.049388148	79.0
148	1189.5662	53.601845	1262.9427	1116.8492	1000.0	112.3429	8.421402	146.11507	68.111374	740000	0.02385896	251.78384	-3.580485	0.08943341	4.0
149	939.46387	517.63586	1327.4796	-82.81742	1000.0	98.60687	50.25931	152.02551	-41.008743	745000	0.050291754	300.56476	-3.607207	0.0976543	1.0
150	1161.4071	34.95773	1193.3837	1094.9893	1000.0	118.68842	8.328085	147.2885	48.463196	750000	0.07690171	199.64978	-3.6024423	0.16241999	1.0
151	1187.4631	68.5884	1319.9202	1126.4425	1000.0	117.75049	8.30031	152.79105	74.09881	755000	0.053078588	200.36603	-3.6094534	0.08788284	1.0
152	1173.0209	74.98819	1291.2242	1067.1179	1000.0	119.74269	7.1836495	143.85248	73.71333	760000	0.0863144	194.2089	-3.619148	0.17831533	1.0
153	1225.3901	40.35199	1268.0707	1165.3037	1000.0	120.2263	7.68891	148.83307	86.141014	765000	-0.031004075	120.48535	-3.6444046	0.07931264	9.0
154	1226.5813	35.896183	1273.6289	1168.361	1000.0	124.9022	7.2346535	151.47711	74.99192	770000	0.016468942	158.48683	-3.6352923	0.07517529	2.0
155	1209.9816	96.13876	1337.3411	1090.8466	1000.0	125.04713	7.266114	151.6414	82.079765	775000	-0.025066214	267.32455	-3.62285	0.086225525	9.0
156	1255.5476	35.9305	1302.3379	1206.9967	1000.0	123.94575	8.883647	150.99759	91.83876	780000	-0.07604082	144.23788	-3.6472	0.08680369	23.0
157	1168.3418	133.89273	1328.1498	1001.5918	1000.0	125.30263	7.5309634	147.71866	88.79211	785000	0.037164208	280.35028	-3.6777055	0.092128724	1.0
158	1167.5448	70.66843	1306.2019	1116.6907	1000.0	118.63551	9.256667	147.44756	76.35399	790000	0.015408157	259.48315	-3.6810157	0.07616987	4.0
159	1182.9332	67.04539	1243.7772	1074.1804	1000.0	119.24749	8.799193	148.4522	82.88968	795000	0.03266101	223.8008	-3.6615741	0.09219823	2.0
160	1213.0753	120.15382	1398.7129	1059.9015	1000.0	118.9675	7.992039	146.18149	75.74529	800000	0.004441083	229.32225	-3.685878	0.07902207	5.0
161	925.0838	590.24396	1336.7189	-247.47661	1000.0	97.749374	54.677746	149.77493	-65.303734	805000	0.04420983	352.12125	-3.6880555	0.07728254	1.0
162	1199.5732	116.62649	1383.8158	1063.2592	1000.0	120.41735	11.1977625	150.8556	36.841476	810000	0.091874264	282.37125	-3.7232015	0.20677836	1.0
163	1183.9017	136.59549	1296.6102	920.40643	1000.0	116.43607	31.147326	155.7198	-49.986458	815000	0.009766472	347.3984	-3.7249656	0.08124814	4.0
164	1173.4525	95.53697	1302.9172	1026.7612	1000.0	123.77957	9.424226	153.18347	46.721054	820000	-0.05021876	229.03865	-3.7190137	0.07902565	14.0
165	1147.7728	78.47121	1238.6699	1034.9366	1000.0	119.3098	9.309963	151.18274	63.057713	825000	-0.058232434	192.54832	-3.6959689	0.07621436	14.0
166	1289.2416	84.95282	1376.8759	1126.4663	1000.0	117.04607	9.099739	148.33952	37.448288	830000	-0.051199563	243.53842	-3.745468	0.07721553	11.0
167	922.95215	355.38507	1215.6965	263.45496	1000.0	105.239624	52.81874	153.09889	-71.82911	835000	-0.11700512	384.83636	-3.7816665	0.05665827	79.0
168	1172.9215	77.26262	1268.4316	1040.9775	1000.0	107.96744	25.418856	139.1159	-68.25501	840000	-0.11773484	259.6422	-3.8368952	0.06911024	79.0
169	1300.4221	60.70803	1389.4849	1249.8953	1000.0	120.86133	8.014629	142.8455	68.621445	845000	-0.08534582	192.15457	-3.8774328	0.07761316	29.0
170	1232.5024	27.611319	1266.4271	1202.0223	1000.0	130.8097	8.562837	156.9961	64.064	850000	0.046844378	166.5567	-3.8451107	0.08523548	1.0
171	1238.5419	55.47762	1318.547	1169.525	1000.0	125.22872	7.648281	156.93404	66.88333	855000	0.030736437	194.95668	-3.8418515	0.09241245	2.0
172	1225.2917	94.25969	1339.5165	1089.2781	1000.0	125.57801	8.080221	151.67625	57.68735	860000	-0.0032349082	246.92345	-3.8637388	0.07729001	5.0
173	1270.532	92.504684	1391.3174	1183.5178	1000.0	124.754135	8.87619	151.20529	69.74165	865000	0.043333925	219.59445	-3.8795352	0.08575752	1.0
174	1243.2672	80.53623	1367.0898	1161.4742	1000.0	127.80659	10.000665	158.1201	54.237007	870000	0.04965105	260.1357	-3.8604922	0.096189916	1.0
175	338.5669	756.6346	1285.3229	-443.26154	1000.0	54.046432	70.2374	157.1323	-62.593918	875000	0.092017084	537.4721	-3.9284275	0.22054029	1.0
176	1296.0159	88.1693	1390.9302	1156.4169	1000.0	118.57644	10.410024	152.03685	39.71589	880000	-0.017883167	216.02374	-3.897864	0.09820934	8.0
177	1275.4042	48.186714	1352.623	1222.218	1000.0	129.59335	9.842837	159.56557	69.366844	885000	0.035825755	213.37296	-3.8773282	0.085940816	1.0
178	1218.7786	109.56208	1360.9583	1050.2698	1000.0	129.7369	8.298299	155.4566	96.40163	890000	0.051170036	239.9347	-3.8861332	0.09180554	1.0
179	1309.7444	54.42235	1395.8059	1231.3309	1000.0	123.64166	8.173048	153.41307	86.98849	895000	0.07456609	184.94203	-3.8919532	0.117353104	1.0
180	1308.6289	94.48676	1470.051	1211.8538	1000.0	131.33905	7.8259373	156.44112	72.56065	900000	0.076977335	262.78064	-3.8865945	0.14393632	1.0
181	1244.4146	42.533558	1320.2139	1190.9447	1000.0	131.48181	8.548692	158.27086	98.055885	905000	0.054462336	168.0884	-3.823518	0.09015664	1.0
182	1280.7603	71.79923	1369.5707	1150.5061	1000.0	127.14503	7.7388053	151.25275	75.409386	910000	0.086417936	235.073	-3.879666	0.17234966	1.0
183	1236.5105	70.93247	1305.5219	1127.0103	1000.0	129.53548	8.519317	157.89854	85.794205	915000	0.059166625	257.96536	-3.844989	0.10829237	1.0
184	1030.7722	465.75888	1483.3541	139.796	1000.0	107.70215	47.77294	153.53337	-43.181763	920000	0.05276125	374.7504	-3.8350234	0.114143334	1.0
185	1205.3612	76.68381	1343.0404	1132.314	1000.0	123.988	8.984127	150.944	72.2636	925000	-0.049402002	250.348	-3.8315547	0.07686561	13.0
186	1251.3866	90.44943	1341.139	1096.8195	1000.0	120.04862	25.108261	152.82112	-69.69257	930000	-0.11938624	334.8075	-3.8731856	0.046982896	79.0
187	1269.4603	116.969185	1484.7122	1152.7274	1000.0	126.4459	10.458741	152.01514	25.355385	935000	-0.115181394	250.01277	-3.8882446	0.078586526	79.0
188	1289.7764	112.4231	1388.6047	1085.0044	1000.0	129.35498	8.431287	158.79286	93.469864	940000	-0.085310586	238.6838	-3.921796	0.07558729	25.0
189	1237.5193	45.565186	1301.4321	1163.0532	1000.0	131.34372	9.040645	165.03722	81.294716	945000	-0.09362263	256.1302	-3.9366317	0.07776953	41.0
190	1254.0155	59.21205	1291.3765	1136.4904	1000.0	126.82515	9.506048	152.26549	74.450745	950000	-0.12049242	177.00565	-3.9773023	0.08182865	68.0
191	1248.2576	106.19546	1432.8948	1119.9137	1000.0	126.10679	7.225648	147.36626	87.872154	955000	0.03513769	300.2392	-3.9268093	0.07985761	1.0
192	1300.4225	93.049614	1407.7612	1128.5322	1000.0	126.91418	9.817354	154.33044	80.18939	960000	0.07439442	185.4126	-4.023763	0.13312678	1.0
193	1338.5752	22.206762	1373.5565	1305.7281	1000.0	131.22685	7.2219925	158.70473	87.19277	965000	0.070549816	218.9533	-3.9957194	0.13221143	1.0
194	1299.1833	81.995674	1447.3722	1213.8373	1000.0	134.49081	9.33476	162.84018	68.25823	970000	0.047288615	251.2891	-4.0424323	0.10163233	1.0
195	1292.3761	48.061703	1359.2719	1221.7067	1000.0	131.9776	10.409122	164.13724	53.49062	975000	0.07639414	226.48186	-3.9923944	0.14886363	1.0
196	1298.3821	63.628372	1361.4601	1190.5787	1000.0	132.03392	9.305082	162.52641	94.76251	980000	0.053600263	168.04778	-4.0365076	0.08716538	1.0
197	1325.0034	72.13291	1425.3033	1217.6428	1000.0	133.75505	8.316539	157.25967	75.22996	985000	0.090090916	222.357	-3.986819	0.19519217	1.0
198	1360.5964	122.399895	1528.8475	1173.084	1000.0	134.42966	9.381046	166.7297	57.54197	990000	0.04027764	305.94446	-4.0530443	0.07518636	1.0
199	1335.9874	19.772526	1361.0112	1307.6768	1000.0	137.77013	9.647848	169.55722	71.20669	995000	0.07104615	215.97595	-4.0155945	0.12756573	1.0
200	987.29626	548.7114	1333.1815	-105.89339	1000.0	112.260376	55.67261	160.8529	-58.034966	1000000	0.06961507	405.42865	-4.047761	0.15122314	1.0
201	1297.5442	67.577675	1395.8923	1189.1241	1000.0	125.72131	9.597951	155.42714	81.69376	1005000	0.036060914	183.11784	-4.0305104	0.08655374	2.0
202	1291.4758	65.14167	1380.3738	1210.3816	1000.0	126.41124	25.542799	159.3472	-38.248062	1010000	-0.049991988	324.13315	-4.0289884	0.08094553	13.0
203	1058.8096	632.6119	1433.7689	-200.29793	1000.0	104.40872	63.70889	157.7263	-93.077065	1015000	-0.10271901	305.3924	-4.1210256	0.07665649	52.0
204	1071.4426	508.16882	1374.9576	57.88146	1000.0	107.105484	66.88424	158.787	-76.5988	1020000	-0.10732577	310.2102	-4.168425	0.065872654	79.0
205	1366.7297	60.68503	1466.9622	1288.6454	1000.0	129.3401	15.537933	156.52426	-72.72809	1025000	-0.033818994	366.41238	-4.170108	0.075812735	11.0
206	1293.8293	26.950432	1335.2982	1260.4874	1000.0	134.60468	9.243528	171.50027	71.54202	1030000	0.035833012	179.1	-4.1455674	0.07775535	1.0
207	982.22345	550.5886	1359.3389	-113.525185	1000.0	102.44332	64.705536	156.30063	-74.42828	1035000	-0.024373878	250.55397	-4.162119	0.076034054	7.0
208	1353.0334	61.845375	1465.3506	1287.4752	1000.0	126.54392	8.269688	152.20554	60.309628	1040000	-0.038904265	143.01901	-4.187107	0.07731462	9.0
209	1287.572	153.02034	1478.9968	1062.8246	1000.0	129.92805	33.36816	160.26672	-64.646095	1045000	-0.11178206	400.86285	-4.2554555	0.050318934	79.0
210	1348.8293	149.16803	1503.8794	1151.5862	1000.0	131.86188	13.241528	166.35164	13.993759	1050000	-0.090964615	268.7488	-4.2416162	0.07542703	33.0
211	1364.1294	78.13573	1507.9288	1301.8508	1000.0	137.28046	9.070203	168.72383	93.11325	1055000	-0.055625055	190.58334	-4.2899117	0.08899368	15.0
212	1206.3011	333.32864	1483.5105	676.4279	1000.0	120.0359	48.933907	165.03282	-52.72599	1060000	-0.11263986	621.4618	-4.3495946	0.04371519	79.0
213	1043.8185	495.65256	1433.4497	69.28641	1000.0	110.24798	60.28592	174.22649	-84.75281	1065000	-0.09719408	319.34186	-4.3227363	0.08106041	39.0
214	1398.3391	81.8012	1496.8533	1287.8242	1000.0	128.77354	10.428501	158.0635	48.23605	1070000	-0.0067924727	238.6539	-4.3658032	0.07941521	6.0
215	1067.135	635.08295	1456.9232	-197.93835	1000.0	113.55269	61.212547	165.70839	-45.174225	1075000	0.013826599	325.16595	-4.3555346	0.08164294	4.0
216	1040.2179	714.9668	1489.8372	-382.80673	1000.0	103.96683	71.331345	168.36629	-63.630226	1080000	0.046112645	264.09015	-4.3261795	0.08999681	1.0
217	1464.2327	77.081474	1558.5656	1341.1323	1000.0	141.83485	9.496153	171.8041	97.301506	1085000	0.06796139	199.9024	-4.4147906	0.10985896	1.0
218	1406.4816	66.90314	1494.2875	1294.4226	1000.0	148.1336	9.04507	175.83641	95.052635	1090000	0.09883805	201.10437	-4.3661537	0.22263926	1.0
219	1403.1995	56.876064	1466.8486	1312.4047	1000.0	142.903	7.5135503	168.93822	111.924	1095000	0.04729127	222.60257	-4.400819	0.084945925	1.0
220	1338.675	155.41823	1559.7092	1091.0217	1000.0	135.80702	31.442083	168.89297	-49.628708	1100000	0.077312924	390.0283	-4.367514	0.20191681	1.0
221	1362.0206	113.884186	1487.577	1151.3646	1000.0	132.75215	31.847403	166.9013	-51.994194	1105000	0.0023277116	348.2953	-4.3831544	0.08874968	4.0
222	1428.4971	105.53892	1521.781	1235.529	1000.0	140.2101	9.659375	169.8801	23.278625	1110000	0.006594448	277.46988	-4.3788166	0.08090933	4.0
223	1379.3245	58.418118	1453.7626	1302.1897	1000.0	144.73222	9.0859585	171.27599	82.637825	1115000	0.038085494	232.3534	-4.348252	0.08552117	2.0
224	1301.1594	226.97891	1511.4603	904.43225	1000.0	130.88417	43.51143	169.34016	-91.601395	1120000	-0.036445007	312.56253	-4.3673396	0.07701405	11.0
225	1361.4814	54.825512	1422.4784	1265.9952	1000.0	138.06444	9.568358	165.14827	59.602985	1125000	-0.073368356	256.04056	-4.34967	0.081915565	20.0
226	1463.1548	33.495064	1510.6962	1412.8479	1000.0	140.91313	8.187707	168.71025	95.07515	1130000	0.049832825	187.58769	-4.397361	0.14074385	4.0
227	1431.9694	64.26408	1501.5526	1320.1915	1000.0	146.73724	9.061627	171.33461	84.28117	1135000	0.027459033	188.8659	-4.3977704	0.08445667	2.0
228	1425.5591	49.27972	1471.5563	1343.7482	1000.0	145.33641	7.8735785	169.77773	44.87565	1140000	-0.044341505	163.7883	-4.386168	0.079859145	12.0
229	1431.0752	106.51417	1619.1616	1338.4761	1000.0	144.74745	7.140001	165.80183	90.39305	1145000	-0.04240305	304.4756	-4.398784	0.07796773	11.0
230	1364.6262	59.49869	1409.2598	1250.3453	1000.0	144.56755	9.424686	174.146	110.04779	1150000	0.050201483	192.12698	-4.353556	0.11559233	1.0
231	1381.6135	34.25265	1422.7703	1332.1984	1000.0	139.20483	7.413332	161.3814	93.03589	1155000	0.051312108	220.53654	-4.3989587	0.08609419	1.0
232	1508.207	37.4074	1557.5796	1453.8073	1000.0	141.34755	7.4898343	167.03711	114.656235	1160000	0.0884271	205.24698	-4.4033093	0.1701927	1.0
233	1433.5127	37.22498	1492.6267	1388.8453	1000.0	150.65065	7.933465	181.25882	118.58245	1165000	0.05434391	199.76918	-4.4017124	0.105192885	1.0
234	1405.469	54.709774	1489.1477	1349.5353	1000.0	145.98077	8.177579	174.49036	104.53799	1170000	0.085541666	205.17278	-4.4143543	0.13714814	1.0
235	1367.0546	111.11767	1495.3475	1207.4962	1000.0	142.69508	7.95321	168.91919	108.858444	1175000	0.115123585	293.2155	-4.414853	0.22545889	1.0
236	1462.6248	64.769264	1533.7424	1341.0413	1000.0	140.63216	9.656317	167.90205	100.293755	1180000	0.011490858	260.36777	-4.43476	0.07797027	4.0
237	1488.722	68.039894	1598.1183	1402.9258	1000.0	145.89015	8.892771	170.38208	93.218506	1185000	0.027018975	180.84851	-4.4521594	0.07518976	2.0
238	1476.3586	161.01512	1691.9857	1207.956	1000.0	151.15366	8.150879	178.18346	106.89826	1190000	0.043851323	373.47266	-4.4630227	0.08959909	1.0
239	1514.8181	53.13093	1583.5651	1456.662	1000.0	150.96065	11.802299	188.9111	87.87689	1195000	0.0767783	288.99545	-4.463915	0.15531045	1.0
240	1540.1658	61.655205	1648.6703	1457.8835	1000.0	152.78778	9.766001	181.5781	95.86753	1200000	0.051375885	161.84677	-4.4791107	0.09983066	1.0
241	1519.9434	71.63443	1580.698	1392.3661	1000.0	155.99664	8.056569	182.95302	122.28924	1205000	0.056856703	262.69388	-4.4833417	0.09147545	1.0
242	1465.6117	78.021385	1581.8777	1387.6376	1000.0	153.57562	9.524645	182.35086	94.84416	1210000	0.05993241	250.5677	-4.4951982	0.110438004	1.0
243	1508.026	45.676556	1553.2238	1437.0459	1000.0	149.2558	9.047943	176.8301	113.726524	1215000	0.057344157	216.60632	-4.470366	0.10587991	1.0
244	1522.0824	65.54802	1620.5812	1440.1001	1000.0	152.1656	7.6214995	175.7295	123.325356	1220000	0.065620884	208.4724	-4.50505	0.11551068	1.0
245	1450.879	25.294975	1487.243	1408.9857	1000.0	153.19452	7.492448	175.36836	120.10096	1225000	0.060865983	171.47533	-4.464726	0.12944673	1.0
246	1366.9128	315.12112	1545.1312	737.2892	1000.0	140.89055	32.894215	176.5715	-22.975927	1230000	0.059231237	373.75293	-4.492005	0.120861135	1.0
247	1479.2874	115.00575	1682.7909	1342.4783	1000.0	148.0937	10.645372	172.49199	27.206089	1235000	-0.009071659	307.4982	-4.4977274	0.07811626	6.0
248	1555.4894	95.5364	1740.918	1472.0648	1000.0	150.1047	9.20572	177.45125	92.11185	1240000	-0.00963967	263.9701	-4.502014	0.07741686	6.0
249	1517.4238	71.107864	1617.2668	1411.1727	1000.0	155.6876	10.837891	187.01822	71.692635	1245000	-0.039165568	199.4124	-4.4803667	0.07534027	15.0
250	1486.266	71.687965	1575.1637	1359.4131	1000.0	154.1801	7.897306	181.35301	122.5985	1250000	0.043360077	229.988	-4.494937	0.079431154	1.0
251	1230.6008	658.67126	1603.6119	-84.746994	1000.0	124.89085	62.50495	178.36032	-57.059574	1255000	0.046410825	343.97968	-4.454531	0.099150226	1.0
252	1455.9375	109.333	1602.4288	1268.5906	1000.0	152.02824	9.373814	178.40497	84.55704	1260000	0.022028964	280.2614	-4.4740257	0.08585191	4.0
253	1446.1774	93.08244	1567.3132	1358.3252	1000.0	147.096	8.747798	172.68425	72.09754	1265000	-0.07345585	240.33075	-4.484797	0.07502251	23.0
254	1285.8959	519.4906	1608.1635	249.38492	1000.0	125.77794	59.419373	172.0446	-75.21104	1270000	-0.11014258	356.2853	-4.5428867	0.05243809	79.0
255	1490.3744	36.806408	1530.2745	1430.3336	1000.0	151.73386	9.419751	178.17537	85.51362	1275000	-0.12147042	196.2065	-4.576474	0.059863556	79.0
256	1272.4215	454.2813	1605.7119	386.61948	1000.0	128.08604	62.19116	178.14319	-65.14687	1280000	-0.110642776	570.9291	-4.6648717	0.03576629	79.0
257	1405.0013	297.9658	1624.954	815.8465	1000.0	134.1578	54.982906	178.11218	-93.320435	1285000	-0.10933496	440.9041	-4.7044935	0.05737407	79.0
258	1571.2565	57.085396	1674.2986	1498.3363	1000.0	153.60725	9.7613325	178.92567	36.47269	1290000	-0.07965438	228.1169	-4.7566843	0.0791984	26.0
259	1607.5729	45.510178	1675.3796	1551.8593	1000.0	159.53705	8.779292	182.87996	106.7106	1295000	-0.00972855	185.93944	-4.7549486	0.08641713	7.0
260	1592.335	72.132195	1675.4697	1485.2799	1000.0	162.02951	8.510741	188.27406	53.584496	1300000	-0.004093415	214.30737	-4.736814	0.09255859	6.0
261	1664.9056	66.17287	1752.8997	1570.2258	1000.0	161.90034	8.299071	185.75235	124.92596	1305000	0.04504238	204.97571	-4.7843485	0.09602578	1.0
262	1572.9495	71.5877	1648.2745	1478.0477	1000.0	166.9144	7.698358	192.00912	131.29414	1310000	-0.12327746	205.4212	-4.8233685	0.055752624	79.0
263	1561.0437	68.98272	1692.8326	1503.1174	1000.0	157.04477	22.756012	185.7699	-24.662176	1315000	-0.1092783	445.5612	-4.8696017	0.056044843	79.0
264	1581.4578	87.87504	1672.086	1434.7217	1000.0	159.24135	12.675561	192.0747	31.374937	1320000	-0.081381276	273.55786	-4.8944244	0.08328965	37.0
265	1617.2231	66.90354	1732.1442	1536.3312	1000.0	160.97362	8.145395	185.24117	99.032906	1325000	0.033114962	188.40323	-4.9043055	0.07798577	2.0
266	1628.8713	36.793617	1690.1318	1583.2053	1000.0	164.6613	9.429602	187.93881	134.06529	1330000	0.028358106	215.98613	-4.915689	0.0783551	2.0
267	1610.1707	34.33618	1650.6371	1560.9363	1000.0	165.8862	9.1002035	189.21068	131.56941	1335000	0.030093353	261.43518	-4.9107523	0.07648176	2.0
268	1443.0278	319.50558	1673.2318	816.6322	1000.0	150.59357	42.38895	190.457	-37.760777	1340000	0.029987153	433.5334	-4.940665	0.08981901	1.0
269	1590.8079	158.85385	1786.7585	1316.7035	1000.0	160.1902	11.04634	188.7614	68.31534	1345000	-0.018322432	279.26688	-4.906314	0.076875515	8.0
270	1605.2888	74.44843	1660.3596	1459.4395	1000.0	160.91312	10.440594	188.79967	112.79906	1350000	0.038149934	235.60612	-4.919076	0.086263835	2.0
271	1589.4451	71.90046	1652.5958	1455.1151	1000.0	162.10555	9.948376	187.59998	120.42076	1355000	0.056744892	240.19325	-4.9101405	0.10433413	1.0
272	1619.2249	106.785095	1801.7135	1495.3009	1000.0	161.82585	8.3771925	184.87183	120.943474	1360000	0.0077082315	282.58786	-4.9400535	0.084660545	3.0
273	1566.189	60.91445	1645.666	1486.2689	1000.0	162.13132	9.681951	187.96597	115.70747	1365000	0.086874045	183.0898	-4.901189	0.20322905	1.0
274	1566.8163	73.871315	1655.3579	1475.7576	1000.0	159.61082	8.46693	182.48376	113.5913	1370000	0.045758583	205.91435	-4.877832	0.09426241	1.0
275	1619.4103	59.16819	1700.7399	1563.1638	1000.0	159.16306	8.488102	184.41313	116.91092	1375000	0.083079614	175.6934	-4.8922734	0.18123434	1.0
276	1605.717	40.01236	1664.5424	1543.6907	1000.0	163.39642	6.855224	181.9838	132.95135	1380000	0.023811651	258.8935	-4.9147468	0.08011675	2.0
277	1492.9236	104.90039	1649.386	1359.8868	1000.0	155.1639	34.268585	188.821	-54.456356	1385000	-0.10827671	492.92395	-4.9428735	0.043903936	79.0
278	1595.6124	61.4048	1649.4298	1481.0199	1000.0	157.14682	10.771371	189.13823	101.264885	1390000	-0.008028526	206.84776	-4.9289107	0.08199081	5.0
279	1584.3756	51.73653	1655.2812	1499.8165	1000.0	160.47223	8.154095	191.85202	84.552246	1395000	0.066499844	204.88753	-4.952453	0.11769668	1.0
280	1677.516	59.25287	1736.0359	1576.3368	1000.0	161.83478	9.130916	183.90787	121.75487	1400000	0.09599167	242.1347	-4.984692	0.20872344	1.0
281	1613.4341	105.92123	1699.5424	1407.9126	1000.0	168.62088	8.401407	191.93414	130.07573	1405000	0.03441111	265.4263	-4.994214	0.12299049	4.0
282	1577.1873	77.37013	1678.1106	1464.3306	1000.0	162.42485	10.1843	188.34424	98.44878	1410000	0.020816227	221.9787	-4.973936	0.08194393	4.0
283	1615.8245	75.7736	1744.2794	1542.0157	1000.0	161.80832	8.895889	183.99298	117.449265	1415000	0.050601613	223.57394	-4.9732156	0.098241515	1.0
284	1665.6477	38.730732	1725.4792	1606.0695	1000.0	164.69913	7.9085016	184.4215	135.39554	1420000	0.06666483	176.28203	-4.996541	0.12776841	1.0
285	1615.2607	80.37379	1708.6622	1492.9973	1000.0	168.5752	8.244344	190.76982	101.382355	1425000	0.062181544	243.63615	-4.9991884	0.09777434	1.0
286	1651.76	45.173065	1727.2894	1587.2601	1000.0	164.94606	8.305284	187.49777	113.385574	1430000	0.083341055	167.71335	-4.995341	0.16988508	1.0
287	1618.9059	24.882603	1655.8596	1581.8103	1000.0	166.78267	8.8707485	186.94579	91.72984	1435000	0.043964032	264.50165	-5.0106626	0.08035448	1.0
288	1651.8805	116.446106	1838.4485	1516.2203	1000.0	165.77084	8.841182	188.36848	132.53654	1440000	0.078869924	239.3621	-5.033284	0.16915856	1.0
289	1634.5359	96.869484	1762.9513	1509.4773	1000.0	167.73265	10.348969	195.09601	130.35014	1445000	0.010411522	264.11407	-5.0359025	0.084732324	4.0
290	1472.9064	401.39056	1741.9664	677.7055	1000.0	153.97145	41.556454	191.79436	-29.597445	1450000	-0.06725778	620.72833	-5.0446897	0.07503736	17.0
291	1067.8181	327.78735	1572.6833	553.93567	1000.0	104.12545	88.49851	189.67688	-93.29741	1455000	-0.106024124	923.3372	-5.0794272	0.032546252	79.0
292	1498.9128	436.24457	1820.0449	639.4232	1000.0	130.93056	58.841633	183.86023	-66.2585	1460000	-0.07359957	439.7429	-5.1240516	0.075583145	17.0
293	1433.7156	337.45282	1642.5559	763.0204	1000.0	147.05655	59.85562	193.1308	-112.33582	1465000	-0.04780839	367.9251	-5.116522	0.07602007	15.0
294	1584.0502	270.0958	1838.1321	1059.3651	1000.0	148.11485	52.43423	189.155	-86.951805	1470000	-0.008433218	515.57367	-5.128607	0.088890575	7.0
295	1769.2771	99.25182	1892.4623	1639.5852	1000.0	167.62625	26.36956	196.4538	-80.12667	1475000	0.05023697	545.6442	-5.1390085	0.10836897	1.0
296	1533.7966	415.77448	1829.7557	722.56696	1000.0	156.9294	65.658554	206.21045	-75.01308	1480000	0.03412038	508.6923	-5.113469	0.07823088	1.0
297	1655.4316	57.98857	1731.4984	1600.6528	1000.0	168.25607	28.929596	197.52586	-145.33153	1485000	0.040141426	495.1854	-5.135659	0.08897507	1.0
298	1745.7004	62.983612	1802.0287	1630.5057	1000.0	169.02563	10.6078615	196.44534	67.46944	1490000	0.05613733	232.73705	-5.1506977	0.10006816	1.0
299	1467.6578	313.65903	1669.9185	849.8011	1000.0	159.04774	50.34384	200.35513	-38.342815	1495000	0.042195376	442.88864	-5.131961	0.092558324	1.0
300	1678.4469	51.156586	1721.8599	1601.2881	1000.0	164.58423	10.517064	189.47296	99.97187	1500000	0.075932495	248.49243	-5.1453004	0.1321265	1.0
301	1647.0603	130.83206	1820.2421	1483.5038	1000.0	169.33023	9.131664	192.80774	129.51344	1505000	0.09689431	337.14755	-5.1397967	0.23001257	1.0
302	1684.8757	74.61716	1781.3497	1582.7225	1000.0	166.27216	17.498716	193.9627	-69.979164	1510000	0.035917018	491.2409	-5.1781654	0.076058924	1.0
303	1717.3109	103.95585	1849.737	1605.5317	1000.0	166.27698	10.729221	192.327	78.10784	1515000	0.050108876	253.53876	-5.1847034	0.08459319	1.0
304	1729.706	66.279205	1842.0985	1674.086	1000.0	174.32738	10.669245	199.69531	125.35104	1520000	0.101950504	260.2047	-5.18259	0.19209826	1.0
305	1639.2201	34.050243	1668.1168	1573.4438	1000.0	172.74959	11.088169	201.29951	134.02388	1525000	0.08441287	307.1453	-5.1694813	0.13797021	1.0
306	1715.5352	78.378525	1833.347	1592.2887	1000.0	167.32684	8.943377	191.47234	131.45523	1530000	0.10699098	311.67023	-5.2118926	0.21098594	1.0
307	1707.6367	54.12826	1771.5825	1638.021	1000.0	173.30449	10.31302	198.51608	126.966156	1535000	0.077629186	199.08931	-5.1993313	0.13335402	1.0
308	1680.2332	64.964195	1763.0604	1579.9495	1000.0	173.66016	9.348947	203.04501	137.01369	1540000	0.09570581	285.17502	-5.1915703	0.18561882	1.0
309	1639.2444	83.53545	1758.2216	1502.4518	1000.0	170.1139	10.978506	195.47368	102.2883	1545000	0.06090517	254.34065	-5.189537	0.090523794	1.0
310	1698.0671	74.70202	1807.863	1581.712	1000.0	167.40056	11.026699	193.28531	69.56032	1550000	0.06959001	272.9103	-5.1944156	0.15179	1.0
311	1700.5046	117.55523	1852.2441	1531.6003	1000.0	174.40895	10.441489	201.45122	128.63496	1555000	0.01990567	319.85297	-5.2077203	0.08567515	4.0
312	1701.6506	91.88462	1827.2943	1603.2125	1000.0	171.48924	22.16511	200.92575	-32.693104	1560000	-0.0058407243	463.76474	-5.2020564	0.09166068	6.0
313	1690.0754	131.26646	1870.7305	1505.9569	1000.0	173.16554	10.569227	201.37263	104.30519	1565000	0.01665407	342.3327	-5.2011	0.095133595	6.0
314	1727.3108	99.04087	1879.7257	1577.5824	1000.0	172.4201	12.163113	199.883	90.65939	1570000	0.06751758	332.99405	-5.2195964	0.12670152	1.0
315	1654.032	67.74941	1773.2004	1581.6353	1000.0	172.33165	12.0219555	203.11684	44.458916	1575000	0.059925415	348.98004	-5.2360954	0.1024672	1.0
316	1702.4795	62.840076	1795.8495	1610.1912	1000.0	167.65375	13.235336	196.32906	118.35106	1580000	0.08824686	356.14682	-5.2356315	0.15159129	1.0
317	1727.8043	113.7409	1940.6147	1632.4109	1000.0	173.30412	10.544219	198.10129	113.33892	1585000	0.06938015	365.9138	-5.2808785	0.13514091	1.0
318	1258.6168	821.54016	1717.3442	-382.76108	1000.0	144.22197	58.6184	204.9484	-23.841955	1590000	0.07525107	381.4805	-5.232051	0.15282911	1.0
319	1711.8118	47.91919	1767.6508	1645.7683	1000.0	172.18202	15.375606	209.30992	49.20759	1595000	0.061901506	255.14647	-5.289949	0.12995403	1.0
320	1671.033	101.2161	1777.602	1478.1453	1000.0	172.53732	11.3603115	198.53865	45.171032	1600000	0.039300285	317.9828	-5.2754064	0.093668625	1.0
321	1572.3168	157.74442	1813.2527	1351.7643	1000.0	164.6023	35.09248	200.04655	-66.50757	1605000	0.070830934	555.0643	-5.2872553	0.14332497	1.0
322	1744.9573	64.73266	1812.1626	1629.8733	1000.0	165.0918	13.40592	192.21866	81.178444	1610000	0.02246542	216.09975	-5.3152394	0.09128141	4.0
323	1781.416	108.095055	1869.1761	1570.8618	1000.0	177.92027	10.363317	207.45973	139.40018	1615000	-0.022143802	380.6223	-5.324013	0.08905438	10.0
324	1648.0945	160.13213	1911.6292	1417.5223	1000.0	177.71124	14.25788	208.52478	108.55577	1620000	-0.095541075	447.8289	-5.3267875	0.07643428	46.0
325	1613.7615	322.54327	1861.524	975.1999	1000.0	160.5423	45.968563	201.97693	-55.292355	1625000	-0.11007157	454.9671	-5.3935766	0.04848631	79.0
326	1732.2894	116.74559	1929.728	1567.0079	1000.0	172.32907	10.262	200.9105	94.84082	1630000	-0.0921943	281.7617	-5.4850583	0.0755692	48.0
327	1741.8815	90.943855	1855.0521	1608.5483	1000.0	174.78918	10.441587	199.41347	125.54545	1635000	-0.014405156	318.19586	-5.4700947	0.08463363	8.0
328	1711.9021	53.577633	1783.2622	1627.5096	1000.0	175.87083	11.999554	203.49622	84.10662	1640000	-0.07657472	333.8727	-5.477996	0.07618044	24.0
329	1428.3585	713.66724	1893.2761	10.173191	1000.0	140.34344	79.19781	201.00789	-78.510735	1645000	-0.068436734	434.865	-5.458169	0.07505953	22.0
330	1791.3492	35.430195	1835.5089	1750.4407	1000.0	176.3626	17.875313	209.06743	47.357506	1650000	-0.10184464	368.0417	-5.5256515	0.07839706	56.0
331	1802.4504	184.79053	2001.7062	1485.0752	1000.0	181.84886	11.925639	210.0535	96.58906	1655000	0.011071144	447.07446	-5.5261345	0.087547354	4.0
332	1849.332	137.97752	2041.0251	1694.9169	1000.0	185.96416	14.755244	216.67743	103.96864	1660000	0.04727991	323.3752	-5.569493	0.088306114	1.0
333	1464.6796	680.23395	2042.1173	133.26547	1000.0	162.99686	57.808388	214.23637	-27.165524	1665000	0.055626843	561.8991	-5.5187364	0.12077269	1.0
334	1774.0221	53.194393	1861.876	1704.4519	1000.0	178.6079	13.380124	209.81876	81.54481	1670000	0.06590713	203.14465	-5.523916	0.13050862	1.0
335	1768.2468	83.45233	1877.7478	1675.7501	1000.0	179.80002	9.908304	202.88046	108.57119	1675000	0.055001214	271.00797	-5.5342164	0.10176635	1.0
336	1517.8105	435.68887	1919.1449	673.02026	1000.0	158.18906	56.787346	202.06621	-44.589695	1680000	0.052524034	503.9923	-5.5230985	0.13285081	1.0
337	1710.2588	94.126495	1886.8516	1625.663	1000.0	171.90096	12.587281	198.6345	85.52821	1685000	0.039774068	393.12064	-5.550545	0.077367954	1.0
338	1687.4232	149.4029	1921.9174	1481.7644	1000.0	171.10663	12.256969	205.4667	111.65363	1690000	0.060712073	362.5377	-5.544414	0.11595949	1.0
339	1794.1371	87.78672	1892.2675	1690.2585	1000.0	172.8344	11.314993	200.86603	103.45698	1695000	0.073856264	271.31326	-5.575445	0.13138084	1.0
340	1710.5823	72.36235	1809.3591	1624.8761	1000.0	178.70993	11.078134	204.05196	83.974525	1700000	0.06259553	299.84726	-5.562243	0.13990186	1.0
341	1733.5842	43.939865	1806.1068	1674.4554	1000.0	174.01193	10.96563	199.23882	120.056496	1705000	0.010318492	288.45715	-5.5770383	0.07913904	4.0
342	1415.5846	598.8997	1860.7449	229.31592	1000.0	147.6883	65.749405	197.91455	-40.24974	1710000	0.008249953	570.1207	-5.5829263	0.07721611	4.0
343	1708.3998	68.71102	1803.2432	1610.5139	1000.0	171.35312	13.738449	204.49655	60.707764	1715000	-0.020816714	269.98334	-5.578005	0.07979435	10.0
344	1745.832	132.53586	1956.6606	1545.6418	1000.0	172.71002	11.93747	200.49887	112.39227	1720000	0.039418407	329.8731	-5.6048555	0.088810146	1.0
345	1492.6101	446.6772	1843.0753	623.9489	1000.0	158.45001	56.21483	204.42802	-48.224915	1725000	0.04967349	624.7693	-5.5891514	0.08343331	1.0
346	1761.5701	118.36605	1902.4211	1566.1749	1000.0	173.48218	14.584749	204.72136	64.33303	1730000	0.073649414	353.98773	-5.6061015	0.11924587	1.0
347	1654.9746	112.24485	1815.7075	1520.1771	1000.0	177.5421	14.081949	211.01369	86.05765	1735000	0.07185022	335.72516	-5.5724	0.14671008	1.0
348	1490.7052	655.4919	1916.3898	185.29443	1000.0	142.77623	68.48706	198.76337	-74.90851	1740000	0.05787461	684.6792	-5.561179	0.14041634	1.0
349	1126.3191	750.3026	1754.2631	-296.57675	1000.0	119.63105	96.114365	213.88785	-81.34251	1745000	-0.022001605	675.6006	-5.574154	0.08091147	8.0
350	1766.141	30.703749	1822.2441	1736.3811	1000.0	165.03401	12.887647	196.85959	49.369286	1750000	-0.09178445	325.57428	-5.6232405	0.07529288	50.0
351	1785.3431	88.77043	1933.0508	1710.6567	1000.0	178.58617	12.2942	209.5284	71.855896	1755000	-0.026932366	430.5775	-5.664447	0.077381946	10.0
352	1637.8748	247.68987	1886.1189	1168.1465	1000.0	172.00874	47.59612	218.3698	-62.849728	1760000	-0.11250064	686.6777	-5.6884084	0.04955944	79.0
353	1625.9841	165.97888	1760.4236	1304.37	1000.0	170.29442	22.469	206.13849	-33.67186	1765000	-0.083516434	769.6619	-5.6750345	0.08253389	43.0
354	1714.8033	103.59704	1871.2229	1595.3447	1000.0	165.32933	16.53394	207.797	39.67007	1770000	-0.03151086	316.55807	-5.699369	0.07911653	10.0
355	1745.292	48.940742	1815.6118	1670.8716	1000.0	170.57361	27.724588	203.09245	-58.751293	1775000	-0.10611782	560.65063	-5.7555733	0.06482152	79.0
356	1823.0381	139.72375	2070.6646	1688.6694	1000.0	176.33185	13.028927	204.0302	94.26364	1780000	-0.047167707	457.41464	-5.802429	0.08155401	13.0
357	1496.6542	593.9081	1896.5132	316.4033	1000.0	157.42792	71.97607	216.16739	-53.31219	1785000	0.025652396	846.8044	-5.769184	0.08261887	1.0
358	1761.9772	104.68785	1889.7228	1609.761	1000.0	172.372	16.301582	205.8948	18.243633	1790000	0.010209085	281.7757	-5.783601	0.08096038	4.0
359	1836.6198	153.76984	2006.8635	1603.2126	1000.0	180.73386	12.880122	208.67662	113.3487	1795000	0.05825193	557.13434	-5.797486	0.12747994	1.0
360	1179.6494	734.2023	1894.6731	-68.74237	1000.0	130.63345	89.733116	215.24043	-55.88414	1800000	0.05976076	622.0908	-5.7621593	0.13029803	1.0
361	1704.3665	143.29861	1841.3088	1435.0049	1000.0	166.6987	13.017184	200.00574	44.009884	1805000	0.05598943	372.05588	-5.7726135	0.10712932	1.0
362	1753.0638	116.09192	1940.2742	1634.3778	1000.0	173.92924	18.450562	204.33986	-44.177135	1810000	0.073592976	575.0934	-5.7717304	0.17434905	1.0
363	1809.0764	143.82578	1975.1625	1601.7467	1000.0	174.04556	13.98533	202.90927	60.562756	1815000	0.033531807	453.8795	-5.7974663	0.07708071	1.0
364	1764.3383	95.4702	1851.9261	1627.8857	1000.0	182.82668	12.903537	213.64099	127.4453	1820000	0.044756535	362.21582	-5.794966	0.08885228	1.0
365	1779.806	98.373856	1968.2548	1691.9161	1000.0	179.36728	13.415227	206.92838	83.06139	1825000	0.07390886	324.56036	-5.7592545	0.16978563	1.0
366	1802.2266	84.40322	1905.0671	1698.7002	1000.0	182.53073	12.77085	213.39622	108.823944	1830000	0.05264285	337.50235	-5.7797446	0.10667827	1.0
367	1695.862	23.896994	1721.1428	1653.1486	1000.0	183.01752	12.157154	208.68785	126.701584	1835000	0.06582336	302.21344	-5.7496705	0.14031297	1.0
368	1852.0684	97.76924	1967.0673	1707.1492	1000.0	174.39536	12.739523	198.30952	115.36426	1840000	0.07161913	406.32452	-5.7991343	0.14132917	1.0
369	1658.7625	211.69551	1866.9574	1266.7339	1000.0	175.64874	40.117035	214.9767	-53.62777	1845000	0.060337562	677.6099	-5.7592607	0.11502921	1.0
370	1667.6635	237.17099	1864.6885	1201.9531	1000.0	163.88307	48.075054	207.17249	-50.652355	1850000	0.07032399	587.0549	-5.782978	0.14942645	1.0
371	1656.4045	453.92044	2024.2377	774.25006	1000.0	156.16832	68.287125	210.14046	-84.85059	1855000	0.03748557	545.9369	-5.787577	0.07978102	1.0
372	1407.9645	828.61926	1888.0791	-247.33423	1000.0	143.30943	86.35712	212.29019	-64.07465	1860000	0.041102182	496.6861	-5.7736874	0.10061273	1.0
373	1724.6832	348.33395	1982.1122	1038.9642	1000.0	164.4414	61.783497	212.23708	-76.04079	1865000	-0.0018710128	589.2265	-5.8064003	0.07947611	5.0
374	1327.8834	626.67377	1837.5023	107.27339	1000.0	149.66388	84.80032	218.25179	-99.16079	1870000	-0.10089737	798.3309	-5.8034635	0.043402012	79.0
375	1199.7942	765.8807	1921.1335	-29.177595	1000.0	100.44509	95.623955	199.00984	-111.84513	1875000	-0.1015585	571.7045	-5.854764	0.052458897	79.0
376	1679.6973	271.99536	1975.128	1205.527	1000.0	161.64223	49.795513	207.77237	-133.29135	1880000	-0.08571785	772.8734	-5.915187	0.077541836	51.0
377	1612.6611	136.82185	1780.5146	1430.856	1000.0	173.53252	18.55748	213.73924	14.760249	1885000	-0.055079542	441.1814	-5.873228	0.093103096	15.0
378	1647.3317	347.868	1970.7279	1022.7263	1000.0	153.83577	50.440514	197.86263	-56.479588	1890000	0.015255905	981.8944	-5.909881	0.08343214	4.0
379	1304.2228	858.0095	1910.6477	-394.37524	1000.0	131.33472	82.64945	214.15652	-72.19345	1895000	-0.045724645	486.02164	-5.862672	0.07670548	12.0
380	1579.0957	363.2381	1933.1425	917.9569	1000.0	160.90608	57.01986	215.48877	-63.599503	1900000	-0.052385267	554.2789	-5.8466806	0.07970409	14.0
381	1825.1572	121.11822	1942.608	1650.3347	1000.0	171.96294	18.856539	203.79424	-25.317368	1905000	-0.057985693	772.3825	-5.8598433	0.07643089	20.0
382	1769.0989	181.30536	1995.8136	1475.3505	1000.0	174.47244	33.732895	210.9398	-79.901665	1910000	-0.11213257	788.53546	-5.913279	0.055746313	79.0
383	1813.9392	102.19772	1928.2483	1662.7714	1000.0	179.73987	18.13279	215.52711	15.455129	1915000	-0.11412408	441.544	-5.9410796	0.0596796	79.0
384	1842.7621	89.51122	2001.5222	1750.4202	1000.0	185.28148	14.547687	216.5717	116.77024	1920000	-0.028367575	592.5061	-5.977445	0.08513386	9.0
385	1917.4753	130.31862	2073.7725	1761.9531	1000.0	188.93623	16.574093	223.5387	83.85962	1925000	0.018562254	366.15594	-6.01048	0.083831355	5.0
386	1826.2483	69.79976	1916.3591	1741.6061	1000.0	191.86122	26.806847	225.19836	-79.09923	1930000	0.0752163	701.83856	-5.9636946	0.21795219	1.0
387	1676.7201	472.42703	1953.2108	733.5448	1000.0	171.52783	48.575596	225.63828	-5.6857424	1935000	0.031073974	619.9767	-5.9791765	0.076782264	2.0
388	1462.7972	699.30457	2117.5085	103.84949	1000.0	153.05734	76.81487	223.3363	-52.71636	1940000	0.00806125	868.3128	-5.995353	0.07896903	4.0
389	1856.1813	101.384094	1974.1605	1710.4855	1000.0	179.42508	19.008375	215.45367	-4.0505095	1945000	0.063176915	392.88397	-6.0060062	0.11859055	1.0
390	1726.4049	379.93808	1996.3511	976.50055	1000.0	176.22528	48.617634	223.13449	-28.738705	1950000	0.056384437	636.5643	-5.9939947	0.10020766	1.0
391	1248.625	895.96063	1991.5845	-385.22632	1000.0	130.28658	95.76385	218.25551	-93.401985	1955000	0.10142441	570.3592	-5.9806366	0.33742997	1.0
392	2012.3444	84.62418	2128.963	1871.835	1000.0	187.699	17.38305	216.01167	28.131151	1960000	0.031664807	496.3724	-6.0370946	0.07970337	1.0
393	1750.3616	443.72263	2134.5088	880.8726	1000.0	183.45975	55.577652	233.89514	-17.345354	1965000	0.02625398	699.7789	-6.004556	0.08444143	2.0
394	1728.1633	481.9149	2229.9749	809.9177	1000.0	175.85506	71.51931	230.97401	-78.30996	1970000	-0.1001503	1149.0536	-6.030735	0.048850965	79.0
395	1933.1377	146.31056	2173.8706	1759.257	1000.0	190.00682	19.861526	232.03886	83.69353	1975000	-0.06650994	418.10455	-6.0497575	0.080593675	21.0
396	1462.5529	814.51825	2112.2124	-115.17366	1000.0	151.885	85.863235	227.19739	-44.558456	1980000	0.0036679436	808.8848	-6.0079885	0.07855872	4.0
397	2047.0189	138.9558	2146.8528	1777.1387	1000.0	192.28932	20.42484	229.2888	13.520248	1985000	0.030490482	485.5113	-6.064992	0.0863217	1.0
398	1527.819	755.7931	2072.0374	42.30551	1000.0	165.56111	83.439255	237.20758	-58.836178	1990000	0.045588106	811.9311	-6.0179124	0.12851098	1.0
399	1501.8999	709.2746	1941.965	86.947464	1000.0	152.99582	84.55336	230.04663	-72.815186	1995000	0.045878414	681.8661	-6.023006	0.092511244	1.0
400	1852.9717	88.27611	1988.6669	1729.2314	1000.0	186.03462	15.53039	227.50899	85.41647	2000000	0.06156858	342.08594	-6.0492363	0.1298225	1.0
401	1655.6887	551.1686	2061.285	563.58636	1000.0	167.62503	64.878235	217.9599	-56.11648	2005000	0.07111164	931.8956	-6.0511546	0.21129097	1.0
402	2074.6284	74.69324	2218.8572	2005.165	1000.0	192.2896	19.920387	234.03865	68.72557	2010000	0.053900093	440.001	-6.058126	0.117317066	1.0
403	2015.2711	136.46133	2135.5703	1748.9141	1000.0	208.0136	15.77081	239.01778	77.134544	2015000	0.07213614	607.4824	-6.059869	0.16805749	1.0
404	1609.6088	831.68933	2108.8787	-50.49425	1000.0	167.39742	83.81066	233.89668	-57.921608	2020000	0.06211355	678.90485	-6.046831	0.15483142	1.0
405	1795.4193	238.32774	2008.0106	1335.7725	1000.0	186.96284	53.46954	233.60023	-70.84079	2025000	0.049521223	626.7051	-6.0475526	0.12004258	1.0
406	1780.1067	213.80312	2091.6516	1493.0842	1000.0	184.9534	24.799133	218.41777	-11.69985	2030000	0.067495674	558.1228	-6.0334373	0.1579384	1.0
407	1792.168	575.5411	2180.3044	650.37036	1000.0	163.91055	66.74918	217.28006	-71.78778	2035000	0.070000455	825.5973	-6.0696225	0.14682463	1.0
408	1994.8207	138.61452	2139.5654	1817.9338	1000.0	201.503	24.030727	238.558	11.901036	2040000	0.0743418	575.2947	-6.070103	0.14062645	1.0
409	1670.4633	512.9423	2064.4194	760.37933	1000.0	173.56198	75.95984	240.99008	-51.852825	2045000	0.072298825	1114.4172	-6.070193	0.13031352	1.0
410	2051.097	130.66344	2198.5803	1847.9507	1000.0	196.44275	23.93536	232.0658	-100.426895	2050000	0.05797312	708.6579	-6.0945654	0.1434606	1.0
411	1517.2906	762.8407	2149.1936	27.014585	1000.0	163.85266	86.15454	232.16734	-66.585495	2055000	0.0503565	965.632	-6.0316033	0.104182385	1.0
412	1961.1396	130.25462	2129.665	1784.2399	1000.0	188.79872	21.117474	233.26509	71.28711	2060000	0.06741821	558.0592	-6.0539865	0.14504755	1.0
413	1898.825	113.91122	2094.8462	1790.4777	1000.0	196.208	16.981192	230.65343	87.53311	2065000	0.026070258	540.7844	-6.0517354	0.07802426	2.0
414	2114.8892	110.69779	2268.2532	1958.1451	1000.0	198.51857	13.661274	224.88142	120.661156	2070000	-0.03498428	458.9403	-6.0690193	0.08192284	11.0
415	1791.7185	277.79236	2104.4675	1269.0746	1000.0	194.53351	53.28262	240.28395	-46.396244	2075000	-0.07556112	1032.6985	-6.0350246	0.07639424	28.0
416	1545.8196	732.18604	2029.0212	98.34724	1000.0	157.16862	86.233635	230.69675	-72.817345	2080000	-0.10984649	711.0304	-6.0521765	0.052586913	79.0
417	1954.1478	129.15793	2144.399	1761.0529	1000.0	190.16579	17.479652	227.3403	72.83458	2085000	-0.029671064	451.5919	-6.0940948	0.07879099	10.0
418	2076.8184	104.57987	2252.8457	1924.3025	1000.0	200.24852	14.2268305	230.04744	137.87857	2090000	0.043647707	383.902	-6.1047916	0.0957671	1.0
419	2041.875	83.45498	2183.8557	1935.1533	1000.0	211.15054	14.548405	239.7658	152.64398	2095000	0.07541814	270.84647	-6.145696	0.13514072	1.0
420	2108.5542	139.55444	2295.4316	1879.2068	1000.0	211.52155	10.823537	233.63013	157.2422	2100000	0.11312346	455.649	-6.1390514	0.26964435	1.0
421	2125.4895	138.74477	2328.9697	1966.8654	1000.0	213.3022	14.235842	242.14407	133.66269	2105000	0.046365008	462.2707	-6.1626396	0.11334372	1.0
422	2155.3008	60.443855	2221.0015	2071.2495	1000.0	217.054	15.024282	249.86432	142.97511	2110000	0.08571372	409.99884	-6.137245	0.14955609	1.0
423	2025.5037	161.19846	2246.6357	1793.0283	1000.0	215.31955	14.307376	242.33861	166.48941	2115000	0.090903185	371.66476	-6.15473	0.18217422	1.0
424	2085.8445	53.304745	2161.2988	2021.7672	1000.0	208.9123	14.379743	243.65509	114.10395	2120000	0.10354198	471.21994	-6.127041	0.22915007	1.0
425	1546.4729	955.45984	2250.5435	-348.85196	1000.0	162.91531	96.378044	238.13446	-87.95621	2125000	0.04360564	561.5697	-6.0910373	0.09942931	1.0
426	1982.1223	93.36448	2092.9614	1835.2034	1000.0	201.55037	19.615013	242.87823	14.004261	2130000	0.0701993	333.22037	-6.087147	0.14766426	1.0
427	2011.0277	72.478325	2069.8882	1869.9354	1000.0	201.36606	11.341097	224.19478	129.50122	2135000	0.07445344	353.48285	-6.137946	0.14783926	1.0
428	1939.8102	186.16522	2146.136	1635.3198	1000.0	192.53792	48.963783	230.30296	-46.623695	2140000	0.06196975	757.0318	-6.093773	0.1395575	1.0
429	1755.2883	489.56757	2191.6736	804.86945	1000.0	179.6325	74.81445	234.75323	-66.251396	2145000	0.054570008	665.7595	-6.09732	0.11729911	1.0
430	1543.8318	963.4704	2306.8237	-352.10486	1000.0	154.06238	95.04087	228.3694	-150.78075	2150000	0.069301486	626.2686	-6.062134	0.18190531	1.0
431	1929.6829	300.50378	2190.5994	1373.4915	1000.0	193.14195	55.834763	245.80199	-81.17807	2155000	0.04884263	817.55554	-6.128155	0.12723032	1.0
432	2135.9023	104.716736	2288.6184	1974.4263	1000.0	204.75668	14.480023	234.5703	61.647858	2160000	0.053402014	371.99323	-6.1408343	0.105506495	1.0
433	2090.1184	178.48447	2308.566	1844.1932	1000.0	214.53897	14.436502	244.98996	136.29225	2165000	0.1050689	477.94806	-6.200211	0.25714058	1.0
434	1996.1451	100.62223	2110.502	1819.3506	1000.0	210.285	24.894342	246.11061	-38.655632	2170000	0.04112854	507.2585	-6.1558404	0.096766286	1.0
435	1482.5251	783.66455	2261.104	196.0066	1000.0	156.7486	82.06797	236.4807	-69.80268	2175000	0.06105821	1116.1898	-6.1151485	0.14366497	1.0
436	2105.9614	128.98312	2281.4475	1887.724	1000.0	202.83003	19.271715	237.46457	33.869167	2180000	0.059799816	551.7088	-6.1826673	0.124054395	1.0
437	2074.5996	104.88717	2186.7498	1915.6943	1000.0	212.89713	14.846294	243.49509	139.62283	2185000	0.07075384	360.0166	-6.2116814	0.13029955	1.0
438	2035.3727	97.82878	2206.1565	1920.0547	1000.0	210.6245	15.170477	240.7272	120.88099	2190000	0.09465448	526.15454	-6.201163	0.2232642	1.0
439	2105.9172	69.049416	2228.4324	2027.3954	1000.0	208.6276	15.408223	234.44925	106.16491	2195000	0.07340116	470.02914	-6.226423	0.14088225	1.0
440	2226.3357	68.89284	2359.3447	2172.3713	1000.0	213.6409	13.312981	238.4027	126.23957	2200000	0.10094811	296.38116	-6.254746	0.25404185	1.0
441	1722.9348	485.4706	2012.2249	754.72546	1000.0	199.76532	62.384563	245.54703	-44.46248	2205000	0.038304456	899.6992	-6.197976	0.09088005	1.0
442	1853.6049	479.61548	2257.5737	942.72565	1000.0	174.3079	73.052574	227.65096	-70.07703	2210000	0.019296313	1055.9167	-6.203875	0.07902781	2.0
443	2076.361	134.80975	2224.1284	1879.4644	1000.0	207.53395	19.301664	244.49173	49.60647	2215000	-0.025033476	522.5875	-6.2438283	0.07895004	9.0
444	2173.8105	95.82241	2291.936	2064.5564	1000.0	215.2232	16.172186	246.0915	140.72226	2220000	-0.012220143	507.0421	-6.262841	0.08212622	7.0
445	2064.765	98.02013	2176.1506	1938.461	1000.0	217.6313	15.581589	247.13908	151.78412	2225000	0.049753416	622.9472	-6.2605696	0.128249	1.0
446	2089.6353	99.161934	2195.478	1940.8643	1000.0	212.1863	17.585886	246.4592	128.27997	2230000	0.053167615	524.0804	-6.280637	0.082652755	1.0
447	1876.4437	392.20908	2160.657	1107.0034	1000.0	193.68507	67.62058	242.48381	-84.315	2235000	0.08119862	856.9582	-6.227298	0.19236268	1.0
448	1828.4847	366.94702	2303.0464	1180.5344	1000.0	188.37662	65.73018	240.98885	-80.21018	2240000	-0.03953833	1107.1257	-6.209277	0.07806297	11.0
449	2180.2683	126.73544	2294.8245	1962.3068	1000.0	204.21577	20.6115	241.63441	107.06907	2245000	-0.0410546	526.13727	-6.298282	0.07953795	13.0
450	2096.7131	113.79538	2252.5676	1916.7849	1000.0	217.7279	18.886446	253.40593	94.33877	2250000	-2.6362228e-05	619.8711	-6.265619	0.08513917	6.0
451	2233.9058	87.35309	2344.5996	2099.9797	1000.0	217.55225	16.72071	249.22447	118.47455	2255000	0.04854968	592.6674	-6.330886	0.094009854	1.0
452	2133.6487	119.105095	2272.413	1938.7551	1000.0	221.1939	19.492144	258.20572	110.59859	2260000	0.06525608	427.5036	-6.2876587	0.12931752	1.0
453	2287.149	147.77177	2431.4995	2048.6738	1000.0	222.11896	15.958544	251.79976	150.91684	2265000	0.07701538	508.91794	-6.3297486	0.20176616	1.0
454	2193.2136	234.74892	2660.181	2037.9218	1000.0	228.2666	25.753105	261.4692	-3.9609945	2270000	0.04586717	944.302	-6.3030906	0.17216797	1.0
455	2247.5332	164.02573	2479.5852	2029.397	1000.0	221.0327	20.499958	253.0135	71.90076	2275000	-0.098945566	595.8527	-6.332579	0.051289197	79.0
456	2292.232	183.92696	2562.0442	1995.035	1000.0	231.7404	16.722849	266.30072	163.1979	2280000	0.00029168586	466.0601	-6.3548517	0.07930549	6.0
457	2243.7534	145.84004	2412.4094	2014.9185	1000.0	233.35902	20.36942	267.54123	92.198654	2285000	0.028109217	605.77264	-6.3313704	0.07603656	1.0
458	2242.9785	219.92813	2356.867	1803.1476	1000.0	227.6331	18.390467	256.91104	66.91267	2290000	-0.00580173	563.9852	-6.311749	0.07787838	6.0
459	2169.2527	143.65132	2282.0513	1885.8579	1000.0	225.9883	21.274342	260.0887	121.925606	2295000	0.023771828	696.3464	-6.32982	0.077122174	2.0
460	2181.0498	145.39204	2380.499	1985.5289	1000.0	220.99835	18.726076	253.29797	111.938385	2300000	-0.0050901463	629.3905	-6.314977	0.08745712	6.0
461	2239.7603	78.47305	2355.1956	2165.336	1000.0	224.1064	19.028343	255.7805	95.79408	2305000	0.04127072	592.24036	-6.3225493	0.078926355	1.0
462	2165.8938	124.45352	2321.9243	2005.5244	1000.0	225.5093	21.20108	257.92886	113.237816	2310000	0.089046136	603.182	-6.3331385	0.21864063	1.0
463	2288.123	53.056377	2364.7134	2229.626	1000.0	223.82845	19.541252	258.74127	87.42481	2315000	-0.031451445	640.09357	-6.351346	0.0840327	11.0
464	1826.2146	981.47754	2421.2256	-133.46895	1000.0	195.29301	78.97809	261.91794	-30.810732	2320000	0.016007714	932.4434	-6.280601	0.08719532	2.0
465	2228.216	195.70691	2449.923	1981.1307	1000.0	228.88754	19.087507	261.01703	79.961876	2325000	-0.003282348	712.71454	-6.3046927	0.083550915	5.0
466	2101.8677	504.66248	2457.893	1102.5171	1000.0	209.25076	77.29872	267.7894	-91.52861	2330000	-0.10327471	1004.8973	-6.3754	0.038930528	79.0
467	2186.4292	84.81913	2329.8176	2095.1206	1000.0	224.9699	25.970156	265.95517	-10.050659	2335000	-0.0861562	472.56885	-6.407783	0.076115936	71.0
468	2300.2454	77.71863	2372.641	2193.277	1000.0	225.34172	17.539032	259.23093	137.35738	2340000	0.037328668	533.1	-6.4510913	0.08377066	1.0
469	2352.119	154.83246	2564.452	2179.992	1000.0	234.64427	16.060995	263.7856	164.27829	2345000	0.076711185	444.2459	-6.440799	0.16315389	1.0
470	2362.3723	170.4818	2567.716	2103.7935	1000.0	236.3454	18.968727	266.89078	79.12621	2350000	0.050299004	554.7872	-6.4781027	0.11093044	1.0
471	2402.222	174.69426	2589.4805	2095.2083	1000.0	243.68773	19.008158	284.46402	117.45987	2355000	0.04990803	568.2908	-6.4632616	0.10913727	1.0
472	2371.0972	51.263577	2436.2234	2307.0967	1000.0	243.23965	21.051064	273.4886	134.18164	2360000	0.053449742	381.47598	-6.464179	0.09526029	1.0
473	2352.6077	259.73053	2663.7175	1978.1113	1000.0	241.25897	17.512629	268.724	154.71365	2365000	0.06260821	690.75836	-6.4502993	0.11187651	1.0
474	2310.7007	96.10461	2404.8044	2132.4404	1000.0	239.97015	21.974379	278.84256	135.955	2370000	0.06492588	698.4814	-6.4565463	0.1423398	1.0
475	2163.8015	157.53001	2337.5898	1956.6527	1000.0	233.10373	25.067457	272.68863	100.599754	2375000	0.04543204	795.4044	-6.3813314	0.106031545	1.0
476	2238.06	150.10942	2429.7031	2029.5681	1000.0	221.81705	21.992357	257.884	116.96534	2380000	0.032892372	756.5521	-6.4202404	0.08483248	2.0
477	2377.8076	202.06517	2555.0356	2008.5112	1000.0	231.66495	22.28849	267.1008	114.12428	2385000	-0.020181268	629.2363	-6.4802394	0.08228583	8.0
478	2264.308	184.3854	2553.3423	2052.3267	1000.0	237.21257	43.327602	285.2736	-43.876595	2390000	-0.10414602	1049.7211	-6.489595	0.038746204	79.0
479	1906.567	571.14496	2312.9768	781.17676	1000.0	203.98671	75.30816	272.6753	-36.245132	2395000	-0.08055676	1133.7517	-6.43415	0.07597731	27.0
480	2322.4248	128.82211	2550.4626	2193.809	1000.0	222.56145	20.39731	255.25044	92.24527	2400000	-0.055406738	727.5225	-6.5332646	0.078145824	17.0
481	2386.7366	98.003624	2492.7947	2257.2937	1000.0	235.8917	21.15281	267.37604	114.96567	2405000	-0.02525888	752.6898	-6.558908	0.07965149	9.0
482	2151.9456	840.8012	2701.0796	480.0873	1000.0	210.57394	92.76679	277.90848	-58.80027	2410000	-0.02745841	1118.7906	-6.53512	0.08392694	8.0
483	1810.5406	1140.4673	2536.0122	-460.68192	1000.0	191.06528	119.28502	284.4707	-129.92067	2415000	-0.095701784	498.695	-6.4938545	0.023288874	79.0
484	2203.9043	338.1251	2525.9001	1705.7876	1000.0	225.19255	74.675934	277.79977	-109.91354	2420000	-0.09024882	1423.7686	-6.61893	0.055326514	79.0
485	2465.582	189.66563	2744.9546	2253.387	1000.0	241.69424	23.394426	283.2573	36.0336	2425000	0.01010524	586.93195	-6.6479373	0.08282453	4.0
486	2484.8545	185.13313	2682.1096	2151.9907	1000.0	251.43484	19.722115	285.30084	131.55927	2430000	0.05716358	613.32385	-6.6684704	0.1281328	1.0
487	2537.1714	103.640564	2716.962	2429.237	1000.0	252.81985	20.397053	289.33908	176.83005	2435000	0.079022005	456.9375	-6.6695056	0.15866259	1.0
488	2414.4478	305.9971	2902.0234	1991.4761	1000.0	257.36038	25.181519	290.68896	153.35835	2440000	0.08974395	880.1484	-6.645847	0.18763755	1.0
489	2522.8328	146.32742	2727.0671	2329.079	1000.0	255.67067	29.241589	298.8296	111.41769	2445000	0.049669545	544.7114	-6.659471	0.11013567	1.0
490	2457.5312	123.94265	2649.436	2293.9905	1000.0	257.14484	18.37633	296.94785	185.4539	2450000	0.0631979	542.8895	-6.6462545	0.11583962	1.0
491	2371.6455	99.279175	2457.5657	2188.0151	1000.0	249.51605	22.340687	283.63086	173.19861	2455000	0.109677635	707.4161	-6.5985203	0.2042186	1.0
492	2409.3286	108.8955	2604.3726	2286.0942	1000.0	242.56438	23.609428	277.77655	134.01404	2460000	0.11034011	548.4172	-6.6174827	0.23141436	1.0
493	2394.141	25.943497	2429.8342	2356.4807	1000.0	245.18452	18.410051	276.7414	147.92581	2465000	0.05211234	445.74146	-6.6081343	0.11285068	1.0
494	2321.685	192.25958	2661.0535	2108.3516	1000.0	244.63878	18.4206	280.48956	176.67955	2470000	0.056263488	718.2641	-6.5919876	0.09174945	1.0
495	2566.8992	204.66034	2810.6975	2265.7576	1000.0	246.3899	21.395706	278.6702	125.98541	2475000	0.08554339	586.3146	-6.664636	0.17393795	1.0
496	2402.7065	55.310932	2495.7446	2330.5405	1000.0	255.83037	25.06785	291.37064	107.204636	2480000	0.05481399	774.2358	-6.6583533	0.09788756	1.0
497	2359.5757	206.36966	2586.6377	2009.1804	1000.0	233.03598	65.042694	276.99225	-76.05459	2485000	0.051876854	1165.0743	-6.6236467	0.123050794	1.0
498	2523.3157	73.94269	2601.2297	2418.8433	1000.0	255.0663	27.536692	294.336	33.81391	2490000	0.05581928	506.63626	-6.684967	0.15566574	1.0
499	2533.1877	129.90633	2680.8323	2363.307	1000.0	257.4418	18.921703	287.2223	126.87587	2495000	0.055755567	622.0228	-6.664929	0.107481666	1.0
500	2048.968	1065.8121	2823.51	-63.460495	1000.0	217.4264	97.72213	290.63144	-39.76724	2500000	0.05635129	1130.2538	-6.6155124	0.14042333	1.0
501	2455.1655	278.40543	2867.8445	2129.652	1000.0	253.7309	31.726213	296.53348	55.39893	2505000	0.06564938	1207.8179	-6.652684	0.15958273	1.0
502	2450.993	154.52661	2670.772	2191.6604	1000.0	250.2654	32.15424	299.55988	127.94443	2510000	0.04414713	841.8978	-6.651097	0.113164864	1.0
503	2535.3828	207.51633	2725.8154	2151.2793	1000.0	251.3529	23.526667	291.07623	153.74069	2515000	0.016298704	957.1689	-6.679581	0.07718425	2.0
504	2297.6438	152.5109	2590.6736	2172.7551	1000.0	248.75885	27.530924	293.74493	131.41568	2520000	-0.04454	625.4692	-6.632617	0.07669582	15.0
505	2524.7192	101.96978	2693.6501	2378.7073	1000.0	242.59344	19.587463	273.16742	81.26683	2525000	0.029621601	678.8391	-6.687397	0.10195944	1.0
506	1290.1891	1058.2794	2646.8438	-418.34943	1000.0	155.21368	126.03105	292.5245	-40.439606	2530000	0.034863856	1389.7622	-6.4758964	0.09062186	1.0
507	1936.1664	1037.5138	2585.7617	-127.52834	1000.0	183.72713	109.75974	283.40472	-85.147575	2535000	0.05934817	1016.8001	-6.597418	0.17870897	1.0
508	2538.8423	136.51068	2723.0845	2304.1414	1000.0	248.92207	29.986473	287.3547	-61.74955	2540000	0.0075075203	724.3923	-6.721347	0.085940525	4.0
509	2488.2576	172.78447	2767.8806	2241.7961	1000.0	253.14333	24.1839	290.42624	134.0418	2545000	0.0438248	1024.6464	-6.682426	0.096692555	1.0
510	2254.2734	513.6091	2745.084	1258.215	1000.0	234.97888	72.11809	291.86948	-34.509933	2550000	0.058097426	1069.1046	-6.616853	0.16626495	1.0
511	2645.136	82.57824	2728.808	2528.8247	1000.0	253.3305	22.32754	285.83936	20.749237	2555000	0.0038512023	565.3559	-6.723294	0.08525324	5.0
512	2494.7085	129.68529	2663.922	2336.9563	1000.0	266.51126	19.833662	293.1231	162.03638	2560000	0.0023029097	694.9317	-6.666922	0.083943285	5.0
513	2558.4631	240.18776	2825.1504	2239.9734	1000.0	255.33087	27.400375	286.19714	51.552734	2565000	-0.08904744	768.1773	-6.752825	0.044598527	79.0
514	2539.2173	196.32312	2898.0776	2328.196	1000.0	260.78903	28.11518	297.17776	99.9136	2570000	-0.0963535	1009.1598	-6.767639	0.048621263	79.0
515	2632.7075	104.97236	2805.4048	2534.3667	1000.0	262.33218	26.651463	295.2772	122.199554	2575000	-0.0893921	892.1132	-6.8551774	0.048331242	79.0
516	2582.1714	88.90356	2704.7734	2431.8584	1000.0	264.72647	26.140215	300.77667	132.06001	2580000	-0.022217913	884.6594	-6.8250313	0.09133112	9.0
517	1983.0293	1170.6995	2723.6172	-335.22418	1000.0	210.84325	109.3678	295.1283	-68.42878	2585000	0.012014495	938.4907	-6.742359	0.075649425	2.0
518	2563.7593	207.99066	2892.0251	2322.9673	1000.0	259.95016	30.377178	298.921	87.91383	2590000	-0.020547226	712.8884	-6.819325	0.07995522	9.0
519	2674.1394	129.88553	2812.4146	2444.9468	1000.0	266.08566	22.41829	297.39255	166.88731	2595000	0.04199115	633.1622	-6.847508	0.09899674	1.0
520	2730.9043	169.88458	2949.983	2428.9756	1000.0	273.98938	21.393625	301.48914	156.17368	2600000	0.079740345	656.2198	-6.8816094	0.158582	1.0
521	2523.9805	169.52731	2740.3755	2233.8577	1000.0	271.3998	27.32078	317.76556	114.72148	2605000	0.06651296	708.7861	-6.8042974	0.16344969	1.0
522	2627.519	196.0113	2891.591	2372.978	1000.0	264.24585	22.731785	297.1144	143.81178	2610000	0.07144733	712.4986	-6.859078	0.12362839	1.0
523	1933.7239	789.0514	2724.0261	491.54	1000.0	211.16733	116.75094	309.9088	-107.53687	2615000	0.10132867	2093.993	-6.7271533	0.28734785	1.0
524	1843.6002	1133.8685	2743.8657	-389.74426	1000.0	183.42163	117.14021	293.6303	-95.84626	2620000	0.008516972	1042.9355	-6.7183204	0.07685614	3.0
525	2201.1746	252.7237	2525.4146	1748.8683	1000.0	223.88443	73.20619	291.569	-76.338104	2625000	0.0022106257	1143.6523	-6.789475	0.108329855	6.0
526	2350.1492	166.82701	2591.7722	2163.5818	1000.0	226.3724	58.880203	278.91803	-87.724434	2630000	-0.015789045	1388.9274	-6.8230195	0.081992336	8.0
527	2063.3293	1056.054	2706.6216	-42.86128	1000.0	200.29448	113.01922	283.12427	-80.159195	2635000	0.03051046	1206.4305	-6.7982016	0.08205469	1.0
528	2123.4053	687.28296	2737.666	782.4943	1000.0	221.43234	96.20186	301.6936	-190.09714	2640000	0.059422888	1398.5452	-6.7685533	0.13586572	1.0
529	2111.2905	1044.4545	2993.8735	72.87657	1000.0	197.0724	109.95189	284.0489	-65.88498	2645000	0.063125	1264.6049	-6.830717	0.16052267	1.0
530	2567.1138	235.60019	2883.8137	2197.3467	1000.0	257.77066	33.20233	300.43854	18.782316	2650000	0.04124027	1106.4474	-6.902109	0.16584319	1.0
531	2513.5894	223.25755	2940.734	2332.3503	1000.0	260.2259	30.009491	302.78003	117.87218	2655000	-0.051354602	889.7996	-6.872184	0.07533739	19.0
532	2489.8386	136.04173	2640.6936	2257.9111	1000.0	258.53137	35.082108	301.25195	44.09887	2660000	-0.09295997	1162.8806	-6.9136186	0.04756286	79.0
533	2426.5232	102.51715	2607.6245	2328.8958	1000.0	255.5997	35.29756	306.63452	107.78102	2665000	0.013158483	944.008	-6.908667	0.07846047	4.0
534	2770.937	150.43839	2970.5947	2581.047	1000.0	263.79504	21.865547	295.70334	164.03082	2670000	0.065932065	578.08	-7.008744	0.19383816	1.0
535	2700.8784	209.06665	2982.485	2433.01	1000.0	278.33597	28.148739	313.79663	102.6852	2675000	0.037251573	893.9446	-6.971315	0.07926142	1.0
536	2583.5415	168.75133	2759.08	2289.3003	1000.0	275.83694	29.872871	316.34808	164.94884	2680000	0.047642987	920.6448	-6.946475	0.08220908	1.0
537	2130.4917	1209.1403	2845.472	-283.80606	1000.0	221.2241	107.51242	312.64758	-46.611435	2685000	0.08594825	979.0732	-6.892	0.17820862	1.0
538	2564.5344	317.98352	2853.6802	1959.2568	1000.0	260.3412	69.66392	310.38657	-67.899086	2690000	0.05071001	1290.9941	-6.9599915	0.123558484	1.0
539	2658.5522	65.28554	2749.8506	2554.7522	1000.0	269.5802	33.090614	310.19458	16.60722	2695000	0.05188495	1107.7784	-6.9331765	0.1297367	1.0
540	2499.5618	113.89883	2627.3823	2318.5776	1000.0	263.17554	33.643154	307.94116	78.21427	2700000	0.06358196	1089.2413	-6.869781	0.16630596	1.0
541	2793.3665	171.65767	2928.6404	2456.203	1000.0	264.94775	24.345682	295.66467	133.67581	2705000	0.044264268	621.6333	-6.96997	0.09074235	1.0
542	2742.7659	111.61854	2947.247	2623.6057	1000.0	283.12234	27.750013	324.24603	172.61885	2710000	0.06774991	679.2653	-6.92491	0.13194779	1.0
543	2630.5474	202.34398	2816.075	2353.2024	1000.0	278.36557	25.483536	314.58832	106.42177	2715000	0.07475465	906.2274	-6.8995686	0.20088978	1.0
544	1929.9109	1357.8623	3034.3372	-444.00156	1000.0	200.06218	123.16945	299.66196	-42.76962	2720000	0.06025293	1280.6584	-6.859825	0.16839124	1.0
545	2200.2976	1038.6134	2843.8481	129.99171	1000.0	225.3857	121.77101	318.56467	-121.23608	2725000	0.011602053	995.792	-6.8793626	0.08933331	3.0
546	2115.701	1234.3804	2821.0427	-350.4702	1000.0	211.36865	127.76518	305.15378	-108.48438	2730000	0.017161028	725.80304	-6.857625	0.08630811	3.0
547	2694.1453	165.17029	2861.7168	2464.152	1000.0	272.1726	25.615911	310.04443	73.56637	2735000	0.0046876245	741.6947	-6.9347034	0.078131765	4.0
548	2761.8215	153.97491	2877.0798	2461.8403	1000.0	274.90167	23.526857	304.8169	113.4716	2740000	0.02333064	524.6354	-6.966042	0.10723114	4.0
549	2895.901	99.04019	3051.6687	2750.7122	1000.0	286.1764	23.403122	314.47293	142.10129	2745000	0.04399307	398.60675	-7.0235095	0.16462107	1.0
550	2596.9812	154.97578	2786.9207	2376.3494	1000.0	288.71436	28.481312	319.77682	128.93321	2750000	0.024722636	634.4129	-6.885058	0.07901103	1.0
551	2647.9265	199.78207	2865.228	2332.053	1000.0	271.8416	25.095749	303.42422	29.977356	2755000	0.019952301	659.878	-6.9097447	0.096335925	3.0
552	2668.896	59.5371	2748.4045	2581.5393	1000.0	268.9851	26.062933	300.613	158.5759	2760000	0.028259808	474.1705	-6.894247	0.09222898	2.0
553	2835.6714	141.07529	2912.9607	2553.956	1000.0	278.00623	16.416117	300.58524	160.75848	2765000	-0.020634156	485.08456	-6.973361	0.07511644	9.0
554	2793.5317	158.40755	3012.269	2519.0261	1000.0	287.55038	19.533236	311.6332	199.80775	2770000	-0.0065702233	617.6048	-6.9415326	0.08910318	7.0
555	2587.356	185.93187	2949.0608	2419.2031	1000.0	273.88785	42.424007	308.50406	-48.865288	2775000	-0.020330386	1292.1052	-6.895301	0.088460155	9.0
556	2885.5354	121.20361	3081.736	2722.5295	1000.0	275.9454	23.208897	309.84995	129.464	2780000	0.039617058	530.6344	-6.9844584	0.09071106	1.0
557	2540.067	75.64547	2680.758	2468.9595	1000.0	281.52704	29.750607	316.30917	160.79962	2785000	0.056596007	881.3656	-6.8675127	0.11725947	1.0
558	2727.8586	208.9898	3025.48	2418.411	1000.0	271.79736	26.90216	301.66904	107.033875	2790000	0.090284914	688.54974	-6.9378157	0.2010416	1.0
559	2773.4595	73.735054	2872.3855	2645.8271	1000.0	279.48514	26.4474	310.01428	161.00995	2795000	0.0009557209	468.76135	-6.9610915	0.08893528	6.0
560	2680.858	190.68864	2893.879	2361.2136	1000.0	280.19818	24.142775	306.38626	121.23362	2800000	0.026524303	772.8494	-6.928344	0.09194933	2.0
561	2699.8638	233.84624	3021.5574	2364.361	1000.0	275.88382	27.705566	307.17578	167.92056	2805000	-0.021058071	926.3929	-6.9516454	0.08187036	11.0
562	2842.545	145.54785	3014.851	2604.7522	1000.0	283.10968	22.652473	313.50793	168.8641	2810000	0.021904103	302.2748	-6.9827485	0.07687638	1.0
563	2646.1392	115.947525	2758.277	2430.37	1000.0	285.70996	26.706978	316.48685	188.6696	2815000	-0.005071904	1051.4856	-6.9207625	0.09110491	6.0
564	2648.2466	245.33717	2870.9297	2181.9802	1000.0	273.12497	26.80805	306.93134	136.29387	2820000	0.0024495902	742.22455	-6.947252	0.07912038	5.0
565	2721.6138	83.81052	2880.2422	2646.1914	1000.0	275.33057	25.388182	305.7573	166.44179	2825000	-0.007118266	640.689	-6.9538116	0.07617019	6.0
566	2720.7134	141.53952	2922.236	2546.3162	1000.0	279.10532	22.25601	308.3978	154.19536	2830000	0.029348593	511.22406	-6.978782	0.08693089	1.0
567	2807.3086	79.99066	2942.9397	2731.13	1000.0	282.75458	19.273281	309.34653	170.80211	2835000	0.041835193	255.22905	-7.00619	0.08486393	1.0
568	2684.911	251.49509	2996.7104	2289.2944	1000.0	284.72165	22.127262	313.2366	138.97626	2840000	0.054952342	613.18414	-6.9758334	0.1493727	1.0
569	2814.207	62.575493	2868.1514	2720.3308	1000.0	283.23035	25.445498	313.09622	137.41661	2845000	0.03680767	350.08768	-7.0323734	0.12171245	1.0
570	2752.4585	149.60086	2990.1692	2583.6472	1000.0	286.0272	19.377115	311.1664	177.88708	2850000	0.039903928	389.04312	-7.001472	0.10240023	1.0
571	2798.391	201.5482	3008.646	2464.3318	1000.0	284.6653	17.217651	306.3415	207.70094	2855000	0.053642903	686.6904	-7.021275	0.11113666	1.0
572	2771.6921	48.107037	2823.6997	2695.2961	1000.0	283.13507	23.629131	311.5641	187.1925	2860000	0.05596891	483.81934	-7.0440655	0.28077632	1.0
573	2519.9128	189.27899	2877.2073	2347.44	1000.0	273.6592	20.911995	305.91803	176.88255	2865000	0.034992177	873.0538	-6.9449406	0.07790266	1.0
574	2575.0095	144.60303	2769.3765	2424.4856	1000.0	263.63876	26.924076	304.364	153.61313	2870000	0.04801368	646.6376	-6.997156	0.12598154	1.0
575	2841.6343	165.53807	2996.4949	2539.444	1000.0	270.1953	18.89201	297.15976	167.19322	2875000	0.071818106	409.5805	-7.0436125	0.1790218	1.0
576	2849.5425	142.57188	3093.9639	2662.377	1000.0	291.1822	21.147705	319.48773	185.59294	2880000	0.03329849	488.8932	-7.0606437	0.119475365	2.0
577	2767.0786	213.19539	2960.4207	2370.1743	1000.0	288.85016	25.139174	316.96677	182.59721	2885000	0.017476432	539.1147	-7.0232196	0.07670993	2.0
578	2943.4907	127.65716	3076.3357	2721.9563	1000.0	294.02383	22.376675	322.06647	128.57556	2890000	0.02554588	215.25427	-7.059044	0.09075305	1.0
579	2794.576	173.93253	2995.968	2523.9844	1000.0	297.16415	27.1515	329.05167	116.43467	2895000	-0.016378842	700.8479	-7.039961	0.079366416	7.0
580	2821.8674	305.212	3068.8188	2226.2593	1000.0	286.98996	29.205353	318.8538	140.78027	2900000	-0.022677315	741.28094	-7.0453076	0.07699318	11.0
581	2938.0962	167.67378	3080.42	2609.672	1000.0	294.81085	25.407095	323.58813	143.15666	2905000	0.037081115	350.5443	-7.1153955	0.10510708	1.0
582	2873.8828	114.21348	3069.8088	2715.492	1000.0	294.6028	38.541527	328.10257	-20.482492	2910000	-0.074962765	896.3767	-7.138717	0.03550296	79.0
583	2963.2144	132.09897	3168.3726	2823.7324	1000.0	295.23322	24.545609	322.25116	111.9855	2915000	-0.057005715	432.87	-7.171133	0.08443169	42.0
584	2899.8032	193.88644	3150.5059	2588.8577	1000.0	303.2268	23.301224	330.16135	111.16944	2920000	0.030156316	490.7987	-7.180166	0.104405336	2.0
585	2972.1003	150.17848	3115.2332	2746.2334	1000.0	300.7618	21.978098	328.0088	172.86046	2925000	0.056340955	273.80756	-7.169267	0.16106994	1.0
586	2986.5818	137.17499	3255.4895	2873.791	1000.0	306.70685	20.94135	330.7162	184.49486	2930000	0.035774402	515.90686	-7.1876197	0.09262272	1.0
587	2247.1636	1414.7972	3180.6382	-572.09454	1000.0	262.69226	86.853455	326.4918	29.003525	2935000	0.060345296	745.2974	-7.043535	0.14498943	1.0
588	2989.772	90.97062	3066.3057	2822.8047	1000.0	302.34436	24.895164	330.9201	95.904816	2940000	0.07432003	401.99435	-7.1901865	0.19703062	1.0
589	2926.4746	139.00029	3136.6267	2802.8313	1000.0	304.14645	22.510962	329.68643	102.81022	2945000	0.063097805	516.36444	-7.1577415	0.1406496	1.0
590	3103.0476	53.46302	3157.1204	3009.6348	1000.0	307.98383	14.695787	330.53015	200.33914	2950000	0.062428188	111.41945	-7.2364197	0.19362925	1.0
591	2868.9653	214.79941	3118.4402	2573.394	1000.0	307.8143	24.683601	334.78104	126.2928	2955000	0.042396545	832.0096	-7.143502	0.10719399	1.0
592	2878.3745	90.96644	2975.723	2737.513	1000.0	291.98523	27.160494	325.8103	137.9215	2960000	0.022186419	579.5429	-7.181013	0.09962182	2.0
593	2955.3333	129.01768	3071.5076	2793.031	1000.0	297.66345	23.055922	327.5974	192.16997	2965000	-0.02816446	510.8631	-7.2178655	0.075250626	15.0
594	2783.5269	100.84921	2895.9253	2637.698	1000.0	297.7644	26.13666	329.48187	134.71097	2970000	0.0067226104	637.1302	-7.1834517	0.09667649	6.0
595	3005.0732	124.58882	3209.346	2831.2158	1000.0	294.2287	20.703756	318.2183	132.10052	2975000	0.031618524	476.2716	-7.2841415	0.10830011	1.0
596	2879.1118	92.75111	2982.1035	2761.4226	1000.0	302.08356	23.545935	330.10983	184.819	2980000	0.03229447	563.3836	-7.2394013	0.0980125	1.0
597	2287.662	995.14014	2998.1074	333.6921	1000.0	245.9962	113.75174	323.19754	-64.448944	2985000	0.037404664	1249.0573	-7.1420984	0.09955467	1.0
598	3022.2249	105.71698	3133.6887	2824.4277	1000.0	291.09964	20.574797	319.7353	59.341843	2990000	0.0098727	195.68434	-7.3224735	0.07686188	4.0
599	3100.416	68.535736	3203.964	2999.6267	1000.0	310.81766	14.733583	336.31104	181.06686	2995000	0.025140656	141.63272	-7.3245373	0.127663	2.0
600	3086.4478	126.62944	3226.5098	2867.123	1000.0	316.04916	15.568579	334.5069	219.3032	3000000	0.033352245	260.15097	-7.3302565	0.09596878	1.0
