Epoch	AverageEpRet	StdEpRet	MaxEpRet	MinEpRet	AverageTestEpRet	StdTestEpRet	MaxTestEpRet	MinTestEpRet	EpLen	TestEpLen	TotalEnvInteracts	AverageQ1Vals	StdQ1Vals	AverageQ2Vals	StdQ2Vals	LogPi	LossPi	LossQ	Alpha	LossAlpha	Time
1	20.08856	3.660589	59.64141	12.500762	27.287302	3.7430906	33.68219	20.142235	12.089588	36.5	4999	12.69732	8.252646	12.697235	8.253272	0.0006125784	-13.76596	0.40701282	0.1302268	0.40407774	40.9324688911438
2	20.100714	3.08345	35.93421	11.828865	2.4230087	3.0304756	6.416346	-2.9578362	11.551963	29.65	9999	28.198273	15.087761	28.19815	15.089792	2.3791022	-31.100006	0.8198007	0.063484274	0.044410493	83.32574462890625
3	107.92095	232.26811	923.72345	5.3278375	122.38133	181.95515	911.8414	55.322628	112.054054	129.35	14999	45.53514	19.533148	45.53406	19.539034	2.892147	-49.18846	5.237133	0.052091237	0.0056853727	143.46534180641174
4	213.44228	222.4328	898.855	59.94186	1012.46436	2.4838479	1017.12823	1007.17645	198.46428	1000.0	19999	52.20469	19.067747	52.204067	19.072523	3.0061715	-55.168182	2.8814082	0.042196233	-0.0002635477	204.42956042289734
5	546.35876	309.90045	937.37213	117.38289	1008.2637	2.9968154	1011.4129	1000.90955	563.6667	1000.0	24999	58.71515	19.310078	58.71461	19.313122	2.9890883	-61.42477	2.2811048	0.04432799	0.0004709043	265.1008515357971
6	798.34265	243.04291	926.7244	312.46075	1012.6752	4.7780166	1017.17444	998.06586	857.6	1000.0	29999	64.68537	18.663174	64.68506	18.665173	2.978471	-67.0562	2.0313413	0.03792252	0.00082225306	323.52923917770386
7	943.33563	5.090438	951.7616	938.4441	960.61414	200.69447	1016.00916	87.85009	1000.0	953.9	34999	69.51182	18.33734	69.51162	18.340508	2.9991028	-71.646484	1.84485	0.0340804	3.6416637e-05	381.9968979358673
8	279.99564	242.45197	938.2379	105.045456	1003.70087	280.13824	1156.2054	200.35631	252.82608	898.25	39999	73.471535	18.371483	73.47128	18.374672	2.9931397	-75.41159	1.8676312	0.03351199	0.00023896857	440.11841559410095
9	384.6299	299.06335	1062.8682	145.9182	292.26892	288.93198	1108.5073	138.7102	329.53333	238.15	44999	76.03667	19.2585	76.036285	19.263721	2.9864252	-77.8211	1.7160145	0.031883348	0.00043667364	498.9563355445862
10	278.84454	247.82494	1077.0375	142.22964	181.33585	13.204617	214.50836	162.19038	222.47826	128.25	49999	78.061	19.528824	78.06058	19.532652	3.0087545	-79.700195	1.5916308	0.030798385	-0.00027145023	551.2781240940094
11	160.54391	30.498993	234.75493	110.95446	154.52576	4.5505323	166.24107	146.33876	111.31111	104.55	54999	79.66021	20.653131	79.65986	20.657734	2.9958951	-81.224434	1.7065551	0.03311752	0.00013345909	597.764167547226
12	480.1967	335.26917	921.2903	141.82158	919.22394	7.350748	928.99097	890.806	494.1	1000.0	59999	80.72195	21.507725	80.7215	21.512741	2.9872847	-82.179825	1.6928861	0.030597705	0.00038382265	656.5197322368622
13	732.01587	324.43387	998.1753	211.90378	356.62534	284.27383	931.7427	87.251785	738.8333	380.25	64999	82.684586	20.88564	82.684235	20.890247	2.9855337	-84.11578	1.620688	0.029669894	0.00040016245	715.7760772705078
14	878.78644	47.352104	951.41437	803.41003	908.542	165.10419	1007.5381	194.53966	1000.0	956.95	69999	85.83467	20.489107	85.83447	20.493414	3.0377355	-87.21961	1.4706395	0.029501267	-0.0011204089	776.9138100147247
15	967.9914	274.1814	1312.4684	542.98926	1060.1758	3.333072	1065.2233	1052.6962	749.8571	1000.0	74999	87.13467	19.807495	87.13459	19.810953	3.0100195	-88.38774	1.3781146	0.03617218	-0.00035455782	837.7005443572998
16	1059.6464	153.33278	1311.4553	865.97736	823.2025	2.458235	829.5766	819.38434	1000.0	1000.0	79999	88.16767	19.15704	88.167725	19.160276	3.0009866	-89.35645	1.3839616	0.036405496	-3.4673118e-05	897.1589241027832
17	1290.529	98.82821	1413.3229	1155.7543	1073.0808	111.06912	1171.3353	896.1892	1000.0	1000.0	84999	90.64913	18.712162	90.64916	18.713303	3.0072002	-91.8419	1.4570572	0.03875916	-0.00027798433	955.4596931934357
18	1317.633	100.78397	1497.7883	1217.5834	1523.9873	174.22725	1888.6172	1302.3403	957.8	995.95	89999	94.010864	18.734495	94.01089	18.735197	3.0130405	-95.174194	1.434467	0.043560266	-0.00055777695	1013.2344858646393
19	1260.8193	482.01358	1765.0852	471.4612	939.4103	429.68176	1841.8633	333.7863	801.7143	506.35	94999	97.604546	19.075499	97.60455	19.075987	3.0043073	-98.75893	1.4621145	0.046743594	-0.00019767239	1071.148642539978
20	1388.3809	459.21188	1826.2698	643.98254	1619.6057	465.29388	1938.5299	375.29434	811.5	890.1	99999	101.61579	19.783367	101.615616	19.784042	3.0047936	-102.76543	1.5559944	0.04895932	-0.00023048952	1131.5792047977448
21	1567.3743	164.12137	1713.9517	1258.024	1291.5422	448.23895	1674.3712	359.00812	937.6	813.5	104999	105.83105	20.22468	105.831085	20.225256	3.004912	-106.985435	1.6290001	0.051000953	-0.00024785346	1192.1749856472015
22	1467.0192	239.56723	1815.2223	1142.4922	436.4331	242.70753	1231.4841	202.65958	867.5	271.3	109999	109.85777	20.658207	109.8577	20.659946	2.9953406	-110.9896	1.682066	0.05115692	0.00024139791	1247.5564060211182
23	1615.839	267.1316	1841.6954	1100.5078	1884.6774	416.255	2096.8354	551.8371	927.0	910.4	114999	113.43985	20.95576	113.4398	20.95653	2.999567	-114.54695	1.7234521	0.050986145	2.4935103e-05	1305.3583190441132
24	1872.698	134.18039	1959.2222	1606.4011	2007.5586	16.078897	2047.8053	1981.8594	976.2	1000.0	119999	116.87257	21.563112	116.8724	21.564318	3.0040777	-117.96109	1.7316668	0.049919356	-0.00020360021	1363.1455137729645
25	2010.691	37.88861	2075.9756	1965.6635	1976.5355	10.744732	1998.4857	1957.7384	1000.0	1000.0	124999	120.66739	22.27996	120.6672	22.282099	3.0016882	-121.74986	1.7394258	0.05118172	-8.4158266e-05	1421.8350026607513
26	1883.9232	270.27203	2028.3234	1280.3954	1676.4	638.6586	2054.325	223.84972	940.3333	832.45	129999	124.87305	23.32165	124.87294	23.323957	3.0005236	-125.96775	1.7577195	0.05299624	-2.407583e-05	1482.3215534687042
27	1973.7379	19.822905	1995.4884	1937.6609	1910.5719	11.717545	1936.657	1890.4313	1000.0	1000.0	134999	129.2257	24.196833	129.2255	24.19984	3.001794	-130.33948	1.8097893	0.052009337	-9.118786e-05	1542.8555190563202
28	2019.0309	30.053308	2052.3945	1968.6503	2146.9116	6.4616914	2159.8772	2135.023	1000.0	1000.0	139999	133.6887	24.577473	133.68858	24.58024	3.0023022	-134.81102	1.8417274	0.05394938	-0.00012069354	1600.8303451538086
29	1691.3809	619.3235	2081.8335	373.83496	1909.691	197.77863	2066.4626	1154.4672	818.6667	972.45	144999	138.25545	25.187246	138.25514	25.191525	3.0152826	-139.42876	1.9383218	0.058089636	-0.0008930077	1658.7216222286224
30	1186.306	708.33496	2020.0842	380.61148	2028.0797	8.728658	2046.0547	2011.0804	608.75	1000.0	149999	142.93164	26.022963	142.93143	26.026525	2.995148	-144.09013	2.177054	0.06314646	0.00030449033	1716.63613986969
31	1906.4476	40.31664	1969.853	1861.8201	1922.2496	17.472857	1957.6056	1887.2249	1000.0	1000.0	154999	146.83388	25.98114	146.83397	25.983942	2.998499	-147.93617	2.1728423	0.06133251	9.3930365e-05	1775.1203606128693
32	1732.8304	539.162	2042.4817	537.04675	1459.9539	664.0323	2189.0996	565.2116	886.6667	677.85	159999	149.1927	26.130741	149.19264	26.13389	2.997965	-150.29648	2.1584055	0.059438854	0.00012366576	1835.7085621356964
33	2101.4558	27.14744	2130.247	2059.2134	2036.1012	10.817797	2065.9395	2018.2096	1000.0	1000.0	164999	152.1081	25.879107	152.10818	25.882124	2.99644	-153.19846	2.2292948	0.05703114	0.0002079742	1896.2029769420624
34	1854.0707	509.8095	2130.2263	835.87787	2124.9116	34.50135	2205.6494	2053.5115	878.4	1000.0	169999	154.97664	25.873356	154.97667	25.876741	2.9995463	-156.07278	2.2116704	0.055853322	2.9341429e-05	1954.2993886470795
35	2098.1453	42.482334	2135.1177	2017.5267	1998.543	149.91742	2143.3994	1369.4838	1000.0	983.15	174999	157.78865	25.796028	157.78853	25.798458	3.0026913	-158.85086	2.0736961	0.056601234	-0.00014966569	2011.9433693885803
36	2036.7845	29.946648	2081.1892	2000.4707	2089.303	30.099499	2126.7822	2020.9369	992.8	1000.0	179999	159.37352	26.041601	159.37346	26.044653	2.9973884	-160.36552	2.0203547	0.056366973	0.00015184814	2069.7645971775055
37	2150.774	33.675232	2192.188	2103.3647	2195.7683	8.686409	2212.109	2176.8604	1000.0	1000.0	184999	160.31068	26.183617	160.31052	26.186512	2.9978037	-161.27066	2.0015504	0.05641614	0.0001266185	2128.392737865448
38	1886.9678	575.56055	2172.964	600.3807	2160.7803	22.270218	2192.1816	2118.6191	878.1667	1000.0	189999	161.48541	26.44537	161.4852	26.448614	3.0031922	-162.43727	2.0250297	0.05747774	-0.00017427196	2188.9909846782684
39	2147.2534	20.773115	2167.1257	2110.5525	2187.421	11.8082485	2208.0696	2161.608	1000.0	1000.0	194999	162.88248	26.326492	162.88246	26.329138	2.9982684	-163.78242	1.9745739	0.056128368	0.00010218625	2249.5083339214325
40	2139.0044	34.333355	2183.0356	2090.936	2196.3848	16.899809	2231.9192	2164.5164	1000.0	1000.0	199999	164.22714	26.452747	164.22693	26.456116	2.9992745	-165.13162	2.0120163	0.055787135	4.4185083e-05	2307.8237648010254
41	2155.1729	42.511597	2200.8364	2085.28	2210.8606	14.6683	2242.5747	2184.8213	1000.0	1000.0	204999	165.67992	26.459675	165.67972	26.462868	2.999989	-166.57433	1.9947151	0.055766407	4.115832e-06	2365.7513704299927
42	2149.853	35.94607	2202.5984	2100.2166	2221.8914	10.672693	2245.2646	2205.4507	1000.0	1000.0	209999	167.10469	26.24498	167.10464	26.247908	3.0025141	-167.98222	2.0312486	0.056343794	-0.00013686535	2423.644745826721
43	2146.6565	18.266087	2173.99	2123.2979	2120.5437	13.3076935	2148.989	2101.3457	1000.0	1000.0	214999	168.23466	26.352188	168.23454	26.355635	3.0004401	-169.08104	2.073074	0.05741672	-2.1192098e-05	2481.9315190315247
44	1925.8098	424.248	2168.4534	1078.9073	2135.5579	11.248496	2158.2178	2113.6677	902.2	1000.0	219999	169.33556	26.22845	169.33545	26.230595	2.998532	-170.16867	1.9479108	0.0567957	8.643857e-05	2542.3432488441467
45	2139.7017	30.976654	2192.0483	2104.2576	2149.2808	16.091345	2168.6985	2092.0269	1000.0	1000.0	224999	170.34602	26.289621	170.34602	26.29262	3.0018926	-171.16759	1.8985058	0.05672713	-0.000103514496	2602.7991461753845
46	2155.851	24.863829	2181.5388	2109.9827	2209.011	14.593496	2240.1294	2178.287	1000.0	1000.0	229999	171.52354	26.077398	171.52345	26.080809	2.99924	-172.32794	1.8398618	0.05715481	4.7399735e-05	2660.8695323467255
47	2119.153	18.455126	2155.1753	2104.5107	2210.649	11.812511	2238.4824	2189.6077	1000.0	1000.0	234999	172.83134	25.80277	172.83113	25.804577	2.9992607	-173.64429	1.8550283	0.056813855	4.5678313e-05	2718.784821510315
48	2122.2427	31.913263	2166.548	2088.2983	2119.7778	6.4373317	2129.4646	2103.6013	1000.0	1000.0	239999	174.85997	25.179564	174.85988	25.180502	2.99621	-175.6925	1.8019766	0.056345265	0.00021374402	2776.7084386348724
49	1910.3151	416.6458	2146.5195	986.51666	2112.362	29.418089	2159.056	2047.6534	913.0	1000.0	244999	175.78157	25.39279	175.78148	25.395634	3.000211	-176.53728	1.8517627	0.05389804	-8.558607e-06	2835.0518186092377
50	1543.5361	686.7367	2055.8093	441.90826	2265.894	18.851831	2292.8928	2213.7007	764.1667	1000.0	249999	175.30693	25.889603	175.30696	25.891853	3.0062926	-175.99571	1.8508735	0.05589933	-0.00035045942	2895.65589594841
51	2141.867	29.850046	2180.593	2109.4934	2241.2046	12.672885	2270.2656	2211.182	1000.0	1000.0	254999	174.95877	26.268614	174.95877	26.27038	3.0011103	-175.63742	1.9514496	0.056507997	-6.0754668e-05	2956.1759626865387
52	2182.8118	36.659733	2234.1772	2127.3948	2123.0894	20.939863	2171.249	2075.0576	1000.0	1000.0	259999	175.29332	26.29386	175.29323	26.296303	3.001982	-175.98865	1.8626139	0.05849763	-0.00011387563	3014.577865123749
53	2197.72	49.22635	2246.207	2103.8574	2160.2744	12.129348	2188.9636	2140.6208	1000.0	1000.0	264999	176.44824	25.710121	176.4482	25.71142	2.9988096	-177.15244	1.7319947	0.060545094	7.495866e-05	3072.432990550995
54	2179.2642	23.774696	2224.6924	2159.332	2214.7014	15.426146	2246.3337	2183.6567	1000.0	1000.0	269999	177.9103	25.156492	177.91016	25.15777	3.0014684	-178.6258	1.8988059	0.059527606	-8.343649e-05	3130.2951362133026
55	2157.7698	40.615196	2217.5674	2108.4092	2078.151	13.630717	2096.2583	2037.6814	1000.0	1000.0	274999	179.31917	24.598324	179.31917	24.599756	2.9955282	-180.0143	1.7011086	0.058487233	0.00026785544	3188.6096501350403
56	2168.9211	55.899513	2273.1853	2113.9045	2294.8237	46.013283	2370.9683	2199.7634	1000.0	1000.0	279999	179.47093	24.922956	179.47101	24.926147	2.9959903	-180.08377	1.7801535	0.05544469	0.0002310239	3249.2626633644104
57	2285.0386	34.8716	2322.1328	2241.3606	2255.6687	386.96295	2361.8853	569.77057	1000.0	963.3	284999	179.05518	25.762186	179.055	25.765276	2.9970713	-179.66226	1.6941115	0.054311395	0.00016374502	3309.76118350029
58	2285.2688	17.84147	2306.183	2260.4895	2152.5205	23.542496	2198.594	2105.8647	1000.0	1000.0	289999	179.59462	25.915533	179.59453	25.918715	3.0023026	-180.21518	1.7158959	0.054847136	-0.00012198746	3368.047706604004
59	2266.8423	42.11567	2331.5605	2210.9783	2284.3533	15.764964	2320.0144	2259.2017	1000.0	1000.0	294999	180.84106	25.596193	180.84091	25.597534	2.9966905	-181.46507	1.6534853	0.054832507	0.0001835252	3425.90593457222
60	2276.681	29.499956	2314.2036	2241.6775	2321.3186	10.845911	2339.373	2286.6565	1000.0	1000.0	299999	181.96991	25.504675	181.96982	25.507586	2.9982142	-182.58987	1.7248172	0.053324316	9.811167e-05	3483.7486140727997
61	1935.356	776.2294	2325.3445	200.4974	2344.3892	10.507092	2366.515	2328.4626	851.8333	1000.0	304999	182.84758	25.611603	182.84766	25.612638	3.0003896	-183.45901	1.6900684	0.05259148	-1.7120057e-05	3542.2034628391266
62	2253.625	44.00825	2303.6155	2183.7463	2271.1763	50.42417	2335.119	2157.8853	1000.0	998.1	309999	183.6764	25.628033	183.67628	25.630367	2.9981868	-184.2757	1.6983079	0.052606236	9.849251e-05	3602.7771801948547
63	2252.2378	19.243824	2271.5088	2222.8406	2322.121	23.213047	2362.346	2252.8997	1000.0	1000.0	314999	184.53606	25.629013	184.53609	25.63191	3.0021253	-185.1223	1.6781434	0.051773682	-0.000107891334	3663.310468673706
64	2015.9591	648.88904	2342.8262	566.0264	2264.5864	416.39917	2436.25	618.244	875.1667	941.55	319999	185.1949	25.536745	185.1948	25.538668	2.9979079	-185.77235	1.8230293	0.05165747	0.00011250694	3721.7268986701965
65	2313.9133	21.929207	2338.8088	2279.1125	2304.8726	17.523699	2326.7266	2260.2146	1000.0	1000.0	324999	186.09343	25.605547	186.09337	25.607563	2.9971032	-186.67387	1.6954184	0.05076015	0.00015102122	3779.4265995025635
66	2062.2776	524.98303	2336.1106	1012.5332	2330.3767	10.588661	2351.4404	2312.6533	890.4	1000.0	329999	187.07928	25.422953	187.0792	25.425522	2.9994063	-187.6552	1.6863643	0.050533347	3.270555e-05	3837.2727308273315
67	2124.842	401.2667	2349.79	1229.3894	2244.476	76.373215	2307.7905	1978.8741	923.6667	994.85	334999	187.98615	25.530886	187.98619	25.531633	2.9965658	-188.5581	1.6666551	0.049631707	0.00017150881	3895.691206216812
68	2281.4492	43.939247	2324.213	2200.3623	2326.1187	9.4465065	2349.0698	2309.4014	1000.0	1000.0	339999	188.66185	25.611366	188.66179	25.612377	3.0021858	-189.2129	1.6807598	0.0490153	-0.00010337927	3956.219868659973
69	2308.287	29.146912	2352.9739	2276.5483	2327.9412	6.4542937	2336.978	2313.5881	998.8	1000.0	344999	189.2339	25.697704	189.23381	25.699614	3.0008895	-189.77873	1.7296691	0.04916202	-4.1030944e-05	4016.7993927001953
70	2311.2612	16.244062	2339.3044	2294.862	2327.2944	13.644695	2359.051	2302.1208	1000.0	1000.0	349999	189.92078	25.755041	189.92073	25.756514	2.9965713	-190.46765	1.6885453	0.04941801	0.00017057224	4075.257202386856
71	2233.5735	31.51808	2271.9326	2180.2595	2344.3755	18.53187	2382.5464	2317.9568	1000.0	1000.0	354999	190.7003	25.708921	190.70045	25.71088	2.9993372	-191.2468	1.6922057	0.048809275	3.5339963e-05	4133.08202123642
72	2285.7075	22.117477	2309.778	2244.238	2322.327	17.942661	2344.272	2280.989	1000.0	1000.0	359999	191.31702	25.64876	191.3169	25.650024	3.0028	-191.8474	1.6269593	0.048572574	-0.00013231943	4190.962188005447
73	2302.7056	22.882206	2322.9827	2265.4978	2155.0515	477.40225	2398.5808	273.39578	1000.0	929.55	364999	191.90494	25.645977	191.9049	25.647018	3.000398	-192.41838	1.5261362	0.048958726	-1.6341699e-05	4249.0173716545105
74	2312.0193	25.208254	2348.5686	2276.3918	2301.9536	348.7162	2401.2537	782.65674	1000.0	966.85	369999	192.41983	25.620752	192.41982	25.622555	3.0027654	-192.92676	1.7099633	0.0501185	-0.00013528395	4309.564896583557
75	2239.8423	128.8524	2332.7935	1986.8176	2291.1135	16.275232	2323.1252	2244.5852	971.6	1000.0	374999	192.96533	25.650969	192.9653	25.652214	2.9947536	-193.47104	1.6732321	0.049533725	0.00026263026	4370.146152496338
76	2288.962	36.96002	2334.5903	2223.4055	1953.3245	640.95483	2417.18	634.0074	988.8	816.75	379999	193.48584	25.69498	193.48593	25.696117	3.0014124	-193.99243	1.6212912	0.049273614	-6.569324e-05	4428.938589096069
77	2322.1357	25.908918	2358.508	2277.7285	2315.7197	22.752615	2360.4326	2271.8896	1000.0	1000.0	384999	193.88278	25.681849	193.8826	25.68471	3.0025232	-194.38217	1.6735047	0.04923846	-0.00012141465	4486.833147287369
78	2314.427	26.624107	2340.2642	2265.4258	2292.6187	17.728056	2323.7673	2260.2512	1000.0	1000.0	389999	194.4972	25.34968	194.49727	25.349821	3.002605	-194.9842	1.5964996	0.05038854	-0.00012924509	4544.813454627991
79	2358.0088	14.079693	2372.9812	2337.153	2381.7349	12.743805	2406.5542	2361.1187	1000.0	1000.0	394999	194.8989	25.368792	194.89883	25.370602	2.9975722	-195.3776	1.6123686	0.05063599	0.00012665454	4602.617410182953
80	1767.3407	572.91473	2373.6492	746.7064	2175.3806	470.00354	2386.058	584.88464	755.4286	922.05	399999	195.35371	25.3352	195.35353	25.336765	3.0014753	-195.8285	1.6878473	0.049634352	-7.121787e-05	4662.964755058289
81	2333.2397	13.25925	2349.8083	2314.8982	2363.181	9.347725	2388.7158	2343.944	1000.0	999.85	404999	195.5232	25.52118	195.52315	25.5227	3.0016038	-195.97778	1.7976665	0.05133045	-7.942485e-05	4723.5092968940735
82	2334.681	25.775667	2363.2605	2303.4329	2291.7703	363.5448	2431.985	844.02454	1000.0	953.8	409999	195.82181	25.425114	195.82175	25.42641	2.9965289	-196.275	1.6765085	0.05019411	0.00017999476	4782.460263252258
83	2129.1013	438.76233	2372.8792	1252.554	2384.2676	12.674323	2415.3699	2365.8232	908.6	1000.0	414999	196.18535	25.391888	196.18536	25.393147	3.0023985	-196.63916	1.8640445	0.050867476	-0.000118722965	4840.436702251434
84	2139.3962	455.94708	2373.6265	1120.8169	2284.8528	418.82825	2400.5852	459.867	914.5	960.05	419999	196.64099	25.074484	196.64098	25.075226	2.9984076	-197.09944	1.758825	0.05081478	8.3950705e-05	4898.270975589752
85	2027.8081	536.9045	2366.1096	887.8195	2242.1343	453.73117	2399.9475	265.58908	864.0	956.8	424999	197.17703	24.833923	197.17688	24.835014	3.0000217	-197.61646	1.7447547	0.05014153	1.899445e-06	4955.958555936813
86	2340.0098	35.797962	2386.4827	2278.599	2318.31	13.177086	2345.6294	2290.6025	1000.0	1000.0	429999	197.47475	25.04387	197.47464	25.045147	2.9962282	-197.91707	1.8234133	0.049070433	0.00019042123	5016.183144330978
87	2311.7683	28.148064	2352.6506	2269.2603	2159.2124	519.39386	2388.5957	503.54153	1000.0	917.3	434999	197.6673	25.162508	197.66727	25.163324	2.9985168	-198.08542	1.745589	0.04906737	7.510443e-05	5076.717923879623
88	2329.6313	28.809109	2361.433	2280.3745	2207.567	418.3183	2378.8306	547.3901	991.4	936.15	439999	197.92516	25.153543	197.92503	25.154856	3.0018604	-198.33223	1.8158195	0.04864415	-8.7201865e-05	5135.775861740112
89	2346.2786	32.81455	2401.2517	2304.1606	2378.0444	157.25548	2437.6465	1693.9458	1000.0	985.45	444999	198.33745	25.163311	198.33751	25.164068	2.9999986	-198.74312	1.7559125	0.04839515	3.1218767e-06	5193.625189304352
90	1624.6122	742.8642	2365.507	472.35373	2324.4285	356.0886	2431.082	773.16864	701.1429	966.25	449999	198.42557	25.387949	198.42557	25.388636	3.0009658	-198.83368	1.8855718	0.04937668	-4.4040633e-05	5251.6356410980225
91	2343.6729	29.136856	2385.6646	2305.4756	2357.7192	177.67906	2444.6084	1585.9255	1000.0	982.65	454999	198.54637	25.519838	198.5463	25.519823	2.9981768	-198.9369	1.8740305	0.0488128	9.2376285e-05	5309.523360013962
92	2048.5764	663.1797	2379.7126	566.9253	2222.369	443.46628	2389.8032	754.1072	875.1667	938.55	459999	198.94681	25.359447	198.94681	25.359558	3.0009573	-199.34686	1.934359	0.04872068	-4.373488e-05	5369.71893453598
93	2338.755	21.474821	2358.5178	2297.6155	2328.3079	317.69894	2416.1287	944.2445	1000.0	970.15	464999	199.13988	25.343721	199.13972	25.345633	3.0013678	-199.52802	2.0474102	0.05020185	-6.380508e-05	5430.332105875015
94	2347.1587	28.143332	2383.7507	2300.7888	2341.0457	14.624309	2369.3218	2316.2378	1000.0	1000.0	469999	199.26402	25.261406	199.26404	25.262247	3.0000834	-199.6326	1.9419332	0.049920995	-1.0648965e-06	5489.560303211212
95	2316.6724	24.837387	2338.9807	2271.018	2384.602	15.266099	2413.4949	2359.015	1000.0	1000.0	474999	199.28397	25.340822	199.2839	25.340553	2.9986167	-199.6535	1.9090579	0.048774105	7.0770315e-05	5547.43493270874
96	2351.658	22.139248	2376.8994	2320.0195	2415.0356	11.740231	2433.5566	2391.2603	1000.0	1000.0	479999	199.61943	25.244722	199.61935	25.244131	3.0030675	-199.98882	1.8340297	0.0489851	-0.00014928987	5605.379354000092
97	2367.3726	8.632656	2379.331	2353.1008	2389.9375	14.169258	2413.565	2356.6592	1000.0	1000.0	484999	200.02907	25.056395	200.02917	25.058126	2.9952435	-200.39287	1.8936957	0.05002379	0.00023751809	5663.41007232666
98	2045.2771	615.1163	2380.935	816.0787	2375.0188	12.04427	2396.15	2355.6562	870.6	1000.0	489999	200.24597	25.187323	200.24596	25.18893	3.0002208	-200.60425	1.8370426	0.04835921	-8.137334e-06	5723.235505104065
99	2038.2074	690.7936	2382.6497	495.06595	2328.878	11.745778	2352.9873	2305.2625	873.1667	1000.0	494999	200.83348	24.988852	200.83347	24.989481	2.9987447	-201.20477	1.8233422	0.048369195	6.3186475e-05	5783.772783279419
100	2346.2378	16.414854	2367.5112	2324.471	2339.2283	310.35117	2429.6804	987.4331	1000.0	970.2	499999	201.43663	24.768454	201.43648	24.768703	2.9980862	-201.79083	1.8418211	0.047667902	9.334941e-05	5843.347577095032
101	2226.4	301.2287	2397.3489	1625.7955	2314.7559	346.96228	2485.5203	1220.1698	940.0	942.45	504999	201.73672	24.895912	201.73653	24.896591	3.0058744	-202.09558	1.8094219	0.0487231	-0.00028036765	5901.193094491959
102	2367.4995	21.03828	2390.7148	2331.7527	2324.8196	419.4601	2451.2507	503.4088	1000.0	957.2	509999	202.1309	24.689882	202.13084	24.690672	2.9967375	-202.47748	1.8097618	0.048672017	0.00016222252	5959.078420639038
103	2375.5708	4.720767	2380.0632	2366.923	1713.5348	701.50354	2511.9539	720.42694	1000.0	694.6	514999	202.45819	24.638714	202.45815	24.639482	2.9986763	-202.80424	1.8005828	0.04771109	6.621064e-05	6016.851657152176
104	2380.7356	20.05365	2406.37	2345.0825	2418.94	13.517554	2440.5315	2389.6365	1000.0	1000.0	519999	202.8108	24.480467	202.81082	24.480862	2.9983296	-203.14528	1.7378098	0.047794703	8.143823e-05	6076.434838056564
105	2381.5903	27.39352	2426.5952	2347.6145	2415.1628	11.382128	2440.044	2394.1746	1000.0	1000.0	524999	203.11632	24.665003	203.11624	24.666046	3.000319	-203.46252	1.799295	0.04680478	-1.23267655e-05	6136.937126636505
106	2415.851	27.266636	2455.2927	2378.5713	2447.9243	11.106346	2470.6147	2431.248	1000.0	1000.0	529999	203.55878	24.63701	203.55872	24.637335	3.0007172	-203.89568	1.7207344	0.046092924	-3.071773e-05	6196.845737218857
107	2386.0415	22.34212	2420.953	2358.1836	2451.5818	17.731913	2485.9946	2422.2625	1000.0	1000.0	534999	204.0344	24.602331	204.03436	24.603426	3.0037313	-204.36395	1.6892028	0.047951717	-0.00017655955	6254.804340600967
108	2076.6738	762.9992	2438.2297	371.1108	2386.9536	14.017197	2419.8835	2347.7058	860.3333	1000.0	539999	204.37653	24.72817	204.37657	24.728992	2.9942963	-204.70343	1.8008766	0.047956806	0.0002749012	6312.667404413223
109	2391.5027	29.544422	2438.2527	2351.4211	2402.2134	58.428833	2433.4077	2151.2068	1000.0	994.05	544999	204.73743	24.544617	204.73743	24.545431	2.9991171	-205.0624	1.7109377	0.04735003	4.3070366e-05	6370.536214590073
110	2367.8157	96.17696	2431.3245	2176.435	2481.0242	8.181992	2491.694	2465.6628	980.2	1000.0	549999	204.95874	24.606575	204.95866	24.608349	3.0023592	-205.27585	1.7754445	0.04737829	-0.00010711677	6429.900173425674
111	1988.7255	723.4366	2449.1958	445.0197	2383.4104	120.49133	2443.3132	2022.3276	832.6667	982.5	554999	205.28174	24.68678	205.28168	24.687653	3.0002167	-205.59999	1.7566273	0.047267087	-7.3541105e-06	6490.4972014427185
112	2400.0637	14.282311	2419.4573	2382.8677	2423.24	12.129729	2452.4348	2405.6553	1000.0	1000.0	559999	205.74475	24.605711	205.74472	24.606878	3.0017877	-206.0683	1.7194481	0.04700404	-8.203162e-05	6550.708575725555
113	2081.2185	675.80176	2419.772	570.6479	2417.9033	14.104968	2440.7673	2389.5574	875.8333	1000.0	564999	206.12164	24.524902	206.12158	24.525694	2.999402	-206.43031	1.7542039	0.046976753	3.1286596e-05	6608.728884220123
114	2400.379	16.418825	2428.8325	2384.3005	1874.805	621.5453	2511.9475	632.0193	1000.0	755.75	569999	206.27562	24.411459	206.27553	24.412247	2.9989336	-206.5704	1.7675952	0.048386827	5.33388e-05	6666.660744667053
115	2226.2998	378.87988	2466.1577	1474.6461	2453.4475	13.269674	2478.0	2428.2927	920.4	1000.0	574999	206.29617	24.502077	206.29625	24.50167	3.003041	-206.58333	1.8082453	0.04820514	-0.00014349188	6724.521423101425
116	2397.7808	21.62991	2423.1394	2369.9294	2426.6292	9.898691	2445.5671	2407.5652	1000.0	1000.0	579999	206.31444	24.542158	206.31447	24.542355	3.0007982	-206.59537	1.8128148	0.04908587	-3.637622e-05	6783.715254068375
117	2392.1404	31.130226	2438.7026	2348.4329	2408.0664	17.185738	2442.685	2370.6694	1000.0	1000.0	584999	206.19933	24.761482	206.19931	24.76266	2.9979138	-206.46916	1.8166996	0.04815835	0.00010437451	6844.265174865723
118	2065.9211	591.39667	2426.5085	785.255	2413.2153	132.05244	2476.3918	1840.0586	861.6667	987.7	589999	206.34282	24.719418	206.34282	24.719873	2.999435	-206.63774	1.7425381	0.04740584	2.9666733e-05	6904.566694259644
119	2415.4082	13.685931	2431.2378	2393.4458	2419.8438	13.690615	2445.5874	2394.1646	1000.0	1000.0	594999	206.72575	24.564632	206.72572	24.565773	2.999863	-206.99312	1.7800883	0.04739832	9.224439e-06	6962.385554075241
120	2400.6653	31.69708	2428.1287	2346.7183	2327.784	470.97516	2462.118	275.86047	1000.0	956.35	599999	206.82748	24.76694	206.82747	24.767344	3.0022857	-207.10152	1.883375	0.047972407	-0.000107706306	7020.203468084335
121	2399.0972	16.721485	2414.2598	2366.503	2439.8594	76.48776	2482.9253	2110.0906	1000.0	992.85	604999	207.16208	24.527355	207.16202	24.52789	3.0009017	-207.43411	1.8360602	0.04907099	-4.139321e-05	7077.988196849823
122	2276.5725	261.69122	2425.9905	1754.8671	2431.585	11.899356	2457.2896	2409.387	945.6	1000.0	609999	207.3382	24.475449	207.33821	24.475473	2.997074	-207.60878	1.7986234	0.048314124	0.00014466875	7136.899791479111
123	2388.1475	22.342487	2427.2644	2364.901	2389.5144	14.53481	2406.4553	2349.7173	1000.0	1000.0	614999	207.37894	24.740017	207.37885	24.740934	2.997612	-207.64607	1.9469016	0.04769516	0.00011580617	7197.489133834839
124	2390.2075	23.835514	2434.1438	2366.508	2430.4954	14.033254	2464.9094	2412.7166	1000.0	1000.0	619999	207.68721	24.616879	207.6872	24.617836	3.003499	-207.94957	1.7894144	0.046991862	-0.00016379856	7258.017404317856
125	2352.6135	138.30455	2448.564	2046.2687	2417.311	114.93993	2473.967	1922.0317	974.6667	988.75	624999	207.9252	24.436739	207.92511	24.43692	2.9965615	-208.18622	1.7944447	0.04837649	0.00016684628	7315.824012994766
126	2442.9902	25.78962	2476.0002	2398.8008	2455.8132	17.788385	2484.273	2421.1743	1000.0	1000.0	629999	208.26056	24.350687	208.26067	24.352015	3.002709	-208.52112	1.8106328	0.047533263	-0.00012611762	7373.710292100906
127	2052.5708	732.64075	2448.5151	588.072	2162.7256	571.06165	2523.6448	705.46906	854.4	865.85	634999	208.31364	24.538565	208.31366	24.537743	2.999174	-208.56046	1.8262047	0.049155388	4.218122e-05	7431.546773433685
128	2207.6714	528.83746	2449.521	1025.1785	2463.1885	14.742871	2496.6494	2439.4229	905.5	1000.0	639999	208.48434	24.614553	208.48427	24.613665	3.0007026	-208.73671	1.8252691	0.047854643	-3.074679e-05	7490.231408119202
129	2445.145	19.809032	2462.1953	2408.3877	2347.1885	366.68842	2480.397	750.43524	1000.0	965.35	644999	208.6692	24.600044	208.6691	24.600565	2.9977612	-208.91869	1.798372	0.04787042	0.00010964691	7550.788245916367
130	2417.5454	30.591318	2455.7637	2390.231	2454.4841	16.878	2486.3533	2420.4539	1000.0	1000.0	649999	208.8471	24.727959	208.847	24.728193	3.002231	-209.0929	1.8332965	0.047545794	-0.0001040296	7611.3531613349915
131	2165.4927	453.90704	2443.5615	1269.9948	2300.2188	487.07648	2453.181	178.3195	886.2	954.45	654999	209.30212	24.61512	209.30211	24.61448	2.9943714	-209.55658	1.8799375	0.047485914	0.00026723908	7669.369291782379
132	2416.278	10.781027	2434.754	2401.3079	2379.6343	205.64108	2508.771	1699.8695	1000.0	966.05	659999	209.65071	24.588316	209.6506	24.589104	3.0012472	-209.88467	1.8528119	0.047156256	-5.5004108e-05	7727.201957941055
133	2049.7742	524.5321	2435.049	1213.7031	2448.6873	29.30117	2468.792	2326.2434	848.6667	997.55	664999	209.77272	24.72201	209.77284	24.722506	3.0048904	-210.00557	1.9303933	0.047126103	-0.00022919585	7784.942964076996
134	2407.924	17.58793	2423.0632	2377.9038	2348.6926	281.5261	2473.356	1154.9437	1000.0	968.2	669999	209.921	24.664152	209.92093	24.66497	2.9990842	-210.15448	1.9015174	0.04869638	4.6866535e-05	7843.4825830459595
135	2415.2546	14.731146	2429.826	2387.8545	2190.5452	627.02997	2466.6902	89.130486	1000.0	900.05	674999	210.22482	24.387157	210.22475	24.387896	2.9982553	-210.46492	1.9204168	0.04776662	8.6056876e-05	7904.000874042511
136	1768.6267	984.4422	2431.429	149.62221	2397.1858	347.94592	2490.9001	881.0751	742.5714	968.5	679999	210.58313	24.309727	210.58293	24.310831	3.000022	-210.821	1.881482	0.047823012	1.3710379e-06	7964.525320291519
137	2391.7073	28.544449	2429.286	2341.1965	2386.8706	36.04086	2435.5232	2251.0474	1000.0	996.1	684999	210.86134	24.287691	210.86133	24.287565	3.0010233	-211.09795	1.875225	0.046757385	-4.6487643e-05	8022.777986764908
138	1892.1726	622.3446	2434.4426	954.77563	2396.434	211.77594	2466.9873	1474.8442	793.1429	980.05	689999	211.0898	24.236523	211.08983	24.23677	2.9953306	-211.321	1.970936	0.046669554	0.00022157733	8080.581785202026
139	2397.7542	47.74264	2465.787	2344.4275	2371.4558	15.635049	2416.3196	2351.879	1000.0	1000.0	694999	211.25427	24.41508	211.25423	24.414623	3.003794	-211.47087	1.9687934	0.046396855	-0.00017458199	8138.4369649887085
140	2408.0115	20.525845	2427.7046	2368.988	2155.5513	605.74945	2491.094	532.1676	1000.0	877.85	699999	211.37248	24.315907	211.37248	24.315472	3.0022075	-211.59717	1.9330201	0.047687866	-0.000103103506	8196.812839508057
141	2106.028	580.4016	2401.1597	945.24316	2419.9727	16.172043	2448.2954	2385.8027	877.8	1000.0	704999	211.51492	24.482773	211.51495	24.483534	2.9969456	-211.7442	2.0040126	0.048042152	0.00014876077	8257.275350093842
142	2381.8877	10.92943	2394.393	2365.6624	2385.957	17.359943	2414.8367	2351.5425	1000.0	1000.0	709999	211.86937	24.130735	211.86932	24.13015	3.0026112	-212.0991	2.074737	0.04730807	-0.00012237648	8317.735026597977
143	2381.8296	17.746445	2400.104	2356.2131	2422.32	15.24502	2450.5217	2395.4766	1000.0	1000.0	714999	212.27174	23.891449	212.27155	23.891233	2.995387	-212.49765	1.960175	0.046503678	0.00022058054	8376.078260421753
144	2392.5393	21.19495	2423.5615	2364.4033	2396.1067	17.032179	2431.2295	2363.4702	1000.0	1000.0	719999	212.69952	23.854929	212.6996	23.855553	2.9996762	-212.93143	1.9517614	0.04553045	1.7085134e-05	8433.831790924072
145	2254.8955	292.92093	2406.7288	1600.6263	2433.8894	16.196747	2466.637	2405.946	944.6667	1000.0	724999	212.87798	23.85109	212.87794	23.851036	3.0036082	-213.0972	1.9589052	0.04705893	-0.00016646522	8491.666550159454
146	2394.2773	11.94818	2408.3643	2378.3164	2378.7007	142.43127	2439.813	1763.0378	1000.0	987.0	729999	213.09715	23.722008	213.0972	23.72251	2.9954822	-213.3096	1.9419934	0.046484545	0.00021380365	8550.02856016159
147	2330.9653	141.05614	2417.1824	2050.591	2363.267	27.32823	2418.4885	2320.8894	970.2	1000.0	734999	213.24562	23.92798	213.24547	23.927588	3.0016205	-213.4681	2.0385392	0.04629129	-7.234824e-05	8610.590309381485
148	2391.3523	13.066334	2416.0212	2378.3108	2401.2183	15.928357	2433.517	2379.0203	1000.0	1000.0	739999	213.74315	23.589869	213.74315	23.589006	2.998731	-213.97148	1.8949875	0.0463	6.130812e-05	8671.147480010986
149	2381.9949	17.743647	2402.7756	2350.563	2418.5308	17.600666	2466.4001	2393.2808	1000.0	1000.0	744999	214.0914	23.602295	214.09143	23.602205	3.0001378	-214.32397	1.8801125	0.045625754	-3.846097e-06	8729.626772165298
150	2411.6602	13.579938	2427.005	2392.2974	2422.609	11.915955	2446.059	2401.8503	1000.0	1000.0	749999	214.50897	23.08645	214.50893	23.085844	2.9976168	-214.75038	1.9728752	0.04525768	0.0001108605	8787.504815101624
151	2404.9153	27.539799	2433.732	2362.4028	2369.0608	13.447221	2394.58	2332.2302	1000.0	1000.0	754999	214.77667	23.08879	214.7765	23.088215	2.994323	-214.99945	1.8707926	0.044223677	0.00025179694	8845.394342660904
152	2401.5774	26.695004	2437.1877	2361.335	2198.3198	500.8708	2463.8198	682.961	1000.0	908.6	759999	214.91554	23.394053	214.91553	23.3932	3.0005662	-215.13585	1.906526	0.042622548	-2.1805166e-05	8903.236327409744
153	2413.212	27.324402	2450.096	2367.9836	2341.2444	291.24966	2458.2632	1098.7385	1000.0	968.6	764999	215.27022	23.222124	215.27016	23.222712	2.9978921	-215.4884	1.8295801	0.042222597	9.2420494e-05	8963.71640753746
154	2049.2698	549.1589	2460.3904	1049.7091	2368.3813	261.18683	2459.3574	1231.7181	851.1667	976.5	769999	215.46327	23.096548	215.46332	23.096304	3.0053897	-215.67865	1.8301766	0.04389588	-0.0002306973	9024.259047985077
155	2021.4258	750.13696	2432.591	521.6939	2237.998	294.87415	2420.5298	1208.1732	844.4	948.4	774999	215.681	23.107573	215.68095	23.108192	2.9987237	-215.90395	1.8659332	0.04372034	5.9022826e-05	9083.030139446259
156	2177.5042	483.8726	2433.0837	1099.8884	2410.0654	17.472647	2447.9302	2382.8123	909.6667	1000.0	779999	215.7526	23.211203	215.75252	23.21215	3.0003161	-215.9562	1.9264957	0.043551203	-1.1254156e-05	9140.937248706818
157	2430.725	27.241997	2465.3242	2381.4402	2396.1292	146.20717	2451.093	1761.7212	1000.0	986.5	784999	215.74077	23.286861	215.74075	23.285913	3.000641	-215.9397	1.8492196	0.043360367	-2.5903058e-05	9198.729686260223
158	2431.5427	41.29853	2494.589	2366.196	2423.5115	16.16744	2448.5605	2388.6392	1000.0	1000.0	789999	215.8253	23.438906	215.82527	23.437464	2.9949107	-216.03674	1.9677178	0.042977512	0.00022228828	9256.629564523697
159	2449.2273	20.836243	2473.916	2425.2432	2442.3923	17.066874	2486.5212	2417.1865	1000.0	1000.0	794999	215.96692	23.426567	215.96692	23.4259	3.004364	-216.1749	1.9995692	0.043112945	-0.00018511145	9317.105266809464
160	2235.248	389.6929	2444.2188	1456.1458	2280.6274	401.47162	2513.618	1143.5007	920.8	925.0	799999	216.10825	23.312853	216.10812	23.311771	3.0037825	-216.30605	1.9144571	0.04540854	-0.00016704037	9377.659075975418
161	2303.1257	302.5092	2444.5752	1626.8253	2437.4084	16.35923	2467.8452	2404.3481	944.0	1000.0	804999	216.02905	23.468838	216.02914	23.466406	3.0001895	-216.21715	2.0242634	0.045385174	-6.099987e-06	9436.53554224968
162	2165.7905	322.9476	2476.0024	1664.8677	2480.5125	8.437756	2495.8252	2461.6135	896.6	1000.0	809999	216.00223	23.449856	216.00218	23.449043	2.997329	-216.20082	1.9945773	0.04541916	0.00012330628	9494.292020082474
163	2290.21	197.03836	2436.1306	2002.0537	2482.5608	18.94345	2523.917	2445.7913	939.8333	1000.0	814999	216.07327	23.343086	216.07326	23.34278	3.0040712	-216.2561	1.8980422	0.044448573	-0.00018238004	9552.11490225792
164	1682.0354	780.2651	2479.6272	389.50662	2218.0266	583.3414	2475.7585	489.96017	692.5714	908.9	819999	216.13022	23.472878	216.13022	23.472088	2.9978476	-216.30415	2.131761	0.0452155	0.00010155177	9609.989969491959
165	2042.6858	490.43878	2481.6338	1428.4424	2076.0198	856.47626	2531.8066	127.83104	836.0	835.9	824999	216.10374	23.67295	216.10365	23.66924	3.0016842	-216.2834	2.1033645	0.04559045	-7.455785e-05	9670.295276880264
166	2024.5579	642.6106	2433.2449	741.9822	2434.277	11.627417	2461.875	2411.5374	840.1429	1000.0	829999	216.00462	23.849482	216.0046	23.84857	2.9989033	-216.17598	2.2226043	0.045958005	5.301777e-05	9730.808553695679
167	2060.174	795.5836	2460.7473	284.68866	2382.2383	241.33054	2475.0818	1392.564	846.1667	971.05	834999	215.88805	23.7696	215.88803	23.768396	3.0022619	-216.04945	2.346859	0.046779394	-0.00010185444	9789.81711602211
168	2046.2816	788.28455	2462.5872	470.10153	2386.1338	248.90128	2508.5916	1485.525	840.2	968.0	839999	215.8516	23.677845	215.8517	23.67538	2.9992003	-216.01546	2.206188	0.04756058	4.0040766e-05	9847.467146158218
169	2352.6062	222.77026	2467.2114	1854.84	2449.0771	17.999754	2491.746	2422.5427	960.5	1000.0	844999	215.82268	23.803942	215.82256	23.801662	2.9985983	-215.9859	2.2980347	0.046684064	6.7573106e-05	9905.16745877266
170	2415.166	16.815708	2432.97	2389.9246	2290.7407	352.4018	2455.105	1229.042	1000.0	953.2	849999	215.79852	23.661304	215.79845	23.659512	3.002193	-215.9551	2.3761153	0.045620944	-9.826496e-05	9962.992658138275
171	2365.4988	45.249928	2426.9158	2311.1006	2366.5522	161.59178	2454.4636	1669.9297	1000.0	984.2	854999	215.58044	23.850996	215.58044	23.849524	3.0015104	-215.72725	2.386953	0.047624912	-6.8208996e-05	10023.408945560455
172	2399.9348	21.99087	2431.8015	2367.953	2325.3477	272.81464	2449.48	1307.1758	1000.0	964.95	859999	215.57242	23.618301	215.57233	23.616497	2.9994097	-215.7318	2.2185485	0.04772107	3.1067782e-05	10083.932185649872
173	2391.034	22.980093	2425.9653	2360.03	2493.418	9.229753	2509.562	2479.7942	1000.0	1000.0	864999	215.75298	23.425747	215.75298	23.42569	3.0014403	-215.90805	2.2184355	0.046679523	-6.5607346e-05	10142.90121102333
174	2401.614	45.044586	2463.238	2328.2974	2378.994	246.63387	2474.8435	1308.074	1000.0	977.45	869999	215.72447	23.531666	215.7245	23.529598	2.9945157	-215.8733	2.131643	0.046402283	0.00025866262	10200.701637029648
175	2419.4434	13.156603	2440.4514	2405.073	2272.7886	488.6436	2482.4695	474.90512	1000.0	936.2	874999	215.91647	23.468416	215.91624	23.468235	2.9927	-216.06834	2.219059	0.044541735	0.00032304248	10258.473729372025
176	1922.1826	664.59845	2445.6138	727.60114	2463.024	18.598434	2498.895	2422.5676	795.0	1000.0	879999	216.25153	23.351278	216.25134	23.351273	3.0077598	-216.40802	2.1244247	0.04505388	-0.00033803418	10316.227084159851
177	1892.3184	757.18304	2453.8428	819.8834	2326.4045	398.48132	2480.7278	604.6974	784.5	957.9	884999	216.30545	23.465622	216.3054	23.465136	2.9943683	-216.44376	2.3435853	0.044661	0.00025433008	10376.420858860016
178	2400.3833	37.720596	2444.53	2336.385	2372.7378	332.5743	2492.6052	928.71844	1000.0	970.2	889999	216.40457	23.458702	216.40477	23.457333	3.0055258	-216.55913	2.4253907	0.04549588	-0.00024277446	10436.90845131874
179	2414.69	47.774662	2475.0764	2330.357	2412.4268	11.582192	2428.2307	2389.7285	1000.0	1000.0	894999	216.74596	23.203253	216.74582	23.20203	2.9966602	-216.89958	2.3016603	0.044477087	0.00015286506	10496.088388442993
180	2278.0415	272.82068	2435.3345	1734.1426	2240.5698	501.0586	2456.263	500.52753	946.0	933.75	899999	216.85255	23.320957	216.85245	23.318398	3.0003884	-217.00694	2.2846766	0.04461277	-1.4891374e-05	10553.877383470535
181	2315.319	171.06393	2430.2012	1948.7048	2228.6042	498.99365	2446.6123	458.78876	970.1667	920.95	904999	217.06108	23.29185	217.0609	23.289259	2.9981587	-217.21295	2.2856743	0.043934416	8.398423e-05	10611.67678308487
182	2191.0454	435.91193	2445.7012	1320.4862	2431.1848	30.352009	2468.3938	2363.8113	914.2	1000.0	909999	217.1938	23.176569	217.19377	23.175602	3.0021384	-217.34517	2.2327209	0.0444273	-9.211259e-05	10669.399235486984
183	2412.1238	23.480042	2436.5422	2376.2842	2463.7727	15.876682	2496.2834	2430.1145	1000.0	1000.0	914999	217.41808	22.918715	217.41795	22.917381	2.9977934	-217.5706	2.2072496	0.043554675	0.00010038845	10729.47357583046
184	2136.5215	597.3914	2436.3857	801.6697	2282.7876	400.39886	2459.6514	726.8813	892.8333	949.05	919999	217.39253	23.207262	217.39265	23.204378	2.9995203	-217.52898	2.230749	0.043716863	2.355541e-05	10790.011852264404
185	2449.1812	15.669008	2471.7031	2422.4817	2409.6926	17.135744	2454.3762	2379.7664	1000.0	1000.0	924999	217.44432	23.385466	217.44417	23.38351	3.0046065	-217.59683	2.2527025	0.044118688	-0.00020322604	10849.162757635117
186	2434.5488	19.979439	2464.0945	2408.822	2416.0515	264.1266	2503.5007	1266.4386	1000.0	976.1	929999	217.49194	23.431927	217.49217	23.428913	2.997906	-217.6271	2.239349	0.045531195	9.723392e-05	10906.929635286331
187	2196.212	423.90872	2422.3164	1348.6969	2450.3743	11.275602	2468.1711	2429.2854	915.0	1000.0	934999	217.6385	23.241558	217.63858	23.239626	3.0036888	-217.7774	2.1876242	0.0459775	-0.00016496224	10964.73670053482
188	2439.73	19.30603	2463.136	2406.1072	2388.3245	286.00775	2480.9258	1142.6489	1000.0	973.3	939999	217.819	23.051472	217.819	23.04818	2.9971051	-217.9663	2.20368	0.045737013	0.00013503872	11022.559888124466
189	2433.5684	29.938484	2464.4622	2378.142	2363.754	224.27126	2441.2922	1387.938	1000.0	978.6	944999	217.93774	22.991186	217.9377	22.989233	3.0059047	-218.07108	2.1329305	0.045563065	-0.0002712768	11082.727719783783
190	2415.8953	12.705155	2438.7085	2401.181	2476.9302	104.907616	2523.9507	2023.042	1000.0	990.65	949999	217.96092	22.978123	217.96103	22.976233	2.9954278	-218.09413	2.1768277	0.045948982	0.00021598904	11143.213462114334
191	2457.4856	16.163202	2479.868	2429.7068	2412.341	250.87238	2509.7488	1462.2087	1000.0	968.55	954999	217.83478	23.294588	217.83487	23.291805	3.0008974	-217.96695	2.2202606	0.045702968	-3.8713068e-05	11202.394930362701
192	2460.06	16.051256	2486.3254	2436.377	2358.8257	333.53833	2455.5005	906.1855	1000.0	968.6	959999	217.9138	22.985443	217.9137	22.983658	2.9979136	-218.0397	2.0162656	0.045806415	9.827028e-05	11260.136919736862
193	2180.7268	612.73975	2480.326	811.1192	2432.7603	11.839256	2457.1047	2415.3533	891.5	1000.0	964999	218.0021	23.190046	218.00212	23.188171	2.999639	-218.12508	2.0959468	0.04591464	1.9075691e-05	11317.843141317368
194	2261.9885	335.62863	2440.0813	1590.9409	2227.6548	435.4357	2467.7227	1056.3772	931.8	911.95	969999	218.21487	23.097452	218.2148	23.09543	2.9971302	-218.34535	2.0851123	0.045076977	0.00013080485	11375.720135688782
195	1926.3224	791.80066	2492.9285	397.66675	2400.099	246.50969	2488.6465	1328.3729	788.6667	977.15	974999	218.4242	23.035088	218.42427	23.032917	3.0011518	-218.5572	2.010525	0.043731064	-4.7860576e-05	11435.623984098434
196	2158.3901	638.51526	2494.8	732.4749	1969.8119	699.5209	2463.2183	393.54196	883.6667	811.8	979999	218.62112	23.012007	218.62105	23.009016	3.0040662	-218.75255	2.067136	0.045235753	-0.00018131928	11496.103943109512
197	1699.9938	844.26587	2471.9844	598.68774	2180.4907	602.4964	2483.7275	493.4268	708.2857	895.25	984999	218.8708	22.854666	218.8706	22.851353	2.996091	-219.00705	2.1017694	0.04514312	0.00017973327	11555.409527301788
198	2435.3086	28.262634	2473.7026	2398.8691	2352.5981	355.055	2468.747	806.38995	1000.0	1000.0	989999	218.90308	22.596003	218.90312	22.59258	3.0056696	-219.0237	2.1814964	0.04581612	-0.00025651348	11613.44297862053
199	2422.7207	13.964861	2435.8926	2400.5178	2460.0015	13.977659	2480.7656	2432.7139	1000.0	1000.0	994999	218.67384	22.949562	218.67375	22.94848	2.9985666	-218.7858	2.111862	0.046795435	6.9342794e-05	11671.263476848602
200	1820.2771	775.455	2493.3154	686.5006	2425.0159	20.76874	2467.7737	2370.2485	744.4286	1000.0	999999	218.64923	22.896055	218.64923	22.893852	2.99845	-218.768	2.2405453	0.04607953	7.3812e-05	11729.143141269684
