Epoch	AverageEpRet	StdEpRet	MaxEpRet	MinEpRet	AverageTestEpRet	StdTestEpRet	MaxTestEpRet	MinTestEpRet	EpLen	TestEpLen	TotalEnvInteracts	AverageQ1Vals	StdQ1Vals	AverageQ2Vals	StdQ2Vals	LossPi	LossQ	Time
1	16.787117	3.3556364	31.276443	10.716752	53.64743	22.394146	92.42281	23.82413	14.181818	43.7	4999	7.7191973	4.895047	7.7190638	4.8954034	-8.764079	0.0850009	35.467047929763794
2	16.983639	3.4990094	32.35995	10.644837	11.965233	4.927477	21.894201	6.3462796	14.417868	22.45	9999	19.369041	7.6523395	19.36899	7.6535068	-21.226034	0.3880261	74.76763725280762
3	33.319733	29.655426	126.947136	8.592808	74.931656	8.983128	104.16146	64.164536	33.62838	62.45	14999	31.031704	11.862937	31.031548	11.863592	-33.491093	1.6882657	117.98776626586914
4	71.50254	23.706264	154.5058	23.663374	60.82068	3.8435366	69.72913	51.700172	72.85507	57.65	19999	40.154396	14.9051895	40.15442	14.90513	-42.68416	1.701084	160.96877431869507
5	88.547066	52.99627	403.52097	30.19076	85.76873	22.33249	127.89391	39.619923	91.833336	78.95	24999	45.236164	17.138304	45.236	17.14009	-47.50452	1.6584481	205.06170010566711
6	108.9169	69.71208	414.57446	40.94964	86.10696	10.331856	111.81829	69.62299	104.875	72.55	29999	48.237064	18.77282	48.236862	18.773327	-50.330173	1.642616	250.07667088508606
7	77.34201	24.89392	144.62006	16.752537	72.37659	14.101673	87.99919	27.541597	77.984375	61.6	34999	50.58265	19.870445	50.582695	19.871325	-52.555187	1.8056222	293.4038200378418
8	103.006676	98.08658	700.57043	12.010046	87.32173	27.743841	153.07394	17.580492	104.458336	83.3	39999	52.41084	20.914494	52.410667	20.915083	-54.290764	2.1185892	338.29188108444214
9	95.68782	106.11664	772.0009	0.78578496	175.07515	219.00598	824.57416	31.435698	106.02128	205.9	44999	54.064564	22.1615	54.06455	22.16261	-55.806423	2.4421608	400.28713965415955
10	202.48674	214.96342	818.15515	18.014217	216.1191	248.39551	805.6696	83.76508	232.71428	237.1	49999	55.056942	22.795732	55.05677	22.796404	-56.68616	2.3029976	461.73680090904236
11	134.8723	37.944214	273.38052	80.42403	140.30502	21.14785	174.51003	103.26519	120.45238	126.9	54999	56.343792	23.251324	56.34372	23.250835	-57.960964	2.2996354	507.56252574920654
12	151.90836	55.58267	326.4131	45.071594	131.2457	45.816704	209.67061	52.224277	142.0	137.8	59999	57.29519	23.795832	57.29525	23.797092	-58.84025	2.3578794	554.8502585887909
13	236.17451	159.331	637.3933	87.95056	517.6159	370.76892	1021.3927	33.606365	218.81818	564.25	64999	58.0717	24.142532	58.07146	24.144844	-59.550877	2.3121276	616.4840478897095
14	511.2412	288.45337	853.45404	84.88397	541.64246	358.18445	866.68866	19.699654	586.125	674.05	69999	59.84725	23.871212	59.84701	23.873571	-61.26487	2.2982144	678.2899169921875
15	308.14212	303.8471	968.2213	27.42342	447.8712	274.37274	906.28973	96.57834	355.2857	436.85	74999	62.927288	23.572756	62.92731	23.574306	-64.39975	2.1923184	740.5938074588776
16	638.3688	342.45755	946.7067	120.54813	273.71457	218.72382	932.1985	86.22069	673.0	234.55	79999	65.52901	23.2904	65.528824	23.294317	-66.87206	2.3113987	802.6916134357452
17	311.88965	222.90817	802.41785	68.20441	744.3376	276.28293	964.3323	149.6473	309.9375	830.2	84999	67.85855	22.930014	67.85829	22.933311	-69.20781	2.640987	865.0979447364807
18	468.09067	339.58377	960.91425	53.37925	253.43034	320.11887	964.34796	13.101612	523.7	273.6	89999	71.011246	22.95196	71.011055	22.956621	-72.40722	2.8015883	925.7850687503815
19	504.24573	288.98145	858.31165	14.183777	577.2289	317.14914	951.9363	54.12037	608.3333	638.3	94999	74.53382	23.3648	74.53386	23.367416	-75.97727	2.8042371	987.9145250320435
20	355.7083	337.13614	1001.0187	31.975945	546.7364	372.50317	992.96497	31.444384	365.64285	606.75	99999	78.320915	23.50254	78.32107	23.503916	-79.823715	3.081225	1049.9739544391632
21	314.68195	299.0415	1129.5088	25.344492	910.9515	184.8986	1042.2592	318.19122	297.3125	928.8	104999	81.31044	23.639845	81.31057	23.641445	-82.66829	3.696284	1111.964115858078
22	1107.152	304.56326	1368.1765	597.88495	1247.1506	16.381903	1274.2112	1211.6608	836.1667	1000.0	109999	83.52781	23.932968	83.52787	23.936613	-84.94284	3.685556	1172.8397991657257
23	498.17896	307.17755	1167.1361	116.96411	768.0503	211.93893	985.2159	116.195175	420.41666	910.15	114999	86.3897	24.059761	86.38974	24.063211	-87.83755	3.8959048	1235.0330650806427
24	922.19763	194.50458	1182.899	620.33105	1106.8435	182.18279	1334.1444	825.53455	906.4	1000.0	119999	89.127625	24.107834	89.12761	24.11129	-90.524124	3.824491	1297.230041027069
25	499.7659	300.7203	1082.9451	150.14406	1206.2751	102.237946	1300.3196	908.92316	429.46155	1000.0	124999	91.11949	24.575014	91.11941	24.57812	-92.46633	4.138788	1359.1697733402252
26	676.34625	356.5347	1300.9712	233.86595	1299.3739	99.11126	1399.8806	884.9259	600.7143	1000.0	129999	92.80374	24.865564	92.803566	24.867937	-94.15713	4.2753873	1421.068383216858
27	989.48065	195.07892	1231.6604	810.1732	866.1815	187.36446	1080.4568	145.44681	1000.0	955.6	134999	94.70675	24.667969	94.70657	24.669863	-96.056526	3.9296243	1482.2216346263885
28	701.96173	289.7473	1027.4791	91.577934	678.4629	296.5384	954.63666	129.0143	846.8333	783.0	139999	96.45902	24.399187	96.45898	24.401161	-97.81526	3.9411669	1545.135803937912
29	648.63617	322.22144	1147.5815	222.68646	698.1727	212.25829	961.3648	235.2375	695.375	886.0	144999	97.96246	24.447641	97.96256	24.450165	-99.31101	3.8487492	1607.7931036949158
30	844.80615	327.91507	1125.0039	164.54164	628.05164	307.23227	1013.6636	149.7455	855.5	638.1	149999	99.10984	24.593973	99.10998	24.595936	-100.38922	3.7495081	1669.9096450805664
31	840.4074	308.09064	1144.8213	255.55634	1333.3977	264.91986	1459.8956	203.7678	844.0	957.45	154999	100.18885	24.468374	100.18877	24.47133	-101.50376	3.6809883	1730.3167850971222
32	1308.2747	76.391525	1420.9688	1216.1863	1372.1638	174.56345	1476.8566	728.75903	1000.0	1000.0	159999	101.703865	24.105131	101.70395	24.106485	-103.00492	3.550843	1792.3590812683105
33	1325.7677	141.3548	1446.0974	1048.9624	1227.9835	213.39915	1502.1023	831.16425	1000.0	1000.0	164999	103.28252	23.98994	103.28245	23.992601	-104.5745	3.4405937	1854.1677556037903
34	1268.258	108.38611	1373.8306	1071.8175	1117.95	316.5405	1453.4976	134.50137	1000.0	956.35	169999	104.65953	23.553259	104.659706	23.554638	-105.92428	3.468146	1916.1103727817535
35	855.5597	480.52844	1432.5304	37.377216	1121.2283	688.7796	1594.6399	44.00505	732.75	719.2	174999	105.66361	23.276884	105.66363	23.279066	-106.89873	3.5537488	1977.3338043689728
36	972.2492	594.6045	1505.0994	41.710796	1176.4406	578.59186	1545.2682	18.299625	705.0	813.5	179999	106.62775	22.528551	106.62794	22.527103	-107.84005	3.8466535	2038.378496170044
37	1313.8689	64.09241	1390.8643	1208.5895	1549.7201	26.640188	1582.1273	1501.4377	1000.0	1000.0	184999	107.0196	23.004814	107.01946	23.006569	-108.10839	3.5364938	2100.2961764335632
38	1236.8535	151.82426	1349.9279	956.4601	1486.4846	21.374014	1522.9911	1441.2888	1000.0	1000.0	189999	107.35245	23.858215	107.35237	23.862028	-108.473625	3.3456593	2162.3139004707336
39	1329.5139	205.79823	1517.6777	932.7138	1137.677	84.47729	1238.9323	950.4966	1000.0	1000.0	194999	108.0003	24.227062	108.00039	24.228825	-109.12235	3.3565023	2224.325139760971
40	1385.1986	157.84274	1486.7047	1072.1727	1585.8182	36.8351	1616.4803	1479.5872	1000.0	1000.0	199999	109.15884	24.257708	109.15855	24.259796	-110.30105	3.2100973	2284.702394723892
41	1339.8215	142.90239	1438.5717	1060.4567	1246.2147	391.3905	1562.1743	195.32758	1000.0	914.75	204999	110.20696	24.289675	110.20691	24.291977	-111.2933	3.1002536	2346.5869131088257
42	1226.1367	425.41327	1533.813	293.5377	1095.8337	216.93863	1350.0647	778.2844	870.1667	1000.0	209999	111.48194	24.251621	111.4821	24.252747	-112.629875	3.219093	2408.462268590927
43	1250.3181	179.81178	1479.3094	928.68567	1354.2141	85.48573	1526.4327	1202.7688	948.0	1000.0	214999	113.0243	24.139929	113.02416	24.140505	-114.17215	3.2998798	2470.427395105362
44	1334.0316	242.18166	1557.4634	874.43176	1488.3303	41.231586	1559.9126	1425.9413	1000.0	1000.0	219999	114.581276	24.207708	114.58124	24.209044	-115.69694	3.3093765	2531.42378950119
45	1442.1156	264.42645	1595.0751	854.6052	1559.2344	57.400093	1597.9137	1322.6097	922.3333	1000.0	224999	116.08676	24.206676	116.086685	24.208134	-117.213425	3.2865245	2592.4942185878754
46	1565.7805	30.769104	1604.836	1518.4487	1569.7128	43.155704	1633.6642	1489.8627	1000.0	1000.0	229999	117.599815	24.06987	117.59965	24.07174	-118.66228	3.3968737	2654.0551517009735
47	1540.6979	19.690369	1567.2953	1515.7322	1441.6271	20.147438	1468.1383	1401.2439	1000.0	1000.0	234999	119.133064	23.797516	119.133026	23.796522	-120.19684	3.187286	2715.771069765091
48	1497.4482	30.714743	1537.2477	1465.0376	1518.401	43.074757	1585.4467	1409.926	1000.0	1000.0	239999	120.44821	23.55039	120.44827	23.550364	-121.50247	3.1281903	2777.399270772934
49	1530.2224	41.757717	1604.0995	1485.4976	1638.0549	38.684433	1703.7587	1578.4105	1000.0	1000.0	244999	121.66038	23.507778	121.660324	23.507261	-122.66575	3.0422785	2837.5034453868866
50	1603.7678	19.86048	1629.8822	1568.802	1555.7115	187.11646	1662.1283	772.7504	1000.0	1000.0	249999	122.65954	23.69655	122.65934	23.69468	-123.66275	3.0402734	2899.3666660785675
51	1590.9407	24.274746	1618.1018	1557.5289	1634.221	27.232683	1681.0963	1580.7878	1000.0	1000.0	254999	123.78391	23.597212	123.78426	23.596468	-124.77833	3.023014	2960.995720386505
52	1603.8716	23.798798	1638.0039	1567.1637	1670.8926	10.44376	1688.8524	1642.9265	1000.0	1000.0	259999	124.97596	23.250744	124.97584	23.248959	-125.98875	2.8656194	3022.5392179489136
53	1622.2979	21.55194	1649.1669	1591.4592	1554.945	22.993452	1609.8147	1517.6458	1000.0	1000.0	264999	126.2631	23.051035	126.26298	23.050335	-127.25961	2.9900434	3084.026286840439
54	1620.0443	21.99851	1640.439	1579.112	1593.425	35.637764	1615.9114	1451.4618	1000.0	1000.0	269999	127.19496	22.966402	127.19498	22.964582	-128.18759	2.8709009	3144.377177000046
55	1255.1498	598.99536	1650.4985	154.13968	1610.3333	53.797493	1667.3422	1443.5463	771.4286	1000.0	274999	128.27208	22.891241	128.272	22.892817	-129.23502	2.865277	3206.2188131809235
56	1627.804	14.880925	1652.4126	1609.781	1689.2711	7.4857044	1703.4702	1676.6978	1000.0	1000.0	279999	129.40521	22.870708	129.4051	22.869251	-130.37637	2.9152308	3267.82968211174
57	1656.5637	21.055653	1682.718	1624.5724	1580.6166	20.281118	1630.3734	1550.1082	1000.0	1000.0	284999	130.45505	22.761328	130.455	22.761944	-131.42197	2.8012452	3329.660382270813
58	1646.9053	22.477133	1670.3594	1607.4053	1677.008	25.342468	1725.7168	1626.6196	1000.0	1000.0	289999	131.46506	22.552647	131.46497	22.550846	-132.41055	2.8770227	3390.2271201610565
59	1677.28	15.379071	1694.9296	1654.0557	1641.0906	7.8782635	1652.1505	1626.6235	1000.0	1000.0	294999	132.46371	22.330362	132.46402	22.3295	-133.43388	2.8021128	3451.4835023880005
60	1646.2266	32.766148	1676.0723	1584.7079	1689.6881	34.79795	1727.7079	1613.1527	1000.0	1000.0	299999	133.40428	22.310041	133.40413	22.308554	-134.36235	2.876353	3513.1930482387543
61	1660.3483	40.901012	1713.1227	1600.9534	1726.4111	11.94841	1745.032	1697.1511	1000.0	1000.0	304999	134.45517	22.360415	134.45512	22.361738	-135.38829	2.8083832	3574.891079187393
62	1663.3154	20.804749	1698.2255	1635.3024	818.38873	613.6764	1626.0128	141.43967	1000.0	517.55	309999	135.31773	22.716185	135.31784	22.71518	-136.2194	2.7439406	3636.3991618156433
63	1632.7241	21.685452	1672.2466	1606.9268	1485.7795	338.6536	1737.3259	319.39062	1000.0	911.6	314999	136.38437	22.540178	136.38416	22.541704	-137.3254	2.7630427	3696.530009031296
64	1395.1089	393.96942	1633.0681	609.4979	1500.2875	503.86984	1794.4718	133.13661	879.2	853.2	319999	137.30144	22.208542	137.30148	22.210283	-138.20422	2.8069463	3758.2765114307404
65	1518.5967	335.53842	1706.6365	769.8552	1707.0989	9.3847685	1724.6876	1687.3577	911.3333	1000.0	324999	137.70198	22.139734	137.70192	22.13992	-138.57645	2.6965415	3819.9126436710358
66	1464.6732	357.29028	1659.6782	750.3571	1750.9635	17.551516	1774.6572	1704.758	889.8	1000.0	329999	138.1364	22.227674	138.13644	22.226433	-139.00337	2.879574	3881.5322098731995
67	1681.3203	7.916172	1695.9629	1672.9808	1675.883	12.599473	1693.2715	1649.7277	1000.0	1000.0	334999	138.80617	22.105885	138.80632	22.105268	-139.67293	2.7451715	3942.784632921219
68	1495.3109	362.6173	1686.1772	685.1096	1672.7402	7.707012	1683.6427	1654.2802	907.8333	1000.0	339999	139.34602	22.110619	139.34586	22.10978	-140.21442	2.988766	4003.263512611389
69	1645.348	27.903053	1672.683	1592.2899	1716.9607	6.532812	1727.5249	1705.8184	1000.0	1000.0	344999	139.94284	21.926884	139.94286	21.928389	-140.79655	2.7159958	4065.1872782707214
70	1664.1449	26.529583	1700.3826	1620.5953	1730.0488	17.8769	1757.1671	1678.507	1000.0	1000.0	349999	140.56544	21.716658	140.56528	21.71763	-141.4045	2.8434386	4126.8373029232025
71	1418.4429	407.43118	1720.9824	643.8878	1697.8809	17.249977	1724.5043	1670.3103	844.0	1000.0	354999	141.16022	21.7571	141.1602	21.757988	-142.00633	2.845716	4188.493402957916
72	1509.0486	349.18698	1714.175	812.6026	1759.8541	13.683019	1785.6514	1741.9423	891.6	1000.0	359999	141.76836	21.670498	141.76843	21.671059	-142.62102	2.8740754	4248.796106815338
73	1718.6096	18.3578	1741.0817	1691.1605	1749.6672	8.401452	1764.5249	1734.9794	1000.0	1000.0	364999	142.46678	21.643188	142.46675	21.644411	-143.26144	2.8941793	4310.6399166584015
74	1713.598	6.355761	1722.431	1705.525	1769.4137	5.4507637	1784.793	1760.9978	1000.0	1000.0	369999	142.94804	21.616306	142.94803	21.617575	-143.7641	2.829865	4372.304975748062
75	1743.3842	22.356398	1772.5042	1718.5149	1786.4977	5.451356	1797.459	1773.317	1000.0	1000.0	374999	143.5092	21.295628	143.50923	21.30117	-144.3312	3.1183512	4434.03781247139
76	1717.5056	5.2125454	1725.155	1708.9061	1805.4775	13.304344	1829.5597	1779.9778	1000.0	1000.0	379999	143.82816	21.3696	143.82808	21.370981	-144.58757	2.859998	4495.596153497696
77	1596.2338	339.53235	1785.0526	838.41376	1727.6643	6.6607804	1737.7068	1712.1715	917.5	1000.0	384999	144.27576	21.273922	144.27586	21.275763	-145.05592	2.802163	4556.033395290375
78	1744.2188	17.3392	1759.3511	1712.527	1762.3367	11.147036	1783.8079	1743.1951	1000.0	1000.0	389999	144.74615	21.146486	144.74602	21.1499	-145.5048	2.8142574	4617.823611497879
79	1772.4941	22.020206	1798.3308	1740.9316	1831.2502	9.903033	1848.7662	1812.3527	1000.0	1000.0	394999	145.29784	21.141695	145.29774	21.143435	-146.10649	3.0415154	4679.295773029327
80	1773.0664	20.165981	1792.5034	1735.6118	1704.8967	6.869505	1718.753	1694.101	1000.0	1000.0	399999	145.9713	21.25567	145.97137	21.257446	-146.76889	2.808079	4740.836918830872
81	1780.267	9.977958	1796.5171	1768.7312	1829.9885	4.7950897	1837.3207	1820.4156	1000.0	1000.0	404999	146.53557	21.127975	146.53563	21.13001	-147.2842	2.753464	4801.381129026413
82	1781.567	6.272985	1789.6002	1770.2423	1757.1234	8.241456	1776.7842	1741.7203	1000.0	1000.0	409999	147.07996	21.205767	147.08005	21.206139	-147.88478	2.8131115	4862.439185142517
83	1801.9958	16.00602	1821.9961	1781.9797	1867.3215	7.81831	1887.3593	1852.2556	1000.0	1000.0	414999	147.73466	21.189518	147.7344	21.189552	-148.51614	2.616703	4923.997797012329
84	1797.9094	27.339458	1835.0968	1766.1936	1784.8431	16.15694	1811.2451	1758.714	1000.0	1000.0	419999	148.27127	21.332155	148.27147	21.33426	-149.00183	2.719873	4985.369744300842
85	1787.2488	16.799646	1812.4073	1762.4907	1840.9404	11.530648	1856.7618	1816.5499	1000.0	1000.0	424999	148.86038	21.295774	148.86032	21.297417	-149.61916	2.7751691	5046.733129024506
86	1784.3636	24.618143	1830.4845	1758.9885	1682.1602	11.495171	1709.4252	1663.3444	1000.0	1000.0	429999	149.5186	21.308691	149.51846	21.309954	-150.26932	2.7340262	5106.691064119339
87	1761.5133	18.864393	1779.068	1732.214	1743.554	9.908696	1758.5929	1722.2726	1000.0	1000.0	434999	150.14577	21.272303	150.14577	21.273573	-150.91325	2.7811117	5167.961822509766
88	1818.0261	35.193153	1857.203	1757.7078	1775.4069	14.72753	1813.1151	1744.7227	1000.0	1000.0	439999	150.62912	21.23954	150.62918	21.241072	-151.40343	2.5612297	5229.397427082062
89	1820.389	21.53623	1851.3762	1788.3524	1851.0735	9.045101	1866.7863	1828.8331	1000.0	1000.0	444999	151.11162	21.09397	151.11179	21.097397	-151.86826	2.5654411	5290.709501028061
90	1790.6492	40.095528	1844.8428	1740.3965	1764.157	14.368023	1796.7129	1740.799	1000.0	1000.0	449999	151.72093	20.911497	151.72107	20.911901	-152.42128	2.5985506	5352.166926860809
91	1489.8191	341.2019	1805.8373	964.9557	1748.6621	228.29953	1834.9564	756.84283	845.0	972.8	454999	152.21754	21.127169	152.21736	21.1285	-152.94934	2.6443975	5412.049967765808
92	1801.658	8.028064	1813.67	1792.2123	1822.6003	5.7894487	1835.3508	1813.7715	1000.0	1000.0	459999	152.58496	21.182867	152.58507	21.182077	-153.30087	2.5321083	5473.466432094574
93	1820.0195	14.579772	1836.8538	1796.0358	1794.5645	10.231309	1818.8188	1777.4276	1000.0	1000.0	464999	153.07253	20.997478	153.07246	21.001463	-153.81387	2.8355038	5533.110029220581
94	1810.139	8.52644	1820.219	1798.8636	1823.5371	6.764327	1840.872	1811.7456	1000.0	1000.0	469999	153.39812	21.081156	153.39818	21.082424	-154.08698	2.7939796	5595.112615346909
95	1807.3738	26.161299	1843.2305	1776.2155	1856.6185	15.645851	1881.9457	1816.9996	1000.0	1000.0	474999	153.68974	21.019886	153.68968	21.02045	-154.37688	2.6271176	5656.256736278534
96	1844.5559	14.468009	1867.5262	1822.7883	1842.6248	7.44049	1857.4965	1831.7863	1000.0	1000.0	479999	154.01764	20.80213	154.0178	20.800453	-154.6984	2.6640015	5718.605969429016
97	1828.9255	4.4688087	1833.5786	1820.9395	1901.8099	16.032097	1926.4916	1861.5835	1000.0	1000.0	484999	154.24739	20.98409	154.24742	20.986828	-154.9163	2.5601995	5780.77697467804
98	1824.0488	18.172218	1842.561	1790.5099	1832.643	6.1202035	1844.084	1817.2308	1000.0	1000.0	489999	154.60738	21.119295	154.60742	21.1202	-155.30173	2.6230164	5841.723556518555
99	1858.4703	15.188137	1877.6627	1833.0172	1869.4733	8.242667	1887.962	1850.2899	1000.0	1000.0	494999	155.00879	20.976847	155.00864	20.981785	-155.65306	2.5584757	5903.2027134895325
100	1843.4705	15.042354	1862.4531	1823.2	1829.8293	7.549798	1846.5789	1815.6007	1000.0	1000.0	499999	155.36803	20.77494	155.36789	20.776363	-156.04918	2.4535577	5965.5433468818665
101	1830.6721	12.190635	1848.6342	1813.016	1880.6442	9.92424	1894.5529	1858.9188	1000.0	1000.0	504999	155.72276	20.802078	155.7229	20.806091	-156.41147	2.365357	6027.886758804321
102	1845.2689	24.382793	1887.1495	1811.4479	1887.986	7.3992696	1902.8274	1875.2015	1000.0	1000.0	509999	156.32849	20.667362	156.32861	20.66887	-157.0215	2.4939845	6089.965941905975
103	1859.9375	26.811546	1900.2003	1829.1436	1800.108	12.869247	1822.0309	1778.6052	1000.0	1000.0	514999	156.83038	20.581566	156.83046	20.58162	-157.51173	2.4998121	6152.421996831894
104	1861.1484	12.063986	1880.0237	1842.0573	1824.6263	9.0896635	1839.861	1809.6847	1000.0	1000.0	519999	157.25647	20.77056	157.2565	20.772072	-157.91313	2.4125953	6215.17344212532
105	1848.3953	20.092756	1883.81	1824.7932	1876.072	9.150959	1891.4198	1858.4119	1000.0	1000.0	524999	157.62886	20.701023	157.62895	20.703583	-158.30002	2.5261865	6275.8565146923065
106	1850.3906	12.400604	1868.5557	1837.3312	1867.2281	8.931329	1887.5267	1848.9943	1000.0	1000.0	529999	157.78401	20.909187	157.7839	20.91164	-158.4219	2.525663	6337.824476480484
107	1871.0217	19.167686	1895.417	1842.7014	1939.8014	13.364382	1956.9142	1906.7728	1000.0	1000.0	534999	158.135	20.776247	158.13524	20.775822	-158.7708	2.3628013	6400.08690237999
108	1888.2864	10.451181	1899.3556	1873.1016	1931.2389	10.155521	1950.8572	1915.0986	1000.0	1000.0	539999	158.5234	20.813383	158.52327	20.814133	-159.15709	2.3647113	6462.234189748764
109	1882.2607	12.970208	1903.6486	1867.059	1928.7278	9.494757	1950.1754	1914.734	1000.0	1000.0	544999	159.01595	20.730791	159.01598	20.734955	-159.69237	2.55323	6523.807373046875
110	1875.6658	9.671148	1889.6321	1863.8878	1889.3998	8.395029	1910.9911	1871.5846	1000.0	1000.0	549999	159.33452	20.683077	159.3346	20.685846	-159.98096	2.424398	6586.415977478027
111	1857.1937	9.030662	1872.657	1845.8528	1886.5779	9.09118	1909.5068	1866.921	1000.0	1000.0	554999	159.6056	20.857964	159.60565	20.860584	-160.20497	2.4878793	6649.289081335068
112	1863.3715	22.528702	1890.9987	1834.1777	1826.4387	13.002764	1855.8546	1805.363	1000.0	1000.0	559999	159.7731	21.081463	159.77312	21.0823	-160.40283	2.3811452	6710.051486253738
113	1670.4073	471.16336	1905.1108	617.5728	1808.0696	7.5506544	1823.3827	1793.2141	889.1667	1000.0	564999	160.17902	20.888084	160.17911	20.889273	-160.81067	2.4111886	6772.181210756302
114	1872.0984	28.1999	1908.8342	1837.851	1954.2758	11.298044	1979.9432	1937.5067	1000.0	1000.0	569999	160.56537	20.601015	160.56538	20.602484	-161.19803	2.223911	6833.41615819931
115	1886.8674	18.613424	1902.9031	1860.6245	1833.0625	18.19102	1872.2008	1805.8936	1000.0	1000.0	574999	161.01355	20.564138	161.01372	20.567097	-161.64584	2.2921429	6895.393083810806
116	1870.9584	21.284863	1898.8104	1839.8156	1937.5652	7.3562593	1949.4269	1924.1617	1000.0	1000.0	579999	161.38504	20.255953	161.38501	20.256111	-162.02515	2.287871	6955.605273962021
117	1886.7188	19.032915	1910.2494	1864.5199	1870.5629	10.7110405	1889.4772	1849.1017	1000.0	1000.0	584999	161.60287	20.373966	161.60289	20.377056	-162.20352	2.3926382	7017.917242765427
118	1899.5726	11.382819	1915.1956	1886.2559	1964.2764	13.995142	1988.6772	1935.9944	1000.0	1000.0	589999	161.79753	20.421227	161.79747	20.421862	-162.39331	2.2263937	7079.506838083267
119	1895.8307	10.3394985	1910.2726	1878.1477	1871.7766	17.972664	1906.3186	1832.252	1000.0	1000.0	594999	162.10733	20.784172	162.10747	20.78135	-162.70728	2.191276	7140.811135292053
120	1877.3206	23.26687	1902.3724	1838.8618	1934.7451	12.817164	1963.8079	1915.1951	1000.0	1000.0	599999	162.6956	20.61553	162.6956	20.616402	-163.3233	2.1241074	7201.538062334061
121	1883.9066	17.977713	1917.7122	1866.6785	1872.1531	7.8097873	1887.6473	1861.0549	1000.0	1000.0	604999	162.99893	20.725739	162.99887	20.725964	-163.63225	2.0135586	7263.892824411392
122	1892.5199	14.170258	1913.5586	1870.6505	1938.8658	9.519759	1962.5332	1926.0447	1000.0	1000.0	609999	163.3545	20.478127	163.35457	20.479689	-163.95357	2.320706	7325.056373357773
123	1901.9525	19.798883	1928.9998	1872.3453	1934.833	13.594962	1956.3774	1906.8429	1000.0	1000.0	614999	163.5477	20.618769	163.54764	20.62174	-164.15227	2.3463864	7386.325716495514
124	1902.9066	15.263905	1922.9148	1878.3915	1952.9968	11.606318	1973.454	1930.9716	1000.0	1000.0	619999	163.90872	20.285236	163.90865	20.285662	-164.50716	2.2563937	7446.7004570961
125	1905.7922	18.637161	1933.9556	1875.5171	1893.5247	6.664804	1904.8965	1879.5056	1000.0	1000.0	624999	164.13506	20.349669	164.13506	20.350689	-164.72133	2.1669788	7507.997163772583
126	1897.2	23.707237	1920.9384	1854.3699	1908.5671	9.580415	1927.7166	1888.2003	1000.0	1000.0	629999	164.4347	20.400242	164.43457	20.403305	-165.00603	2.1140103	7569.409579515457
127	1903.7164	8.896554	1916.6136	1893.3613	1876.5823	9.040731	1893.2648	1860.2745	1000.0	1000.0	634999	164.78772	20.283018	164.78772	20.283606	-165.38675	2.2539465	7630.9113783836365
128	1908.7719	14.38066	1932.758	1890.8873	1955.6731	8.022102	1974.4742	1938.8376	1000.0	1000.0	639999	165.0848	20.042925	165.08481	20.046225	-165.63895	2.048578	7692.921156167984
129	1911.692	17.747723	1940.3217	1889.1128	1952.804	11.059005	1967.3784	1926.7617	1000.0	1000.0	644999	165.26695	20.19715	165.26675	20.200687	-165.82152	2.0208638	7752.80437207222
130	1927.4957	20.408861	1946.0247	1891.3444	1996.7605	7.3383336	2005.1058	1979.179	1000.0	1000.0	649999	165.4981	20.205397	165.49788	20.207466	-166.0665	2.1069968	7814.0674958229065
131	1912.9404	9.819478	1927.0295	1897.71	1885.3949	11.310689	1899.1414	1856.3115	1000.0	1000.0	654999	165.80424	20.170818	165.80411	20.171137	-166.37975	2.1067371	7875.442993879318
132	1911.6967	12.616665	1927.5693	1888.8702	1864.7711	8.939178	1884.1882	1855.4382	1000.0	1000.0	659999	166.05424	20.179476	166.05434	20.180517	-166.61719	2.1428156	7937.410880088806
133	1914.209	11.897369	1928.926	1893.82	1917.8328	4.9300065	1925.2548	1906.0469	1000.0	1000.0	664999	166.32657	20.204575	166.32669	20.207306	-166.86722	2.0851893	7998.010006189346
134	1921.2942	14.217158	1936.4381	1895.024	1983.5623	12.110203	2010.107	1965.5078	1000.0	1000.0	669999	166.4606	20.245802	166.46056	20.248068	-167.0306	2.0129902	8059.901624679565
135	1902.6917	44.861614	1949.9011	1825.4569	1884.5336	12.923899	1911.6692	1859.8541	1000.0	1000.0	674999	166.50104	20.125298	166.50113	20.127634	-167.04123	2.0715258	8121.19730758667
136	1909.3538	12.898779	1926.5183	1893.7202	1984.498	14.281204	2026.2611	1964.0306	1000.0	1000.0	679999	166.71014	20.032578	166.71004	20.03791	-167.25848	1.91513	8182.675589561462
137	1916.3912	11.3466215	1932.3602	1897.6824	1997.2444	7.683643	2009.5238	1982.5311	1000.0	1000.0	684999	166.88301	20.260223	166.88306	20.260578	-167.42412	2.0380461	8243.021777391434
138	1858.093	113.88674	1921.5762	1630.6107	1886.722	6.4205813	1897.3562	1874.1926	969.2	1000.0	689999	167.13763	20.003687	167.13776	20.005274	-167.6843	2.0178592	8304.130435705185
139	1785.7245	125.29073	1895.7227	1553.0038	1904.7334	7.797659	1923.998	1889.6102	946.6667	1000.0	694999	167.25694	20.144121	167.2567	20.144178	-167.761	2.0970876	8365.395442724228
140	1586.6837	612.8039	1919.2871	361.4596	1925.4524	9.126711	1943.1903	1905.2413	840.8	1000.0	699999	167.3993	20.061087	167.39925	20.063578	-167.94812	2.3470407	8426.636632919312
141	1896.1178	13.596591	1907.9683	1870.2595	1959.928	14.901943	1991.6451	1917.4308	1000.0	1000.0	704999	167.58604	20.171846	167.58618	20.173958	-168.10097	2.2935004	8487.963029623032
142	1915.7894	19.17113	1950.0559	1896.9365	1911.1633	12.412928	1939.6697	1889.8333	1000.0	1000.0	709999	167.70964	20.138092	167.70961	20.140026	-168.26007	2.1718235	8547.78853392601
143	1897.3422	13.187129	1915.1215	1877.3561	1818.0768	7.3954005	1830.1702	1805.7864	1000.0	1000.0	714999	167.94579	19.92559	167.94571	19.926727	-168.46643	2.1940017	8609.196322202682
144	1889.583	12.870043	1906.4021	1875.0522	1847.0486	7.5682235	1863.3053	1833.2391	1000.0	1000.0	719999	168.1258	19.910603	168.12556	19.910982	-168.67328	2.352662	8670.648020505905
145	1921.4672	20.736673	1953.5625	1900.7211	1819.7871	12.608019	1846.048	1796.5166	1000.0	1000.0	724999	168.45084	19.78581	168.45093	19.78762	-168.96443	2.2493122	8731.868705272675
146	1876.2471	8.180574	1883.476	1860.899	1933.5336	11.866047	1967.8148	1912.7493	1000.0	1000.0	729999	168.63258	19.940413	168.63254	19.940395	-169.1646	2.3147378	8793.223323822021
147	1917.7012	11.869953	1929.6567	1897.0499	1903.9001	6.124725	1916.6942	1890.3468	1000.0	1000.0	734999	168.73656	19.927893	168.73672	19.92483	-169.282	2.2029538	8853.152876615524
148	1908.2494	16.892775	1934.0831	1881.2957	1888.3406	7.706501	1904.9088	1872.1377	1000.0	1000.0	739999	168.89702	19.777431	168.89706	19.775915	-169.40147	2.1943843	8914.386865615845
149	1902.941	21.528866	1935.9222	1872.7515	1902.734	13.46394	1927.304	1875.4309	1000.0	1000.0	744999	168.95267	19.94502	168.95282	19.946722	-169.45703	2.1236923	8975.619807958603
150	1894.5846	22.035435	1932.1942	1869.4984	1948.4965	16.543207	1975.0635	1921.7313	1000.0	1000.0	749999	169.09795	19.836573	169.09773	19.84052	-169.58673	2.145142	9036.757987976074
151	1892.7633	21.437403	1919.9286	1866.1285	1903.751	5.638709	1911.3981	1889.0765	1000.0	1000.0	754999	169.19618	20.172092	169.19624	20.171251	-169.70018	2.1468403	9097.868077754974
152	1902.8386	25.056438	1941.0236	1866.1466	1957.3826	11.37494	1976.3492	1938.5688	1000.0	1000.0	759999	169.38304	20.007957	169.38301	20.009953	-169.88953	2.1513028	9158.006775856018
153	1889.7207	20.863136	1925.5393	1863.938	1898.8337	9.937452	1923.7485	1881.2845	1000.0	1000.0	764999	169.49693	19.892237	169.49706	19.892397	-169.9912	2.0569026	9219.29888343811
154	1915.638	18.758902	1939.0718	1890.0526	1879.943	7.154321	1892.4978	1862.6305	1000.0	1000.0	769999	169.6421	19.815365	169.64214	19.817749	-170.15422	2.133616	9280.59557056427
155	1902.6566	11.672815	1917.4932	1887.0673	1963.8353	6.963312	1977.0465	1949.6471	1000.0	1000.0	774999	169.75328	19.925985	169.75323	19.92782	-170.2301	1.8707992	9341.846801519394
156	1937.2087	8.467882	1951.478	1926.9963	1964.9664	10.249362	1989.8772	1949.475	1000.0	1000.0	779999	169.90466	19.668882	169.90453	19.671047	-170.37544	2.054791	9402.316612005234
157	1948.1982	12.425617	1964.3112	1930.504	1920.5232	4.770687	1927.2699	1907.5955	1000.0	1000.0	784999	170.09998	19.82856	170.09996	19.832142	-170.5868	2.060487	9463.090779304504
158	1896.3951	13.111535	1920.6201	1881.2384	1910.2845	6.726693	1923.5024	1893.0831	1000.0	1000.0	789999	170.35426	19.827026	170.3543	19.826185	-170.88737	2.0930285	9524.366963386536
159	1937.8539	11.661277	1955.6982	1920.8347	1896.3416	9.096076	1916.8541	1883.1014	1000.0	1000.0	794999	170.46906	19.790564	170.46892	19.790184	-170.95563	2.182548	9585.568708658218
160	1929.2273	15.109412	1956.7397	1916.6073	1940.5928	9.35547	1957.4653	1920.6346	1000.0	1000.0	799999	170.56284	19.844042	170.56293	19.844837	-171.03743	2.0736976	9646.846879005432
161	1927.9401	13.079645	1949.1781	1907.9543	1885.2444	5.892686	1894.8378	1875.1328	1000.0	1000.0	804999	170.68918	19.863964	170.6892	19.860823	-171.18503	2.0437133	9708.012044906616
162	1912.0006	20.426552	1930.5089	1872.8165	1977.3162	10.745841	1991.4795	1953.0353	1000.0	1000.0	809999	170.8612	19.769423	170.86124	19.770853	-171.3657	1.9995347	9769.602520942688
163	1940.5974	21.538725	1983.1355	1925.5127	1842.759	10.322456	1868.3031	1830.6339	1000.0	1000.0	814999	170.77646	19.985243	170.7764	19.985195	-171.23265	2.1351323	9831.03724360466
164	1913.5774	8.878867	1923.1682	1898.3848	1918.3074	176.86203	1998.228	1155.9764	1000.0	979.8	819999	170.81691	19.743608	170.81696	19.743093	-171.29407	2.1054661	9892.376929998398
165	1917.3577	5.0781984	1921.8478	1907.4384	1933.3428	17.916702	1964.0212	1897.4857	1000.0	1000.0	824999	170.89122	19.772758	170.89119	19.774733	-171.3785	2.0150762	9952.762029647827
166	1900.9622	21.428732	1929.3882	1870.805	1908.8707	8.822175	1928.7582	1889.0724	1000.0	1000.0	829999	170.95111	19.876278	170.9511	19.87524	-171.4126	2.0162632	10013.253541469574
167	1891.7113	13.921636	1917.0078	1874.8385	1951.7131	10.631753	1980.2852	1929.6906	1000.0	1000.0	834999	171.17303	19.597776	171.17316	19.59809	-171.64273	1.9380152	10074.597545862198
168	1918.3912	14.649055	1936.1775	1899.9983	1961.4609	9.543928	1973.8721	1944.4457	1000.0	1000.0	839999	171.2017	19.6976	171.20184	19.699532	-171.67654	2.0360048	10138.083374500275
169	1907.4371	10.588115	1921.081	1890.8165	1866.4102	11.427835	1887.2632	1834.6869	1000.0	1000.0	844999	171.4004	19.634758	171.40036	19.635534	-171.88348	1.9920805	10199.319348096848
170	1900.8108	15.032347	1925.8915	1880.1504	1888.6862	9.687321	1907.5105	1862.7122	1000.0	1000.0	849999	171.64172	19.44498	171.64182	19.442764	-172.12222	1.9486889	10259.241203308105
171	1919.8844	10.099712	1935.2651	1905.2297	2011.8699	9.830488	2029.0746	1992.731	1000.0	1000.0	854999	171.7871	19.248552	171.78696	19.250853	-172.25627	1.9759418	10320.752192020416
172	1902.2429	46.784817	1939.521	1810.393	1923.347	6.1826468	1934.3315	1911.2986	989.8	1000.0	859999	172.04207	19.106384	172.04227	19.108496	-172.52568	1.9270846	10382.182479143143
173	1944.9125	27.646023	1982.7723	1907.139	1948.2869	12.042528	1974.6599	1928.2423	1000.0	1000.0	864999	172.15434	19.164152	172.1542	19.162369	-172.6217	1.9077578	10443.46325802803
174	1947.582	15.321997	1974.9937	1932.2183	1960.779	8.478479	1977.3309	1943.9912	1000.0	1000.0	869999	172.36119	18.874456	172.361	18.87577	-172.84729	1.8043987	10504.83342218399
175	1954.0977	8.057335	1963.5039	1941.4143	1958.677	9.767648	1978.5459	1943.2526	1000.0	1000.0	874999	172.45523	19.096958	172.45525	19.095764	-172.92642	2.0031335	10564.74939918518
176	1949.5038	24.6696	1985.1833	1908.1312	1856.0481	12.434526	1880.6013	1833.6678	995.5	1000.0	879999	172.63744	18.97005	172.63751	18.969135	-173.11343	1.963584	10626.033084869385
177	1940.6892	17.181725	1969.4417	1920.3273	1720.0208	187.8468	1789.3978	903.4705	1000.0	976.0	884999	172.65755	19.150444	172.65753	19.150898	-173.11243	2.0122683	10687.491642475128
178	1938.7527	23.98892	1985.2255	1917.0076	1977.9613	8.764856	1994.3629	1963.0299	1000.0	1000.0	889999	172.75851	19.262587	172.75842	19.264002	-173.21121	1.8719457	10748.736443519592
179	1959.3508	17.139627	1991.2665	1942.7922	1944.3342	9.631826	1963.6428	1927.2264	1000.0	1000.0	894999	172.90282	19.227642	172.90276	19.225098	-173.34203	1.8431426	10809.340819120407
180	1967.8646	36.869007	2006.352	1906.5219	2018.5647	9.056166	2032.5474	2001.5839	1000.0	1000.0	899999	173.10678	19.210777	173.10681	19.212152	-173.56549	2.0189257	10871.265933990479
181	1947.7041	27.385952	1972.0309	1902.7921	1885.1082	10.792366	1912.9355	1864.161	1000.0	1000.0	904999	173.25827	19.390848	173.25824	19.391504	-173.66956	1.8485343	10932.59924864769
182	1948.5417	17.109377	1968.6493	1925.7216	1992.9987	10.644894	2011.702	1974.3306	1000.0	1000.0	909999	173.32318	19.332739	173.32332	19.331715	-173.75179	1.9975996	10994.009719133377
183	1918.0642	10.327709	1931.0724	1904.8495	1900.2107	8.454499	1921.5837	1882.2885	1000.0	1000.0	914999	173.49434	19.366428	173.4943	19.365269	-173.95102	1.797725	11055.390696048737
184	1937.491	8.301395	1948.1389	1926.2698	2017.723	5.7649364	2029.7166	2007.4556	1000.0	1000.0	919999	173.6504	19.529839	173.65053	19.528278	-174.0779	1.8891039	11115.303451299667
185	1606.5833	702.7261	1977.6106	201.32455	1998.2468	5.575268	2008.4052	1989.4957	823.0	1000.0	924999	173.77142	19.337349	173.77109	19.341312	-174.2267	2.0159125	11176.805336475372
186	1962.4156	21.521856	1995.7274	1933.5204	2030.325	9.058871	2043.3965	2003.4803	1000.0	1000.0	929999	173.96356	19.34011	173.9636	19.339651	-174.42618	2.0123777	11237.979884624481
187	1958.7903	14.549188	1978.3191	1943.9734	1975.1666	10.857167	1989.6682	1945.3107	1000.0	1000.0	934999	174.03267	19.589125	174.03252	19.58974	-174.48163	1.9986407	11299.374400615692
188	1837.16	258.3174	1966.3982	1260.3298	2006.2396	7.5200443	2017.0042	1994.9862	940.3333	1000.0	939999	174.17926	19.595839	174.17896	19.599092	-174.63956	2.145031	11359.923581123352
189	1680.7789	624.04297	1976.5101	285.6472	1908.3373	10.740681	1930.4064	1883.6431	859.1667	1000.0	944999	174.47021	19.361158	174.47037	19.362133	-174.8969	1.8057033	11420.865507125854
190	1954.217	10.454731	1968.042	1935.6564	1942.1384	7.5216713	1953.9207	1922.9321	1000.0	1000.0	949999	174.56091	19.402676	174.56093	19.401556	-175.0026	1.9212031	11482.199367523193
191	1967.8356	4.7045546	1973.1084	1961.1204	1991.0367	6.655337	2003.5402	1980.1609	1000.0	1000.0	954999	174.65213	19.328968	174.6522	19.328434	-175.09503	2.0239577	11543.32272696495
192	1966.4121	23.184359	1992.4136	1925.1907	1913.8818	6.812082	1926.1152	1902.2876	1000.0	1000.0	959999	174.66354	19.161396	174.66357	19.160175	-175.07718	2.0430558	11604.552639007568
193	1973.475	37.60012	2013.4581	1907.7546	2016.5756	9.295462	2039.2106	1995.6128	1000.0	1000.0	964999	174.76813	18.98373	174.76826	18.98579	-175.20764	1.7636597	11664.435608386993
194	1975.4617	6.2811584	1979.8827	1963.1848	2046.6742	11.17489	2069.7637	2023.7625	1000.0	1000.0	969999	174.97998	19.099607	174.97964	19.102905	-175.41122	1.9088533	11725.86748123169
195	1975.3284	29.072798	2003.5682	1928.8644	1993.2131	16.63506	2020.3696	1966.5764	1000.0	1000.0	974999	175.14973	19.109636	175.14963	19.111597	-175.54971	1.8842779	11787.068630933762
196	1978.7693	14.9703665	2002.3735	1964.6058	2013.8586	7.483291	2027.2308	1991.9684	1000.0	1000.0	979999	175.24886	19.242172	175.249	19.23984	-175.67625	2.0252438	11848.563410520554
197	1979.5502	13.500574	2002.7489	1961.6859	1987.4316	9.691521	1999.5814	1962.9001	1000.0	1000.0	984999	175.31451	19.371338	175.3144	19.374716	-175.74475	1.8164433	11909.944352149963
198	1986.2205	10.175895	2000.6292	1969.3546	2039.4365	5.233065	2047.0272	2029.3467	1000.0	1000.0	989999	175.42743	19.12185	175.4274	19.12116	-175.83212	1.8292668	11970.489340305328
199	1836.0931	267.1052	1987.3345	1302.3938	1934.2307	3.7388067	1941.0878	1925.9294	933.8	1000.0	994999	175.61362	19.085163	175.61363	19.084837	-176.03935	1.9604068	12031.892286777496
200	1972.0325	6.8429604	1983.9117	1965.2588	1958.6539	10.337131	1974.9814	1932.8677	1000.0	1000.0	999999	175.85463	18.988176	175.85434	18.992157	-176.2639	1.8575785	12093.271837234497
