Epoch	AverageEpRet	StdEpRet	MaxEpRet	MinEpRet	AverageTestEpRet	StdTestEpRet	MaxTestEpRet	MinTestEpRet	EpLen	TestEpLen	TotalEnvInteracts	AverageQ1Vals	StdQ1Vals	AverageQ2Vals	StdQ2Vals	LossPi	LossQ	Time
1	16.919939	3.8929274	48.471546	10.579634	19.9906	3.779494	27.601175	13.909327	14.615836	21.3	4999	7.861026	4.945248	7.8607645	4.94548	-8.970578	0.11307064	33.410664081573486
2	16.644625	3.4518485	35.88249	9.922766	3.568676	0.6560657	4.639346	2.5400689	14.039216	10.0	9999	33.022896	19.355236	33.02324	19.35637	-39.18923	2.2769387	73.08304476737976
3	24.046766	24.36232	103.1144	3.9977622	52.04043	21.059313	99.486015	26.247229	25.875648	49.95	14999	70.63134	27.083586	70.63116	27.083662	-77.34714	9.559891	116.53179025650024
4	55.68326	25.404959	111.82878	-1.8909606	78.40694	35.889473	129.01186	28.994242	60.641975	86.9	19999	78.47908	31.062958	78.479164	31.059265	-83.773575	8.068981	160.61236000061035
5	58.78025	47.085407	296.31186	1.0549928	154.98059	208.29137	768.3103	34.052242	99.29412	214.05	24999	78.26636	31.375042	78.26648	31.370594	-82.7967	7.4727783	222.70716881752014
6	145.79184	200.66425	678.2506	23.065523	142.67816	145.60403	742.10254	20.12207	215.5	157.3	29999	80.25043	29.791874	80.25069	29.789303	-84.37897	5.9937873	284.6454336643219
7	187.5396	206.75552	711.3957	40.058685	360.48505	318.59735	760.1664	19.804607	223.90909	460.4	34999	81.01616	28.435326	81.0165	28.433027	-84.40864	4.942271	345.6557459831238
8	96.72326	134.01218	742.6134	10.022147	63.41081	27.71319	118.2024	20.76636	115.95652	64.05	39999	79.45048	28.307615	79.45085	28.306826	-82.22409	4.8434153	389.95796394348145
9	115.78087	138.8029	761.5696	10.651608	203.61716	212.43785	765.5371	18.799517	128.42857	263.7	44999	75.846535	29.50704	75.84635	29.505941	-78.29171	4.5362954	451.4619052410126
10	173.19975	206.09384	728.21027	18.407518	210.6562	241.24164	881.5285	64.36516	220.4	251.5	49999	74.27867	27.847504	74.27851	27.843819	-76.57184	4.0310664	513.8568441867828
11	109.78955	49.405056	234.61673	13.132413	251.98941	293.00604	820.56165	36.17628	103.0625	309.7	54999	72.32278	27.88516	72.322784	27.880562	-74.31563	3.6485984	576.0402143001556
12	202.9521	207.06003	815.2757	35.88196	134.9932	152.83731	775.5432	18.67461	234.71428	158.2	59999	70.07327	27.910782	70.07337	27.909615	-71.8282	3.3466456	638.3512964248657
13	500.57623	285.41504	822.53046	157.44484	601.7997	274.49594	791.93616	17.082083	657.0	785.5	64999	69.11817	27.343632	69.11822	27.340696	-70.83584	3.065605	699.4890050888062
14	470.98895	292.26312	772.043	12.806415	500.35117	296.77463	853.4146	29.886915	680.375	719.85	69999	69.72066	26.804583	69.72067	26.802904	-71.41212	2.9195287	761.7008039951324
15	322.93088	282.215	701.5035	13.09989	569.1604	266.6795	815.51544	62.70587	441.63635	759.2	74999	70.73278	26.123466	70.732834	26.123476	-72.35651	2.805294	823.9929070472717
16	503.32455	238.32964	792.84564	166.39235	524.98193	293.1473	892.1527	110.93478	734.0	648.55	79999	71.0664	25.213764	71.0662	25.212934	-72.5301	2.6817896	886.3006381988525
17	271.64258	232.14665	803.095	34.262333	655.7472	242.27112	812.217	12.158789	319.70587	841.7	84999	71.22199	24.404396	71.22188	24.402943	-72.62443	2.5139189	947.3931798934937
18	659.1632	174.78566	795.74554	287.68814	430.89337	298.2612	782.559	20.25548	849.1667	591.8	89999	71.49132	23.761246	71.49118	23.75964	-72.87585	2.4666498	1010.4805409908295
19	530.4316	285.1517	780.75745	10.920172	571.3489	179.36534	868.0889	180.62234	739.8333	895.4	94999	71.66771	23.19979	71.66765	23.197855	-72.960884	2.2888222	1073.804921388626
20	571.7567	212.94206	790.743	200.59412	619.2637	288.88565	872.31946	14.755635	807.5714	785.95	99999	71.696655	22.446548	71.69656	22.445633	-72.96424	2.1507683	1136.682629585266
21	533.7415	233.81294	820.0087	254.60197	648.6382	221.70775	906.4126	90.660484	640.8571	882.35	104999	71.88168	21.942772	71.88169	21.941269	-73.09875	2.0619311	1198.0670382976532
22	421.5428	281.31583	808.957	81.74244	392.58862	319.36804	802.6099	82.665016	517.3	471.55	109999	72.20592	21.628275	72.20567	21.62698	-73.34342	1.9566574	1260.5806818008423
23	541.9169	269.3995	792.01624	128.57205	605.1232	263.63208	804.54004	74.83047	683.0	814.45	114999	72.35121	21.52052	72.351265	21.51912	-73.42324	1.8520529	1323.123647928238
24	490.172	352.97696	910.4085	52.25177	726.1968	47.260864	818.73474	643.7396	606.875	1000.0	119999	72.22827	21.248634	72.22818	21.246677	-73.2639	1.8026979	1385.8101732730865
25	599.21533	139.49524	745.9981	394.71082	802.8739	190.73639	987.8096	15.58583	782.7143	955.15	124999	72.008484	20.851307	72.00845	20.848806	-72.96315	1.6628213	1446.9654574394226
26	498.7599	263.87308	801.45575	35.847126	795.66223	116.92927	919.84424	464.009	618.5	948.7	129999	71.708755	20.665058	71.708855	20.663572	-72.64423	1.7008891	1509.7879405021667
27	664.77655	220.2379	874.2781	264.89786	822.6883	187.77747	1002.034	65.34511	797.6667	953.65	134999	71.80879	20.437822	71.80885	20.43587	-72.70197	1.5782748	1572.5188455581665
28	458.8226	339.44595	962.6803	42.0103	845.7878	258.95486	998.7637	62.91419	500.5	914.65	139999	72.059715	20.293234	72.05975	20.29258	-72.95072	1.6202799	1635.316165447235
29	496.24225	389.75027	948.3821	42.079693	739.77795	301.81967	908.1324	19.104675	543.8889	861.15	144999	72.626915	20.23683	72.62685	20.23486	-73.530975	1.5540019	1697.1080403327942
30	478.69882	371.14456	903.24536	39.96893	783.71155	367.33304	1004.2983	43.09959	557.4	817.0	149999	72.969124	20.259134	72.96932	20.257345	-73.82283	1.5800065	1759.941650390625
31	664.4848	218.74818	938.2078	303.33112	901.0124	65.30774	1009.01276	793.8428	724.0	1000.0	154999	73.419334	20.226976	73.4193	20.225187	-74.26404	1.7087549	1822.571457862854
32	814.35443	113.7366	949.79926	609.45575	508.92813	331.8434	913.75806	24.215225	909.5	597.1	159999	73.93812	20.126047	73.938034	20.12432	-74.73631	1.5429928	1885.321145772934
33	739.5251	114.443596	850.25073	507.1194	850.4543	62.717773	1001.70624	738.77783	888.5	1000.0	164999	74.42055	19.887367	74.420586	19.884659	-75.21116	1.5362698	1946.8351850509644
34	771.9523	156.62114	940.51514	576.13635	816.77325	187.36722	994.76294	31.756878	848.2	954.3	169999	75.08104	19.798126	75.08104	19.795761	-75.90955	1.5540854	2009.7113089561462
35	840.39923	87.000015	931.8135	694.81396	707.82983	324.09583	998.41833	27.150993	940.6667	813.25	174999	75.61873	19.64102	75.61878	19.639044	-76.41044	1.5857818	2072.8070211410522
36	854.1066	62.216793	929.96545	789.1154	730.368	229.62921	983.87427	27.223902	1000.0	907.75	179999	75.99859	19.285885	75.998634	19.283854	-76.765175	1.4543326	2135.732085466385
37	702.68066	145.75671	848.53186	478.83667	781.37244	33.85777	820.9067	703.69293	865.6667	1000.0	184999	76.414116	18.88628	76.414	18.884727	-77.14654	1.4458458	2197.1772758960724
38	879.54395	49.789413	956.56555	817.38385	763.7245	233.83066	1001.84375	24.867222	1000.0	912.3	189999	76.69393	18.544245	76.693855	18.543331	-77.422844	1.427548	2259.821695804596
39	693.1782	327.79523	931.42896	42.81503	690.9711	250.61853	1012.0008	-5.9903216	757.8333	908.6	194999	77.22358	18.269037	77.22354	18.265284	-77.94941	1.4581296	2322.6064224243164
40	885.3123	104.05143	983.115	684.3576	714.203	323.67572	1008.0112	73.90075	1000.0	787.3	199999	77.74496	18.0016	77.74496	17.99967	-78.41369	1.4249724	2385.275238275528
41	693.151	268.32852	984.3111	222.14073	739.06995	227.54619	1003.8537	99.512	766.7143	882.45	204999	78.04765	17.957296	78.047485	17.955923	-78.745026	1.3765073	2447.534694671631
42	703.6855	278.9667	971.4138	184.01791	762.14386	125.65552	1008.74756	613.3306	819.1667	1000.0	209999	78.3603	17.958313	78.36036	17.955795	-78.99533	1.4212414	2509.668925523758
43	840.45935	98.870865	968.1259	707.89264	873.59375	201.89389	1001.02203	223.39072	1000.0	927.5	214999	78.57381	17.907303	78.57381	17.904408	-79.24189	1.4794484	2572.4227442741394
44	923.19434	33.493744	965.63324	863.7046	894.827	85.12086	1022.17523	823.38	1000.0	1000.0	219999	78.898964	17.681849	78.8991	17.678488	-79.553986	1.4342086	2635.344209909439
45	840.52313	125.55108	965.12134	609.9175	886.3805	63.505802	1005.7836	816.1615	1000.0	1000.0	224999	79.399765	17.34622	79.3997	17.343407	-80.0714	1.3649596	2697.8411133289337
46	874.07733	55.665188	954.4792	792.7719	849.478	180.41048	1017.35046	304.30994	1000.0	933.6	229999	79.94447	17.068165	79.944466	17.064135	-80.611465	1.4212937	2759.897336244583
47	875.20166	60.6538	968.24963	800.3585	889.3179	205.81721	1013.3687	8.413902	1000.0	953.8	234999	80.646255	16.846556	80.64617	16.844652	-81.315414	1.3438146	2822.566423892975
48	450.89865	399.6013	913.4945	47.30412	537.0674	337.1638	911.16785	15.225111	477.33334	649.05	239999	81.556465	16.812649	81.55656	16.809502	-82.241356	1.4027599	2885.2689023017883
49	451.74622	295.87555	875.66473	28.229485	360.56363	274.37708	1009.04596	111.11632	480.33334	348.85	244999	82.429695	16.913813	82.429665	16.909475	-83.115685	1.5311642	2947.5138046741486
50	472.42316	303.1451	940.0046	99.719666	701.76294	339.12045	1002.2962	27.45739	493.4	779.1	249999	83.104	17.185957	83.10401	17.182678	-83.76343	1.6370615	3008.8899562358856
51	434.48615	316.39536	962.4281	68.5595	388.6313	254.19878	815.1284	76.35602	520.0	592.2	254999	83.864876	17.242376	83.86475	17.239977	-84.53416	1.6793133	3071.0748546123505
52	688.9458	288.13425	1179.416	205.52121	830.7451	417.23587	1250.1901	25.17977	727.5	762.3	259999	84.41947	17.203999	84.41939	17.201078	-85.07142	1.6789674	3133.0697197914124
53	1132.6626	164.91179	1261.0076	837.3018	783.06274	186.84254	1049.9279	86.640854	1000.0	953.1	264999	85.219215	17.185396	85.21909	17.183504	-85.90457	1.7610962	3195.2036962509155
54	785.5811	201.93561	1004.6198	387.3702	481.37207	244.96063	1032.3889	109.9051	820.1667	374.9	269999	86.140976	17.343098	86.14082	17.340237	-86.846176	1.8167782	3252.7075374126434
55	657.56433	288.23053	1015.9023	152.65182	607.9335	288.28964	912.4743	90.530945	625.75	756.75	274999	87.61013	17.494186	87.61016	17.491241	-88.35276	1.8287476	3314.524718761444
56	818.4955	384.86862	1229.3354	181.14635	1402.4218	139.37115	1527.6355	929.4495	745.5714	1000.0	279999	89.12659	17.964783	89.12658	17.962915	-89.89213	1.8109809	3376.4435288906097
57	1352.0725	15.345887	1377.581	1330.2118	1373.4006	113.9523	1443.3005	925.6936	1000.0	1000.0	284999	90.810165	18.085957	90.80986	18.085072	-91.59122	1.8361531	3438.141891002655
58	1227.8624	233.00537	1382.7072	719.57416	443.54694	213.63794	1025.1561	124.71744	916.0	308.0	289999	92.19091	18.076286	92.19067	18.075174	-92.92943	1.9145187	3493.8833107948303
59	961.38916	510.12433	1422.8562	136.49185	1340.862	76.42766	1418.0895	1117.8059	707.8571	1000.0	294999	93.46365	17.973404	93.46359	17.969854	-94.2418	1.9342757	3554.8304481506348
60	1338.224	58.962337	1397.5764	1243.3676	1456.0155	19.608982	1500.066	1418.3021	1000.0	1000.0	299999	94.72669	17.795736	94.72655	17.791758	-95.486374	1.9562355	3615.996734380722
61	1328.7747	84.57905	1462.5872	1226.2694	1001.8595	250.57373	1389.804	699.14667	1000.0	975.9	304999	95.802246	17.755737	95.802376	17.754154	-96.568085	1.8798186	3678.0800864696503
62	1329.0471	45.094566	1382.9047	1252.1469	962.98224	267.72284	1454.3386	493.03564	1000.0	914.35	309999	96.92119	17.904716	96.92116	17.901423	-97.65305	1.9329317	3740.024919271469
63	876.31146	431.03052	1331.756	157.03966	663.3899	387.27863	1419.5992	116.13378	739.6667	473.1	314999	98.0372	18.249105	98.037056	18.247274	-98.787186	1.8749449	3801.7307844161987
64	852.889	420.90918	1410.5929	125.546715	616.0878	374.464	1218.4741	126.90653	675.2857	598.2	319999	99.31997	18.483679	99.31989	18.481419	-100.108	2.004168	3862.7045590877533
65	1359.6453	79.08373	1425.4606	1212.2052	1406.7786	318.14517	1572.0697	38.67623	1000.0	953.05	324999	100.40066	18.68496	100.400635	18.682568	-101.17446	2.026148	3924.7326855659485
66	1434.2463	20.051405	1459.9954	1412.3165	1491.907	7.8886104	1503.1842	1477.8925	1000.0	1000.0	329999	101.73547	18.589548	101.73546	18.588034	-102.51855	1.9826269	3986.3672065734863
67	1427.008	25.164742	1471.6921	1401.8885	967.3164	329.18698	1457.1802	157.7091	1000.0	955.25	334999	103.27085	18.470974	103.270645	18.471647	-104.07613	2.061237	4048.392166376114
68	1400.4976	71.48822	1494.1134	1274.2948	1479.7633	25.027473	1521.2252	1418.2616	1000.0	1000.0	339999	104.96926	18.320446	104.96928	18.317936	-105.79474	2.0339305	4109.190690994263
69	1246.6326	279.02017	1492.1786	874.1774	557.8833	423.3094	1421.564	137.55505	1000.0	397.65	344999	106.06345	18.269447	106.06346	18.268553	-106.88869	2.0782168	4170.9180862903595
70	926.4767	438.7713	1469.8105	165.88193	1551.0817	188.5481	1630.5763	735.78436	723.125	1000.0	349999	107.230125	18.281796	107.230125	18.28039	-108.01976	2.0734808	4232.706480503082
71	1460.794	12.956395	1486.4958	1451.2443	1512.9084	332.52032	1626.0349	67.187996	1000.0	954.1	354999	108.065636	18.51345	108.06559	18.512112	-108.8216	2.1367452	4294.445304632187
72	1222.8091	439.0941	1512.8004	252.60191	1645.6775	10.575608	1661.448	1618.2832	832.5	1000.0	359999	109.10642	18.835968	109.1064	18.835526	-109.87555	2.2717283	4356.101185798645
73	1405.3274	223.09709	1567.0367	963.89	1579.0944	28.310698	1617.8625	1515.0422	928.4	1000.0	364999	109.75742	19.224186	109.7575	19.22353	-110.539314	2.2427473	4416.481554746628
74	1454.8422	179.97253	1594.5878	1099.5919	1117.6594	427.7878	1506.0074	155.9727	940.6	754.25	369999	110.49722	19.452822	110.49726	19.452381	-111.22795	2.4027326	4478.355846166611
75	1408.1383	270.85626	1551.7147	803.9321	1102.6497	460.36905	1620.8655	397.33688	919.6667	692.55	374999	111.27481	19.757526	111.27481	19.756935	-112.02785	2.2761624	4540.091727256775
76	1474.1353	106.8924	1543.4392	1262.8538	1359.2466	431.10995	1602.5947	154.96542	965.8	868.1	379999	112.66215	19.839003	112.66185	19.836784	-113.44972	2.3804936	4601.67690205574
77	1264.3375	366.33743	1589.6385	726.3766	1590.6517	24.35391	1640.5315	1548.8685	835.1667	1000.0	384999	113.76424	19.88113	113.764114	19.8819	-114.542274	2.3125472	4662.38418507576
78	1376.1919	264.2264	1624.924	954.1436	1572.9595	21.614536	1600.9752	1503.3682	883.0	1000.0	389999	114.55048	20.17837	114.550575	20.176937	-115.2788	2.497589	4723.738623380661
79	1555.9781	35.108376	1606.5227	1496.3412	1541.4285	310.46555	1656.3013	334.99396	1000.0	968.85	394999	115.17499	20.51317	115.17491	20.513096	-115.945175	2.4915347	4785.623284101486
80	1591.0618	14.255366	1618.8533	1580.495	1631.1904	20.192362	1670.8218	1595.389	1000.0	1000.0	399999	116.285	20.695333	116.28493	20.695354	-117.09978	2.6370347	4847.238695859909
81	1477.4792	167.59854	1621.3838	1157.1327	1145.9978	551.0961	1624.4744	167.49947	1000.0	735.95	404999	117.224335	20.581913	117.224434	20.58019	-118.01001	2.558489	4908.86679983139
82	1599.8923	13.303574	1621.5642	1589.07	1557.7256	8.387922	1570.9387	1542.906	1000.0	1000.0	409999	117.87298	20.640635	117.87279	20.639366	-118.62985	2.452932	4969.510568380356
83	1580.0992	21.91208	1612.2142	1554.696	1594.8372	9.36095	1610.8938	1577.4092	1000.0	1000.0	414999	118.7195	20.768763	118.71949	20.770056	-119.461426	2.5911806	5031.359023332596
84	1593.2256	9.396548	1606.2156	1578.1118	1549.9403	134.9775	1602.6622	981.90906	1000.0	976.45	419999	119.803566	20.702778	119.80349	20.70153	-120.58948	2.5808318	5093.08820104599
85	1616.629	8.210215	1625.6077	1602.0753	1617.7013	8.670851	1638.0801	1603.2008	1000.0	1000.0	424999	121.00031	20.549086	121.00025	20.54707	-121.79529	2.51788	5154.851234197617
86	1580.9417	33.937756	1639.9414	1546.8862	1622.8932	20.728907	1663.4655	1558.706	1000.0	1000.0	429999	122.02812	20.586878	122.02806	20.584127	-122.81455	2.5953617	5215.98467540741
87	1487.1663	189.97188	1609.7219	1109.1002	1562.043	9.335412	1584.2871	1540.2783	940.6	1000.0	434999	122.646034	20.787142	122.6461	20.786156	-123.39636	2.4804811	5277.184831380844
88	1509.3035	160.09859	1641.6664	1195.3033	1649.1377	8.105621	1662.4653	1630.4402	948.8	1000.0	439999	123.1711	20.82896	123.17111	20.826893	-123.92935	2.5378563	5339.145117759705
89	1597.0304	19.093163	1622.6396	1570.5118	1634.6584	12.504309	1657.353	1609.8287	1000.0	1000.0	444999	123.70646	21.09743	123.70626	21.095367	-124.42745	2.5690901	5400.868022441864
90	1589.9553	20.197447	1616.1931	1564.4431	1580.9231	13.360792	1604.4202	1549.1675	1000.0	1000.0	449999	124.38796	21.20862	124.387825	21.20857	-125.12495	2.4709241	5462.552156925201
91	1468.162	213.85283	1613.27	994.7625	721.85187	507.6104	1621.8635	156.54672	936.1667	451.0	454999	125.1459	21.442284	125.1458	21.443668	-125.853424	2.452109	5522.679043769836
92	1597.9658	16.765018	1624.1848	1577.4791	1663.6143	10.013794	1681.5483	1648.2417	1000.0	1000.0	459999	125.689186	21.50157	125.6892	21.501348	-126.4123	2.5514755	5584.461743354797
93	1644.1367	10.22673	1657.2078	1629.6514	1621.196	5.7477627	1632.0421	1607.5449	1000.0	1000.0	464999	126.20604	21.647789	126.20606	21.645327	-126.906166	2.333974	5646.190936565399
94	1622.3699	19.653526	1638.2322	1585.193	1648.6758	12.2675	1676.4397	1628.8567	1000.0	1000.0	469999	126.786674	21.4588	126.7867	21.456503	-127.51588	2.5325477	5707.828956365585
95	1625.1339	20.369959	1659.3756	1600.8916	1676.8945	17.726254	1706.2389	1646.4015	1000.0	1000.0	474999	127.501526	21.126152	127.50137	21.12514	-128.24107	2.2675269	5769.146775722504
96	1635.2998	17.2808	1660.4414	1608.8053	1658.267	13.936914	1682.5247	1620.8031	1000.0	1000.0	479999	128.1498	21.092878	128.14989	21.091297	-128.84642	2.185933	5829.852938175201
97	1617.0831	14.257946	1635.2471	1595.8768	1571.0455	13.2299385	1599.317	1549.2205	1000.0	1000.0	484999	128.54594	21.414816	128.546	21.41327	-129.18153	2.4014268	5891.694847822189
98	1632.3887	25.991966	1655.3817	1583.8446	1629.3	10.991378	1652.5718	1604.6266	1000.0	1000.0	489999	128.95427	21.530182	128.95421	21.529037	-129.6461	2.2496204	5953.522743940353
99	1638.7468	8.84791	1647.3722	1627.8171	1676.3873	17.758945	1710.3462	1645.1304	1000.0	1000.0	494999	129.39412	21.599678	129.39384	21.598078	-130.10564	2.2744274	6015.2410197258
100	1668.3453	19.887148	1692.3026	1640.2284	1246.1965	646.0065	1691.3086	148.97456	1000.0	746.4	499999	130.04898	21.585098	130.04893	21.583216	-130.73378	2.3028557	6075.593594312668
101	1673.555	5.913595	1681.6564	1663.7699	1700.125	7.4963417	1717.2377	1684.0581	1000.0	1000.0	504999	130.76732	21.507769	130.76718	21.505438	-131.48166	2.268028	6137.455235481262
102	1700.2019	2.2014678	1703.1515	1697.1431	1700.6705	7.509009	1713.7721	1688.3318	1000.0	1000.0	509999	131.56836	21.363178	131.56834	21.362864	-132.27824	2.3595092	6199.279623508453
103	1522.3044	360.50317	1722.4939	801.6786	1692.6791	6.049506	1702.517	1679.9177	894.2	1000.0	514999	132.05286	21.409176	132.05278	21.405136	-132.71507	2.4007056	6261.0985724925995
104	1683.2963	18.48074	1705.7253	1663.3215	1664.2985	21.265896	1701.1287	1616.8059	1000.0	1000.0	519999	132.61607	21.639517	132.61601	21.636179	-133.30249	2.3427567	6322.64496421814
105	1638.9427	116.36441	1713.0187	1410.1825	1602.5	288.06708	1708.5492	527.4747	968.6	946.2	524999	133.22043	21.672516	133.22015	21.670315	-133.92868	2.2695334	6382.905109167099
106	1585.1573	217.54063	1698.7737	1099.5555	1738.2786	9.492349	1756.9265	1717.3339	944.0	1000.0	529999	133.97743	21.59338	133.97737	21.591415	-134.67111	2.3821054	6444.737749576569
107	1702.3552	11.134636	1714.1198	1681.7861	1668.2747	13.969776	1697.5631	1647.5756	1000.0	1000.0	534999	134.6416	21.535547	134.6414	21.532372	-135.31697	2.328335	6506.252974271774
108	1702.3334	7.6920767	1710.639	1688.4736	1732.1166	18.808744	1766.7808	1699.6868	1000.0	1000.0	539999	135.42099	21.397938	135.42064	21.397343	-136.12624	2.3332407	6567.799412250519
109	1686.9398	22.888908	1716.8219	1647.904	1615.3387	330.4931	1746.8297	498.68628	1000.0	933.85	544999	136.15524	21.544563	136.15526	21.541945	-136.87193	2.3031204	6628.259305000305
110	1438.9625	629.854	1749.5208	31.200384	1740.9753	10.821351	1763.6031	1719.5177	838.0	1000.0	549999	136.9324	21.545773	136.93231	21.542967	-137.62294	2.3919992	6689.607251882553
111	1711.8428	18.687492	1738.2667	1691.206	1763.4529	11.075188	1785.7173	1735.1809	1000.0	1000.0	554999	137.44365	21.401285	137.44334	21.39911	-138.13956	2.3443286	6751.141441822052
112	1692.9766	25.410244	1736.126	1661.5627	1732.3145	10.324037	1748.8994	1710.4863	1000.0	1000.0	559999	137.86363	21.203423	137.86363	21.201834	-138.5402	2.1752398	6812.656318426132
113	1685.1422	20.562971	1709.3381	1657.3473	1704.3733	8.052858	1718.2242	1690.6055	1000.0	1000.0	564999	138.34753	21.190958	138.34741	21.190659	-139.0284	2.2483025	6874.067397594452
114	1717.5254	12.393343	1729.0632	1699.8334	366.4897	524.38196	1661.219	35.680424	1000.0	241.7	569999	138.88626	21.206184	138.88605	21.203259	-139.54822	2.4517558	6934.471178770065
115	1139.3263	766.8622	1699.2343	50.31359	1566.1427	491.4792	1745.8489	85.94898	690.0	908.1	574999	139.2055	21.416708	139.20557	21.415136	-139.80785	2.290784	6995.948636054993
116	1706.5632	13.905613	1721.0867	1685.1855	1649.5074	373.20587	1755.4653	24.878471	1000.0	956.6	579999	139.00104	21.751835	139.00096	21.748259	-139.59299	2.294635	7057.349972248077
117	1687.1375	10.1755085	1698.8969	1670.4231	1687.9104	9.546806	1710.8317	1669.2314	1000.0	1000.0	584999	139.14522	21.809145	139.14526	21.805048	-139.77182	2.2932956	7119.014994859695
118	1693.2471	22.854767	1729.1752	1657.8075	1784.4219	24.897675	1807.0988	1718.0066	1000.0	1000.0	589999	139.56116	21.841791	139.56114	21.840866	-140.19583	2.2786794	7180.117516756058
119	1704.5215	7.721794	1712.0762	1690.1471	1740.9495	17.433262	1758.6257	1685.2683	1000.0	1000.0	594999	140.00235	21.840872	140.00217	21.837603	-140.67564	2.252724	7241.4947681427
120	1730.596	5.689229	1739.6206	1723.4409	1811.643	8.5224695	1822.7363	1794.0643	1000.0	1000.0	599999	140.45723	21.826342	140.45706	21.823082	-141.09656	2.252455	7303.07285451889
121	1715.1666	70.39767	1771.0596	1561.1748	1775.359	17.843384	1797.1598	1722.4099	981.6667	1000.0	604999	141.08588	21.711845	141.08582	21.710066	-141.72975	2.139939	7364.464122533798
122	1746.7721	9.478106	1762.19	1736.1775	1669.1094	38.079254	1819.5728	1618.5734	1000.0	1000.0	609999	141.38545	21.576042	141.38533	21.573261	-142.03004	2.1025746	7426.04380941391
123	1730.2496	11.744467	1750.4386	1714.0286	1796.0865	15.215902	1817.7986	1741.2178	1000.0	1000.0	614999	141.6011	21.733675	141.60097	21.731554	-142.1957	2.288305	7486.179402351379
124	1719.7805	10.503443	1733.932	1703.7181	1809.042	10.989261	1832.8479	1786.8939	1000.0	1000.0	619999	141.93149	21.722933	141.9313	21.720366	-142.55232	2.0990553	7547.923059940338
125	1735.7297	8.745562	1746.4476	1724.082	1792.6116	7.675765	1804.3098	1775.0123	1000.0	1000.0	624999	142.27295	21.84235	142.27292	21.842829	-142.86964	2.143783	7609.4717338085175
126	1729.8779	17.509686	1757.5632	1710.2894	1758.5844	6.9688725	1770.5765	1747.0309	1000.0	1000.0	629999	142.352	21.857323	142.35191	21.856752	-142.9351	2.1356735	7670.999354600906
127	1718.9417	13.682733	1737.1768	1695.0795	1810.9138	19.66773	1834.5435	1775.6509	1000.0	1000.0	634999	142.58992	21.624168	142.58975	21.623188	-143.16016	2.0622737	7732.438991785049
128	1732.4772	17.860073	1758.2036	1706.1846	1791.2281	10.223283	1805.2397	1764.5021	1000.0	1000.0	639999	142.90953	21.902596	142.90952	21.8969	-143.46715	2.1451712	7791.69825220108
129	1740.0352	15.475904	1758.0386	1715.9497	1769.1787	5.5795374	1776.3046	1755.4275	1000.0	1000.0	644999	143.22159	21.878975	143.22142	21.877373	-143.83452	2.046193	7854.027672767639
130	1740.1152	26.4375	1770.4929	1700.8477	1724.6355	5.638415	1736.4924	1715.406	1000.0	1000.0	649999	143.22935	21.997318	143.22935	21.995113	-143.82376	2.066497	7915.646255016327
131	1734.1472	11.595399	1755.3942	1722.2863	1728.6283	12.262244	1745.5964	1707.0454	1000.0	1000.0	654999	143.4668	21.971378	143.46681	21.969334	-144.05443	2.0404203	7977.379893541336
132	1766.3303	15.063412	1789.5315	1751.5614	1801.804	8.459782	1816.072	1784.156	1000.0	1000.0	659999	144.00433	21.608267	144.0043	21.606134	-144.57916	1.8690555	8039.764179468155
133	1749.4685	12.340494	1768.0608	1733.9651	1784.6355	4.965782	1793.7936	1774.725	1000.0	1000.0	664999	144.1872	21.799194	144.18718	21.797462	-144.75098	2.0762765	8101.321900606155
134	1772.2438	15.710133	1790.7662	1746.9513	1826.001	7.255989	1838.8982	1812.9413	1000.0	1000.0	669999	144.41177	21.80532	144.4117	21.802792	-144.99767	2.0549104	8163.821842908859
135	1749.6862	6.9329576	1761.7988	1744.1501	1754.4434	4.2325215	1762.0157	1743.3414	1000.0	1000.0	674999	144.70688	21.63786	144.70676	21.636557	-145.28305	1.9960978	8225.854881048203
136	1749.8959	10.860434	1767.2305	1737.5671	1813.726	4.5423446	1823.0939	1803.6239	1000.0	1000.0	679999	144.89584	21.80721	144.89592	21.80325	-145.4715	2.1110516	8288.098603963852
137	1758.6426	22.295036	1795.2384	1736.1367	1802.1865	7.267298	1814.5685	1788.6827	1000.0	1000.0	684999	145.21146	21.68796	145.21155	21.689192	-145.7809	2.0069628	8350.755972146988
138	1747.819	7.20562	1760.1504	1742.0542	1784.0491	8.697124	1794.8837	1764.0524	1000.0	1000.0	689999	145.42279	21.921867	145.42288	21.91939	-145.98517	2.0774665	8412.711661815643
139	1745.0886	7.2240767	1755.3237	1736.1162	1754.8308	6.39325	1769.0865	1743.6681	1000.0	1000.0	694999	145.69283	21.982882	145.69281	21.979694	-146.27267	2.0775478	8475.539838552475
140	1596.5012	293.2567	1762.914	1010.66754	1797.1012	32.03217	1831.8721	1736.3802	917.4	1000.0	699999	146.00008	21.934105	146.00017	21.933105	-146.54878	2.22581	8537.637716531754
141	1746.3578	15.552589	1767.1526	1719.393	1807.902	5.381549	1815.4237	1790.285	1000.0	1000.0	704999	146.25945	21.997799	146.25943	21.996412	-146.80327	2.081508	8599.646819353104
142	1746.7389	5.556637	1754.0085	1739.8396	1746.4617	5.754634	1757.2726	1735.5929	1000.0	1000.0	709999	146.50142	22.012943	146.50148	22.008633	-147.10562	2.1018794	8662.072129487991
143	1756.0397	12.017235	1770.139	1737.0519	1697.8093	8.094556	1711.3416	1680.7539	1000.0	1000.0	714999	147.01697	21.827631	147.01683	21.827803	-147.58197	1.9994414	8724.710691213608
144	1741.35	13.741706	1765.3053	1727.0248	1830.6865	9.9704485	1849.8346	1812.9542	1000.0	1000.0	719999	147.28099	21.704992	147.28093	21.700926	-147.82848	2.1529744	8787.139283180237
145	1760.8147	13.798113	1779.1171	1736.6007	1786.9736	7.2916503	1799.7415	1768.8795	1000.0	1000.0	724999	147.33614	21.787575	147.33624	21.783829	-147.93745	1.9626068	8848.949971914291
146	1787.0573	14.594987	1809.4109	1769.9346	1815.5426	6.9417806	1827.3511	1801.6102	1000.0	1000.0	729999	147.4289	21.687262	147.4287	21.68433	-147.9382	1.9436342	8911.723392486572
147	1765.345	12.492905	1781.5776	1745.4835	1831.1057	7.02653	1840.7991	1814.7665	1000.0	1000.0	734999	147.62358	21.733015	147.62363	21.731693	-148.16112	1.9428668	8974.358050107956
148	1777.1956	10.104021	1792.0638	1765.0145	1807.928	5.5007515	1814.2284	1794.1417	1000.0	1000.0	739999	147.91675	21.7223	147.91666	21.719494	-148.49373	1.9447175	9036.168701171875
149	1784.5762	4.739197	1792.6062	1777.9269	1826.7269	6.3638625	1834.2528	1805.5754	1000.0	1000.0	744999	148.30394	21.624819	148.3039	21.62428	-148.85612	2.0377765	9098.857734203339
150	1764.3613	14.996533	1774.8452	1736.1937	1834.157	6.9506803	1845.794	1813.6458	1000.0	1000.0	749999	148.68976	21.413538	148.68964	21.41157	-149.22969	2.0342581	9161.1225335598
151	1764.4465	10.027178	1774.2349	1745.5667	1806.6469	9.669038	1824.3708	1791.5455	1000.0	1000.0	754999	148.76305	21.64906	148.7631	21.647575	-149.27513	2.0343943	9223.138724088669
152	1757.1228	9.353284	1769.3027	1740.6329	1790.1067	5.268876	1801.7002	1780.7714	1000.0	1000.0	759999	148.86043	21.574461	148.86052	21.57232	-149.35625	2.062121	9285.640404462814
153	1751.9514	25.881866	1778.4323	1705.7928	1785.6019	8.564037	1806.2009	1767.0259	1000.0	1000.0	764999	149.03032	21.500187	149.03024	21.498873	-149.5239	1.9208918	9348.092434883118
154	1776.2836	6.5570636	1788.2285	1770.2067	1808.2379	6.8610296	1825.7913	1794.2393	1000.0	1000.0	769999	149.0997	21.481827	149.0996	21.47924	-149.6289	2.0712938	9410.317070960999
155	1763.3512	19.355858	1785.172	1739.2728	1796.6758	10.166723	1809.91	1777.1884	1000.0	1000.0	774999	149.2259	21.603268	149.22588	21.602774	-149.73863	2.0717173	9472.966121912003
156	1763.1072	11.225207	1779.7609	1748.7916	1763.0527	4.036069	1771.924	1756.3724	1000.0	1000.0	779999	149.3303	21.781248	149.33023	21.780212	-149.8513	1.8219701	9535.56419968605
157	1741.6859	14.314224	1767.7699	1727.4421	1759.1211	7.3082514	1769.1515	1746.1823	1000.0	1000.0	784999	149.6791	21.597029	149.67912	21.597738	-150.21239	1.9511155	9598.182284116745
158	1764.0992	12.329416	1780.2534	1742.3774	1782.6381	6.800508	1792.1196	1766.361	1000.0	1000.0	789999	149.83142	21.631762	149.8314	21.628729	-150.36765	1.9316257	9660.584533691406
159	1784.9934	12.472028	1806.4879	1772.4343	1778.5121	3.3583632	1787.5922	1771.3009	1000.0	1000.0	794999	149.95245	21.83499	149.95233	21.834059	-150.48816	1.8297902	9723.116468906403
160	1775.3685	8.290575	1788.5455	1766.3911	1812.3623	6.7955875	1823.7103	1801.3362	1000.0	1000.0	799999	150.22406	21.71689	150.22404	21.713825	-150.71611	1.8972203	9785.830249071121
161	1783.3047	14.89343	1799.5432	1755.2219	1787.1038	6.6452665	1796.2917	1769.8696	1000.0	1000.0	804999	150.6625	21.32182	150.66232	21.322273	-151.22755	2.0017693	9847.735150575638
162	1788.6846	7.4301515	1803.2504	1783.7057	1812.6511	9.284646	1831.216	1794.1915	1000.0	1000.0	809999	151.12517	20.848421	151.12537	20.847506	-151.62769	1.768636	9909.939495801926
163	1783.2037	5.848272	1793.5234	1775.7794	1831.2517	4.9191723	1840.2385	1823.8615	1000.0	1000.0	814999	151.32399	20.814386	151.32411	20.812069	-151.80247	1.8758585	9972.306435585022
164	1793.07	12.675365	1808.6636	1780.6399	1826.1709	6.4559536	1834.1284	1808.2479	1000.0	1000.0	819999	151.39467	21.006542	151.3945	21.005499	-151.91519	1.929259	10033.980364322662
165	1792.3473	20.941166	1824.0194	1764.2344	1803.3162	36.126858	1873.9929	1767.8885	1000.0	1000.0	824999	151.71121	20.84205	151.7113	20.840797	-152.2362	1.7944496	10096.182993650436
166	1798.8463	17.436342	1826.593	1780.9086	1839.7224	9.83378	1856.5773	1821.8477	1000.0	1000.0	829999	151.89334	20.709715	151.89322	20.708658	-152.43315	1.8517983	10157.756991386414
167	1793.8063	9.878021	1810.6279	1779.7716	1766.7705	5.679318	1778.7723	1755.4706	1000.0	1000.0	834999	151.94443	20.724728	151.94449	20.722757	-152.44801	1.7439764	10219.312787532806
168	1792.9856	5.937606	1798.8134	1781.7576	1479.8313	343.70294	1767.8405	519.76843	1000.0	854.45	839999	151.99246	20.864079	151.99217	20.86434	-152.49812	1.9403615	10279.847721099854
169	1807.3314	12.801775	1827.2664	1791.4658	1799.2021	6.217099	1811.2316	1789.1036	1000.0	1000.0	844999	152.27303	20.901518	152.27316	20.89856	-152.81773	1.9163707	10341.341168165207
170	1784.6348	26.88497	1812.3771	1735.5675	1842.1797	13.428737	1864.841	1822.8707	1000.0	1000.0	849999	152.55307	20.766085	152.55313	20.764248	-153.07538	2.109165	10402.775851011276
171	1791.5891	17.669416	1810.733	1760.0016	1842.9412	18.46252	1869.9329	1801.0664	1000.0	1000.0	854999	152.57178	20.857332	152.57176	20.853666	-153.02762	1.8065097	10464.480831384659
172	1811.9192	16.541803	1837.7212	1790.2494	1854.2826	6.226259	1866.029	1840.2808	1000.0	1000.0	859999	152.70119	20.661402	152.70119	20.660925	-153.1598	1.7791944	10526.09895157814
173	1807.93	13.589453	1819.6288	1781.3662	1827.751	7.957493	1838.7291	1813.0795	1000.0	1000.0	864999	152.83432	20.73539	152.83424	20.732534	-153.33199	1.8793122	10587.936685323715
174	1781.9336	19.630993	1814.2943	1757.8221	1778.9153	3.553641	1786.2703	1771.9872	1000.0	1000.0	869999	153.0681	20.888718	153.0682	20.887589	-153.56485	1.9637824	10649.427877902985
175	1794.0334	25.939827	1834.8158	1759.5885	1837.8916	5.7305646	1848.7502	1827.3134	1000.0	1000.0	874999	153.40887	20.977396	153.40897	20.976028	-153.92	1.8245078	10710.955634117126
176	1626.4352	330.2551	1807.2842	966.87115	1756.8649	14.617082	1782.9175	1730.163	910.4	1000.0	879999	153.8102	20.885931	153.81009	20.886227	-154.36047	1.8973117	10772.109907865524
177	1764.8258	34.650917	1821.056	1728.0587	1721.0543	8.826222	1737.0737	1700.7426	1000.0	1000.0	884999	153.9826	20.809227	153.98273	20.805315	-154.51593	1.7191403	10833.053791761398
178	1782.3411	14.500628	1810.0011	1770.2888	1768.2894	5.001014	1778.8807	1760.0979	1000.0	1000.0	889999	153.98619	20.816082	153.98613	20.816307	-154.4452	1.8000617	10895.238499641418
179	1809.031	10.898866	1827.2142	1799.1355	1876.3474	7.286677	1892.8237	1866.8556	1000.0	1000.0	894999	154.00038	20.987919	154.0003	20.986475	-154.4791	1.8654382	10956.827009439468
180	1829.8763	13.624278	1854.8633	1817.4493	1858.6959	7.2083435	1869.1553	1840.997	1000.0	1000.0	899999	154.29063	20.717102	154.2904	20.717121	-154.79805	1.8259507	11018.30967259407
181	1812.0684	14.987974	1826.9696	1783.58	1812.5465	5.439708	1825.535	1804.177	1000.0	1000.0	904999	154.41893	20.820648	154.41884	20.820095	-154.91812	1.8412348	11078.199051380157
182	1810.4753	14.785623	1831.517	1791.8514	1849.1412	6.520174	1861.0931	1836.9237	1000.0	1000.0	909999	154.76868	20.651175	154.7688	20.650919	-155.29097	1.986941	11139.826825857162
183	1808.0426	17.639109	1823.7642	1775.2281	1835.0701	5.8205004	1845.861	1822.9673	1000.0	1000.0	914999	154.9018	20.617184	154.90167	20.617102	-155.43472	1.9283347	11201.45598244667
184	1808.9984	18.660194	1831.7083	1778.1852	1826.8629	4.583534	1834.2087	1817.2362	1000.0	1000.0	919999	155.4378	19.965412	155.43793	19.96584	-155.99182	1.8018401	11263.108675479889
185	1805.9596	9.370961	1818.0685	1795.2053	1719.2377	387.74078	1874.4644	40.678047	1000.0	952.05	924999	155.76123	19.707922	155.7611	19.707872	-156.2659	1.8905017	11324.262311697006
186	1801.8802	5.690835	1812.123	1796.4221	1783.4236	9.952113	1813.0436	1765.3048	1000.0	1000.0	929999	156.0408	19.662258	156.04068	19.659184	-156.54187	1.8240172	11384.63633441925
187	1783.766	23.26514	1809.1432	1744.5052	1756.982	10.579832	1779.8816	1734.9413	1000.0	1000.0	934999	156.34816	19.391733	156.34814	19.391827	-156.83203	1.9713035	11446.177598953247
188	1788.8181	21.57322	1809.9813	1752.2794	1791.6555	5.1812263	1802.9701	1777.9977	1000.0	1000.0	939999	156.50333	19.330055	156.50325	19.328833	-156.99118	1.8481088	11507.674357652664
189	1531.4977	613.9774	1826.2988	158.91321	1817.5076	6.4778814	1829.4062	1802.2397	849.5	1000.0	944999	156.73662	19.084948	156.73659	19.084805	-157.24702	1.7419528	11569.19055390358
190	1791.7224	19.275103	1825.2637	1765.0593	1756.1088	3.1688714	1762.9396	1749.8743	1000.0	1000.0	949999	156.62172	19.391275	156.62183	19.388636	-157.08333	2.005411	11629.57388329506
191	1755.6729	24.588634	1785.2557	1730.3893	1825.2988	5.924991	1832.8633	1814.2357	1000.0	1000.0	954999	156.34738	19.831322	156.34735	19.828981	-156.79927	1.7320398	11690.802246809006
192	1766.044	16.81079	1784.1615	1735.6776	1756.7018	16.604027	1801.2646	1725.0637	1000.0	1000.0	959999	156.50809	19.791883	156.50822	19.79	-156.98553	1.9881916	11752.254230260849
193	1789.0043	18.396282	1814.4668	1771.0548	1733.1104	6.484758	1745.8717	1719.5695	1000.0	1000.0	964999	156.69579	19.785336	156.6958	19.78305	-157.14868	1.9229941	11813.86328458786
194	1797.3285	15.381404	1814.7329	1772.6814	1841.1882	7.019044	1852.4672	1828.8314	1000.0	1000.0	969999	156.95834	19.539753	156.95818	19.537489	-157.43954	1.8348074	11875.308950424194
195	1815.052	14.1745825	1836.6611	1792.614	1662.3372	372.9376	1763.7721	36.96701	1000.0	951.65	974999	157.12297	19.5183	157.12311	19.51503	-157.60484	1.8673621	11935.313402891159
196	1787.3864	24.277271	1815.689	1754.7268	1854.6829	4.8028126	1862.5664	1842.9978	1000.0	1000.0	979999	157.24692	19.434593	157.24701	19.430574	-157.73657	1.7660934	11996.907004833221
197	1796.6318	18.297327	1814.9775	1771.0536	1799.4037	8.008005	1814.2727	1785.5095	1000.0	1000.0	984999	157.45605	19.393097	157.45586	19.388674	-157.94247	1.7788963	12058.239362239838
198	1798.1555	11.632936	1813.2859	1780.2844	1874.7549	8.821429	1888.8928	1857.7952	1000.0	1000.0	989999	157.56978	19.106878	157.56976	19.102955	-158.0507	1.8599281	12121.223095178604
199	1787.139	15.247459	1802.5829	1764.8688	1799.9427	15.734804	1864.2168	1785.4208	1000.0	1000.0	994999	157.46785	19.117594	157.46762	19.119938	-157.91307	1.9532504	12181.550775051117
200	1778.1256	31.206985	1821.5957	1730.2155	1825.3679	6.8874116	1837.671	1814.0774	1000.0	1000.0	999999	157.26875	19.115072	157.26884	19.114006	-157.68544	1.7133297	12242.729144573212
