Epoch	AverageEpRet	StdEpRet	MaxEpRet	MinEpRet	AverageTestEpRet	StdTestEpRet	MaxTestEpRet	MinTestEpRet	EpLen	TestEpLen	TotalEnvInteracts	AverageQ1Vals	StdQ1Vals	AverageQ2Vals	StdQ2Vals	LossPi	LossQ	Time
1	2.2418647	5.489251	26.68132	-9.668342	77.37223	16.560568	119.56323	50.22794	20.652893	190.85	4999	6.691307	6.079741	6.6914682	6.0800376	-9.199417	0.21947026	29.485909461975098
2	1.9825889	5.8270664	29.066696	-10.541352	-8.789429	1.5049299	-6.7805066	-10.902021	20.120968	67.2	9999	28.194098	12.781443	28.194662	12.7886095	-32.56921	2.16302	64.14810681343079
3	117.06926	188.5753	922.473	-33.636383	186.84073	46.898254	315.46408	35.36123	133.2973	136.4	14999	52.7667	20.984182	52.76638	20.996904	-57.369507	9.194868	98.37200880050659
4	145.24489	106.084114	339.79877	-29.815199	197.50615	182.34511	949.2013	37.71137	142.73529	149.65	19999	77.76194	20.651518	77.76134	20.660917	-81.68818	13.79475	140.34704065322876
5	212.09044	219.19516	894.3295	-62.69805	190.3826	37.97031	282.65674	126.17421	287.27777	106.95	24999	88.68858	21.06343	88.688995	21.063513	-92.26484	14.323712	174.0624759197235
6	188.40723	63.56865	400.20206	5.9691796	176.54988	56.319164	321.93848	1.1897784	116.88372	125.2	29999	100.17615	23.192175	100.17663	23.195969	-103.79457	15.455616	212.9874107837677
7	153.43987	87.13901	336.18146	-12.939035	209.20598	56.37469	346.08188	150.47774	116.53488	112.7	34999	108.05516	26.014582	108.05506	26.011837	-111.11147	16.704165	246.04280614852905
8	246.10254	77.98299	484.3826	17.02988	222.71133	90.5968	411.13397	32.521214	130.02777	144.85	39999	111.6791	28.53743	111.678665	28.54794	-114.6262	16.50595	285.05479526519775
9	272.0978	157.97957	1001.4501	77.387146	164.261	43.470757	335.07248	108.34786	150.34285	111.65	44999	118.146126	29.858059	118.14574	29.864895	-121.094925	17.530382	317.9491620063782
10	268.57568	113.78533	617.4981	18.066584	465.03278	243.14096	1176.7062	290.3588	136.97298	252.8	49999	123.31195	31.418446	123.311226	31.42953	-126.057724	20.647528	360.7565448284149
11	304.97845	162.95232	741.309	4.6793194	305.726	174.81491	819.4433	44.994648	178.44444	183.4	54999	127.92832	31.961082	127.92812	31.961601	-130.61595	21.061	395.67099690437317
12	326.01996	138.67812	650.4305	27.007416	421.09424	118.79893	659.3246	178.52333	164.64516	205.25	59999	130.7591	32.551205	130.7597	32.547504	-133.20615	21.148535	434.57727217674255
13	372.13187	142.54921	656.00806	36.554955	482.2395	254.62596	1034.3796	191.37274	174.07143	315.5	64999	133.34651	32.933563	133.3461	32.935955	-135.739	20.903288	471.6035866737366
14	306.63586	230.62262	841.1713	-89.318756	99.11599	275.9558	900.73364	-108.600746	173.73334	163.75	69999	135.84543	33.21633	135.84564	33.215782	-138.03308	21.215677	514.3386788368225
15	466.8359	319.82465	1470.8162	-39.865395	635.07886	232.40027	1173.2297	318.72055	198.91667	282.4	74999	137.0942	34.950447	137.09476	34.948944	-139.12836	21.583326	551.3804383277893
16	389.9283	169.65482	735.3077	149.73882	240.10152	95.85878	573.884	126.61487	182.46428	126.8	79999	140.31654	37.099262	140.31685	37.09793	-142.44768	22.132702	590.2848012447357
17	222.21806	228.13245	942.774	-22.42829	340.00897	173.8479	804.57526	157.8309	180.85715	172.7	84999	143.9396	39.06711	143.9405	39.065903	-146.05472	24.368464	623.7217242717743
18	506.7081	313.12408	1005.4416	171.8852	457.59106	253.69376	984.05	-52.98632	415.81818	258.45	89999	145.7368	40.094547	145.73703	40.09816	-147.76875	25.016457	663.9776349067688
19	576.11115	401.07687	1407.8792	142.74257	811.1845	426.6993	1682.0836	215.3489	315.82352	470.05	94999	147.53558	40.653194	147.5355	40.660324	-149.52347	25.27422	701.1728599071503
20	967.0513	612.3659	2086.78	255.77661	1179.765	605.64716	2633.8972	262.97076	416.66666	485.2	99999	149.63339	40.718376	149.63354	40.724354	-151.60068	26.369225	743.8275871276855
21	679.5069	376.13507	1473.2214	263.41574	840.8543	378.65988	1941.0787	359.1011	336.64285	376.1	104999	152.2273	40.358055	152.22757	40.36167	-154.19728	26.19536	779.4052865505219
22	1125.2139	837.45087	2524.7275	220.1385	271.49985	203.23477	1153.6913	173.77553	385.35715	131.0	109999	154.73996	40.19509	154.73918	40.196857	-156.63222	26.20944	818.962292432785
23	1183.4454	903.12836	2904.445	225.43251	887.04474	440.8918	2001.8081	202.70636	413.08334	327.75	114999	157.31966	40.323235	157.31944	40.324593	-159.1352	26.308882	855.9897592067719
24	935.4364	692.8826	2614.4453	148.95345	485.2486	862.80145	3972.39	148.48889	327.42856	179.75	119999	159.95421	40.93028	159.95358	40.930584	-161.6684	25.73353	897.7886505126953
25	1463.8351	1097.9645	3796.8914	222.71983	1192.3774	630.3934	3318.546	350.89978	433.66666	378.5	124999	163.11598	41.97748	163.1155	41.979897	-164.7855	25.823738	935.1667249202728
26	1235.5342	436.69336	2193.7764	823.5356	1326.6595	951.74445	3738.2761	763.96454	380.6154	388.05	129999	167.05968	43.270714	167.05887	43.271057	-168.80003	26.780987	976.1247460842133
27	2208.7349	905.30676	3726.7476	808.3839	2242.8696	1108.6469	3824.682	513.1009	643.25	657.9	134999	171.61252	44.664627	171.61168	44.665916	-173.32895	27.870825	1014.9267826080322
28	1654.8136	1428.647	3842.4878	119.36804	2775.9338	919.1654	3811.5073	719.14246	477.1111	791.65	139999	176.71936	46.18784	176.71924	46.185074	-178.33893	28.154282	1054.579211473465
29	2586.8936	1110.6292	3637.091	601.54376	1883.6365	1070.9487	3472.2158	409.28525	713.375	593.45	144999	181.7372	47.766525	181.73659	47.75979	-183.3747	28.675224	1094.5454800128937
30	3044.9465	433.89545	3490.3928	2229.2847	2380.7993	1207.9697	4719.4517	767.73145	852.6667	627.9	149999	186.9505	49.250767	186.95114	49.240948	-188.63777	29.593122	1133.1362345218658
31	3211.501	883.1696	4014.6824	1599.6163	2060.213	1542.333	4207.3496	67.5852	837.4	539.4	154999	192.3711	50.87009	192.37068	50.869164	-194.07957	29.925968	1173.987783908844
32	2761.4434	1707.7418	4179.306	114.23236	3075.0903	895.8155	4012.4668	942.34686	698.2857	807.95	159999	198.27165	52.27713	198.27199	52.273838	-199.89716	30.027721	1211.6722404956818
33	2748.0344	872.6926	3950.9153	1636.3126	2038.1283	1142.7992	4059.6992	176.96034	734.2857	565.6	164999	203.69534	53.778053	203.69582	53.772438	-205.30421	30.406185	1253.6898200511932
34	3049.3142	991.65265	4008.7612	1169.4373	2058.9014	1294.5312	3872.4607	148.60654	835.8333	627.2	169999	208.5334	54.911697	208.53384	54.907963	-210.12483	30.616837	1290.6104788780212
35	3245.437	1537.8253	4593.914	171.31277	2982.4888	1466.7701	4197.538	102.19297	795.0	783.3	174999	213.39177	56.140682	213.39157	56.13747	-214.9029	30.531157	1333.3603739738464
36	3617.9062	642.5786	4201.6587	2365.1887	2400.1558	1040.442	4056.5579	617.5699	976.2	601.45	179999	218.36224	57.643684	218.36275	57.637608	-219.95042	30.964632	1370.3546133041382
37	2899.2773	1237.247	3975.5608	1112.4869	3964.7212	882.18756	4592.922	458.98193	743.5714	934.95	184999	222.9919	58.842594	222.99306	58.83713	-224.49217	31.618006	1413.0723547935486
38	2808.2402	1003.8181	4134.5117	1335.6554	2880.1167	1549.2897	4645.3716	146.90883	736.1667	697.3	189999	227.45004	60.076862	227.45067	60.070316	-228.96664	31.822641	1449.9696123600006
39	2677.3452	1391.487	4320.286	754.5546	2730.496	951.53534	4283.724	1334.0463	688.0	675.7	194999	231.73308	61.527153	231.73352	61.52449	-233.2344	32.269638	1492.5978841781616
40	3785.957	677.0476	4273.15	2457.4512	3202.5361	1513.1654	4792.1934	1008.79297	922.0	723.1	199999	236.24644	62.69289	236.24678	62.690247	-237.77686	32.197002	1529.559332370758
41	2977.3538	1434.2284	4433.9487	572.77264	2750.6013	1177.9667	4304.62	943.57245	719.7143	698.4	204999	241.08745	63.95889	241.08803	63.95361	-242.66612	32.668446	1571.2734622955322
42	3857.011	767.3698	4450.617	2183.813	1948.9167	1414.146	4438.227	182.87244	915.8333	501.3	209999	245.59073	64.78968	245.5906	64.78793	-246.99416	32.989513	1609.2408928871155
43	2853.3647	1622.8177	4622.5713	335.7538	1498.6533	1318.7764	3763.6555	150.80408	674.7143	416.0	214999	250.05396	65.41357	250.0538	65.41208	-251.5864	32.907784	1649.7390978336334
44	3577.9236	1305.0891	4898.9487	1346.3406	3926.6294	1347.627	4846.336	216.93666	803.0	870.4	219999	254.47705	66.131905	254.47737	66.129814	-255.94176	33.768913	1688.6386988162994
45	3527.6135	1145.658	4506.238	1353.46	3616.11	1009.5423	4689.697	1285.6156	835.5	832.6	224999	258.338	66.891365	258.33774	66.891594	-259.76556	33.9753	1728.220279932022
46	2719.9895	1757.2211	4697.2954	197.61285	4013.7747	1115.0056	5091.3037	425.77737	658.625	872.95	229999	261.88077	67.46962	261.88107	67.46702	-263.37946	34.460537	1768.3395936489105
47	4092.7202	316.07962	4506.98	3693.01	3489.5396	1254.9415	4785.0303	1267.7277	963.2	797.25	234999	265.4113	67.92747	265.4116	67.92505	-266.83325	35.10252	1806.923186302185
48	4016.05	439.4721	4461.3887	3192.4028	2921.5083	1531.5762	4770.946	150.54674	961.8	670.6	239999	268.92966	68.10866	268.92963	68.10554	-270.41824	34.811417	1848.1194162368774
49	3713.6377	1075.3997	4608.5166	1387.2899	3725.83	1033.9373	4713.6577	255.03377	884.0	889.05	244999	272.16614	68.25491	272.1656	68.2548	-273.59396	35.273605	1885.54017496109
50	3309.5493	1306.6703	4547.495	1430.9498	3708.7466	1129.486	4732.0635	610.8245	759.1429	869.2	249999	275.20996	68.52518	275.21017	68.521164	-276.52704	36.46784	1927.8919563293457
51	3894.9343	1003.239	4810.4946	1952.3904	4233.3984	577.08844	4896.3413	2647.9265	874.2	960.65	254999	278.06342	69.15629	278.06354	69.1538	-279.4078	35.910774	1964.8675348758698
52	3636.5203	637.5083	4330.348	2740.1917	4053.0386	814.8737	4580.7847	1137.1592	821.1667	943.7	259999	280.4631	69.82102	280.4635	69.8176	-281.89417	36.169395	2007.6447658538818
53	3430.0999	1572.452	4540.8135	30.214537	3876.7375	901.9499	4621.754	861.4329	795.3333	893.5	264999	282.6284	70.40466	282.6278	70.40263	-284.0316	37.124645	2044.7461240291595
54	3513.8965	1034.5242	4505.8003	1763.4017	3001.5981	1624.5614	4524.403	134.36485	828.1429	771.25	269999	284.72522	71.049545	284.72504	71.04701	-286.07776	38.00251	2087.4012076854706
55	2939.992	1773.0757	4539.6626	169.28964	3066.9097	1602.3209	4379.0044	301.0789	706.1429	760.75	274999	287.04382	71.149925	287.04364	71.148155	-288.3721	36.40071	2124.4138855934143
56	4197.15	439.57233	4549.2964	3391.2576	3723.746	1114.0219	4740.9487	1012.66815	954.8	839.9	279999	289.09952	71.535614	289.09915	71.53464	-290.38953	36.567158	2166.650462627411
57	3100.3948	1876.2394	4480.011	101.31424	2439.6594	1557.3942	4517.7505	181.6197	734.0	587.25	284999	291.18683	72.11902	291.18655	72.11807	-292.4372	35.47353	2204.0871455669403
58	2656.9395	1981.3091	4583.546	143.92151	3253.4119	1190.471	4750.895	767.9259	613.5	766.6	289999	293.00513	72.649864	293.00525	72.6476	-294.20038	36.224686	2245.285698890686
59	4363.052	335.63486	4745.6772	3846.0667	2733.5134	2091.0637	4807.893	142.39261	1000.0	614.95	294999	294.42645	73.36243	294.42648	73.362785	-295.6335	36.502827	2283.8675780296326
60	4311.4116	171.97629	4555.1396	4103.5215	3430.8054	1115.1119	4777.0835	1408.5695	1000.0	773.15	299999	296.51227	73.466415	296.51248	73.46568	-297.80563	35.73893	2323.956962108612
61	4572.3413	190.76874	4856.86	4335.386	3973.8306	1083.9786	4958.7314	1239.5186	1000.0	866.0	304999	298.4395	73.697784	298.43942	73.694244	-299.6604	35.17946	2363.6793925762177
62	3435.6057	1336.8282	4825.2163	1516.551	3640.9507	1617.1113	4940.3374	324.45837	758.4286	824.75	309999	300.53354	73.937935	300.53323	73.938576	-301.62057	35.49307	2402.5721571445465
63	4051.265	487.46448	4797.9707	3401.7493	4328.1943	180.23201	4686.679	3832.1348	875.2	996.8	314999	302.0549	74.55545	302.05493	74.55642	-303.2744	34.978245	2443.375993013382
64	3767.6677	1036.7953	4816.513	2084.4993	3929.2742	1085.506	5100.1714	1568.2916	839.1667	872.4	319999	303.761	74.798645	303.76083	74.797585	-304.9904	34.944923	2481.201425075531
65	4265.3267	582.75616	4746.7197	3011.115	4121.8257	1157.3727	5017.02	96.66088	930.0	904.4	324999	305.38657	75.373215	305.38696	75.37535	-306.48904	35.287518	2523.293968439102
66	4110.171	650.096	4597.864	2845.2585	4453.235	816.4585	5090.8735	1442.5839	917.4	940.1	329999	306.95074	75.90145	306.95	75.89946	-308.11124	35.463436	2560.222048997879
67	4657.94	247.00552	4850.2593	4195.7275	1039.1127	1841.2274	4835.5474	66.916466	1000.0	248.25	334999	308.9246	76.342964	308.92456	76.34298	-310.1028	35.767586	2602.991357088089
68	3809.8435	1269.9266	4879.8003	1570.9005	3720.511	1285.0319	5115.6978	322.5869	819.1667	798.05	339999	310.57263	76.70361	310.5728	76.70513	-311.72626	35.374218	2640.126482963562
69	3539.836	1325.1196	4736.2656	1636.4039	3795.1902	1111.3223	4830.4106	947.11865	804.6667	837.35	344999	311.87286	77.30897	311.87314	77.30844	-312.98358	36.039276	2682.8935840129852
70	4304.907	578.25275	4917.133	3284.3057	4414.0894	610.649	5130.5073	2045.28	956.6	961.6	349999	313.3839	77.40192	313.3833	77.406586	-314.4812	35.12595	2720.011543273926
71	3699.868	1577.6514	4529.4126	180.52446	3933.6414	976.86774	4960.3003	1947.6387	852.3333	850.0	354999	314.97098	77.29784	314.9705	77.30239	-315.9998	36.214005	2762.574009180069
72	4455.911	127.40884	4638.1377	4299.1846	3852.3633	1192.4978	4931.2607	929.1009	1000.0	832.1	359999	316.33643	77.46766	316.33624	77.469376	-317.3901	35.004524	2799.7719144821167
73	3598.7737	1169.7712	4668.7627	1175.5222	3974.246	999.66046	4944.4893	1764.3419	814.8333	889.05	364999	317.40024	77.46255	317.40024	77.463974	-318.35886	35.414986	2841.222126722336
74	4590.651	183.54666	4812.698	4283.009	3858.8833	1418.9818	4764.059	99.94815	988.6667	868.15	369999	318.56073	77.279884	318.56036	77.285805	-319.6878	35.897312	2879.549306869507
75	4600.3228	203.4664	4871.9707	4247.9126	2541.858	2203.3145	4879.0654	-12.528599	1000.0	602.6	374999	320.1346	77.44034	320.1349	77.44212	-321.1355	36.43794	2919.7737340927124
76	3501.4172	1753.59	4856.834	895.49945	4497.991	369.02374	4989.6943	3749.8296	766.0	987.8	379999	321.33237	77.70929	321.33224	77.7143	-322.3243	36.47764	2959.23069691658
77	4229.126	856.1174	4988.772	2561.7417	4453.27	267.98898	4860.0723	3929.6724	911.4	983.85	384999	322.85098	77.64958	322.851	77.651115	-323.76767	36.37345	2998.371194124222
78	4549.2075	672.2861	5043.531	3073.676	4593.5166	243.43587	5029.0225	4021.9302	942.5	992.1	389999	324.02176	77.89816	324.0216	77.90205	-324.8802	35.276775	3039.049471616745
79	4346.328	409.86862	4786.5156	3591.2864	4017.1118	1314.9489	5125.9414	212.92216	957.8	887.55	394999	325.60132	77.766945	325.60165	77.76845	-326.54843	35.88101	3077.091384410858
80	4226.7417	1185.7637	4900.7163	1860.3235	4403.708	606.9783	5067.86	1995.8256	897.6	978.85	399999	326.87234	77.95369	326.872	77.95654	-327.77032	36.093018	3118.8999769687653
81	4033.9307	701.5471	4721.9204	2629.1272	4695.535	272.50143	5065.104	3968.4224	938.3333	998.15	404999	328.51285	77.95481	328.51266	77.956184	-329.4295	34.321564	3155.975264072418
82	4930.786	134.05684	5084.865	4715.8213	4266.9336	611.54626	5048.57	2185.6597	1000.0	981.6	409999	329.93655	77.890816	329.93594	77.89643	-330.9186	36.61035	3198.7362315654755
83	4157.7446	956.6148	4882.3496	2293.886	4231.7866	671.3596	5007.2466	2374.1475	911.6	953.85	414999	331.36975	77.69796	331.3697	77.70109	-332.17685	36.026833	3235.8311026096344
84	4596.8804	557.0445	5019.5938	3435.3806	4505.7056	585.8506	5008.4585	2434.2654	961.8333	969.05	419999	332.7476	77.81871	332.74716	77.82144	-333.62714	34.21134	3278.6384794712067
85	4513.6816	200.03085	4881.6914	4325.4155	4363.712	983.6165	5141.403	637.7066	989.8	945.85	424999	334.3999	77.64173	334.39978	77.647194	-335.3571	34.913292	3315.6539425849915
86	3759.7126	1465.6776	5204.44	862.02637	3731.6206	1531.9617	5329.819	719.9677	811.5	812.6	429999	335.64606	77.5603	335.64624	77.56376	-336.57693	36.46143	3358.3657052516937
87	4026.3398	1428.7577	5089.0522	1290.0729	3871.978	1081.3109	4989.656	1082.494	886.8	880.55	434999	336.41037	77.75806	336.40997	77.76268	-337.22256	34.565754	3395.5515904426575
88	3477.6582	1617.3765	4687.4717	703.56256	4498.4194	704.8746	5170.302	1808.7324	781.5714	947.55	439999	336.94525	78.20135	336.94504	78.20332	-337.781	35.357643	3437.2909133434296
89	3595.658	1175.6573	4529.059	1400.6244	4034.5652	1147.4077	4857.031	740.4246	792.1667	900.6	444999	337.8366	78.266335	337.83688	78.26828	-338.53284	36.649162	3475.394735097885
90	4788.6807	388.41638	5351.4253	4177.6016	4391.476	980.7639	5243.6787	1386.5116	962.4	942.9	449999	338.7625	78.431854	338.76266	78.43579	-339.5471	36.358894	3515.9633424282074
91	4730.2627	226.30525	4979.5513	4351.7524	4585.856	859.8766	5434.6733	2393.472	1000.0	914.6	454999	339.6333	78.39564	339.6334	78.39567	-340.34204	36.895412	3555.334391593933
92	4687.882	266.01413	4845.284	4157.571	4159.441	1292.8826	5111.7856	809.9224	1000.0	885.4	459999	340.67706	78.70358	340.6765	78.70829	-341.46466	36.58257	3594.745027065277
93	4781.034	318.793	5166.0596	4373.1978	4258.605	1113.6744	4995.547	1019.4398	1000.0	910.0	464999	341.06778	79.14305	341.06805	79.14672	-341.69135	36.338306	3635.2116498947144
94	4731.9087	254.65097	5197.069	4542.313	4543.87	321.1666	5074.486	3365.4795	1000.0	987.55	469999	342.08694	78.978874	342.08704	78.98135	-342.86105	35.739765	3673.4817218780518
95	4758.372	360.9874	5212.717	4326.6274	3562.948	1640.9894	5076.8438	264.897	975.6	795.9	474999	342.67496	79.12791	342.675	79.130066	-343.4766	37.15836	3715.062859773636
96	4048.2737	1602.7855	5006.815	517.5783	4651.425	437.45468	5189.781	3137.8774	863.0	982.6	479999	343.78882	79.04082	343.7888	79.04496	-344.4447	35.30295	3752.253897190094
97	4836.259	217.15858	5109.4824	4520.8306	3730.048	1617.4653	4977.242	154.34044	1000.0	807.3	484999	344.24066	79.2996	344.24084	79.30282	-344.86765	36.19857	3795.0277750492096
98	3918.3743	1107.2616	4824.7285	1691.9465	4343.132	1061.1465	5240.1724	773.0249	848.0	934.0	489999	344.4774	79.44357	344.47766	79.444214	-345.097	37.58718	3832.328714132309
99	4795.4243	169.85367	4981.8823	4543.885	4385.399	463.64813	4797.812	2555.9058	1000.0	976.85	494999	345.02628	79.65022	345.0265	79.65329	-345.7718	36.172268	3875.1655280590057
100	3270.1484	1828.3656	5162.474	99.10229	4372.424	1200.7969	5425.4136	734.5364	713.7143	908.5	499999	345.66675	79.758934	345.66605	79.76293	-346.33676	35.8099	3912.4195771217346
101	4453.9478	920.7069	5093.5327	2427.4346	3478.1602	1858.3252	5256.3145	146.60533	921.5	741.0	504999	346.067	80.01128	346.06686	80.015236	-346.7086	36.541874	3955.1395576000214
102	4093.9067	1428.9888	5069.958	1257.4796	2508.0762	2156.7686	5262.87	117.19375	879.2	555.45	509999	346.7156	80.11046	346.71567	80.113174	-347.4037	36.53622	3992.305113554001
103	4673.747	163.53835	4854.3467	4444.4185	4318.331	999.38635	5015.0293	512.55237	1000.0	940.45	514999	347.6898	80.05472	347.68964	80.05441	-348.26065	37.18158	4033.944939851761
104	4932.2886	253.57233	5378.033	4608.817	3087.1606	1858.0665	5056.663	616.95135	1000.0	687.2	519999	348.6823	79.96753	348.68195	79.966774	-349.29184	36.902733	4072.3180346488953
105	3924.58	1696.9854	4915.4385	150.72337	2259.4	2322.8843	5094.6753	115.43767	847.0	492.1	524999	349.32928	79.988144	349.32986	79.993546	-349.89886	35.902718	4112.697179555893
106	4702.026	178.32365	4965.758	4434.285	4029.3762	1370.4374	4932.9023	206.29362	1000.0	875.5	529999	350.24805	79.89607	350.2478	79.89791	-350.83008	35.997795	4152.257805347443
107	3561.5823	1707.3931	4944.62	435.27145	4315.583	1183.3887	5113.6914	797.43805	779.1667	921.15	534999	350.66745	80.29533	350.6676	80.296745	-351.38568	35.351055	4191.4367389678955
108	3455.9294	2094.7854	4961.9556	110.25737	3961.3503	1536.4607	5128.1436	111.50724	734.5714	861.5	539999	351.09137	81.00114	351.09183	80.99865	-351.65097	37.089737	4232.374945640564
109	4836.1836	107.0709	4976.107	4654.511	4284.79	1113.2949	5095.528	611.9724	1000.0	921.35	544999	351.7126	81.28011	351.71198	81.28251	-352.293	36.293087	4270.1453313827515
110	4337.2383	1484.3693	5238.188	1029.1182	3603.2786	1604.7131	4828.0757	799.54785	883.5	816.5	549999	352.19882	81.51888	352.19882	81.52178	-352.85986	36.745716	4312.339583873749
111	4297.0493	1039.7977	5013.3467	2235.462	2438.9507	2175.448	5215.76	241.42847	914.8	542.0	554999	352.72952	81.86481	352.7297	81.8642	-353.16	36.581604	4349.451288938522
112	4861.8657	202.91637	5146.8203	4588.918	4474.9473	1258.6543	5269.3003	760.076	1000.0	922.2	559999	353.30954	81.99818	353.3098	81.99346	-353.88297	35.51105	4392.125240087509
113	4629.8335	482.91055	5224.6987	3739.3594	4254.579	1484.271	5164.9756	600.8256	959.1667	883.15	564999	354.25842	82.106445	354.25824	82.10917	-354.86646	36.33348	4429.341372489929
114	4974.214	158.95006	5181.1562	4724.953	4421.8867	1436.4978	5460.4517	582.9088	1000.0	888.3	569999	354.90384	81.99296	354.90427	81.99202	-355.49866	35.575073	4472.193601608276
115	3596.258	1778.0607	5131.546	431.91116	4524.883	911.577	5296.026	1943.1896	767.3333	918.35	574999	355.88855	81.86947	355.8885	81.86818	-356.51685	36.047592	4509.502918958664
116	4800.61	114.22089	4919.1436	4606.086	4907.8667	326.03122	5192.04	3633.791	1000.0	987.3	579999	356.4078	81.79958	356.40784	81.79857	-357.02005	35.468857	4551.658192873001
117	4779.1626	149.33969	4966.9556	4546.405	4243.0107	1188.6469	5171.6284	586.0699	1000.0	911.7	584999	356.79404	82.20887	356.79407	82.20888	-357.49335	35.319096	4589.418965816498
118	4893.476	107.65438	5000.905	4752.17	4731.3647	499.73013	5094.04	2687.5896	1000.0	980.9	589999	357.39435	82.27114	357.3947	82.27103	-357.72656	35.986645	4630.320414543152
119	4974.991	143.62125	5153.6343	4763.2803	4524.339	754.9301	5190.794	2417.1294	1000.0	936.65	594999	358.20447	82.28583	358.20456	82.28492	-358.70715	34.949192	4669.3287444114685
120	5016.616	134.42693	5152.393	4771.515	4689.818	1087.6287	5366.6196	1832.6816	999.2	924.75	599999	359.26566	82.197624	359.26566	82.19761	-359.8702	35.8821	4709.103042602539
121	3819.0134	1457.6046	4835.9707	620.72034	4784.5674	820.875	5404.785	1325.3905	834.5	967.9	604999	360.17444	82.0004	360.1743	81.99864	-360.7459	34.640465	4749.334013462067
122	4136.1294	1271.0563	5345.4165	1757.2662	4627.247	800.59814	5211.2427	1944.8469	841.1667	946.75	609999	360.81598	81.958565	360.8161	81.95823	-361.3458	34.209736	4787.798159837723
123	4274.353	1109.192	5049.9136	1894.2095	5074.678	631.6879	5476.2354	2932.0066	911.8333	966.1	614999	361.4878	82.13931	361.4876	82.13759	-361.91446	35.5664	4829.342494249344
124	4516.379	353.5699	5026.738	3939.896	4848.077	247.56654	5272.2886	4512.274	938.4	1000.0	619999	361.93097	82.27979	361.93106	82.277275	-362.48444	35.287525	4866.5558841228485
125	3549.7659	1915.9756	5170.397	180.46371	4791.91	614.62054	5266.3125	2272.5916	751.7143	981.45	624999	362.49414	82.51733	362.49487	82.51528	-362.9956	36.89462	4909.295731306076
126	4921.2363	248.76224	5210.3457	4619.366	4539.4424	890.12225	5227.368	2038.7344	1000.0	925.75	629999	362.92517	82.53457	362.92526	82.53324	-363.42267	35.28665	4946.610153198242
127	4577.3564	923.98236	5260.6016	2754.8523	4915.268	166.9355	5176.1777	4623.1655	920.6	1000.0	634999	363.42886	82.52206	363.429	82.51633	-363.89413	35.47272	4989.329374790192
128	4250.5605	1577.7716	5109.306	735.8202	4250.0107	1571.0935	5375.923	695.6074	868.1667	847.0	639999	364.063	82.61554	364.0632	82.61398	-364.54755	34.791492	5026.507352113724
129	4060.6301	1130.22	4846.148	1822.8855	4924.907	856.38696	5312.9033	1287.3547	885.0	962.85	644999	364.42926	82.857086	364.42935	82.85611	-364.9586	35.413807	5069.2788763046265
130	4240.686	1515.006	5044.9478	868.1309	4309.9346	1349.954	5635.2007	1421.1829	875.3333	845.8	649999	364.91986	82.83935	364.91983	82.8369	-365.3923	34.812683	5106.509430885315
131	5026.9873	113.600945	5152.8228	4823.488	4991.6855	725.752	5373.5273	1966.5723	1000.0	971.55	654999	365.34525	83.00147	365.3454	82.99799	-365.9786	35.50484	5147.899573802948
132	4810.376	148.50906	5041.841	4610.8677	4543.0947	1167.41	5251.803	1709.7427	1000.0	905.55	659999	365.57062	83.21626	365.57156	83.214905	-366.1267	35.79154	5187.737326622009
133	5063.171	112.99006	5174.5854	4902.2554	4981.4507	525.9027	5417.9927	2830.705	1000.0	979.25	664999	366.01065	83.29391	366.01105	83.28925	-366.38876	35.079464	5226.585198879242
134	4860.767	473.56104	5255.3394	3951.72	5040.259	720.5789	5403.6553	1970.424	956.8	971.6	669999	366.7431	83.073395	366.7437	83.069756	-367.22076	35.62951	5267.871100664139
135	5043.0176	95.87925	5151.2056	4894.231	4894.692	848.4614	5373.623	2417.54	1000.0	938.75	674999	367.35364	82.994	367.3539	82.99387	-367.82635	35.635593	5305.279116392136
136	5214.134	146.49635	5400.9614	5072.79	4987.2183	198.47404	5299.358	4470.913	1000.0	1000.0	679999	368.14255	82.809166	368.14285	82.8067	-368.64566	34.415623	5348.065835475922
137	4933.9995	309.61722	5315.031	4383.605	5012.187	863.9727	5522.4	1367.2583	993.2	959.95	684999	368.95923	82.638885	368.9596	82.63374	-369.34836	35.285294	5385.387486934662
138	5121.2817	152.03125	5321.675	4899.411	4745.354	907.79803	5397.39	1939.3773	1000.0	944.55	689999	369.76523	82.444046	369.76593	82.44151	-370.10675	34.608337	5428.173354148865
139	4560.194	1080.5289	5340.037	2178.5527	4851.7217	551.5668	5275.0327	2720.6736	908.0	969.9	694999	370.6129	82.24833	370.61276	82.24698	-371.10742	34.548286	5465.578122377396
140	5145.638	94.51218	5269.915	5048.9263	4744.8457	874.32904	5371.4023	1789.6809	1000.0	946.85	699999	371.40854	82.313934	371.4094	82.31463	-371.8732	33.638245	5508.039815425873
141	5142.44	155.6053	5307.2734	4882.4053	5056.7773	153.86465	5342.4956	4862.9106	1000.0	1000.0	704999	372.33206	82.3725	372.332	82.36844	-372.80865	33.809364	5545.749365568161
142	4853.745	179.02008	5185.7227	4655.8315	5140.7646	121.03719	5364.4536	4858.7085	1000.0	1000.0	709999	372.82428	82.44302	372.8243	82.44156	-373.2773	34.866276	5586.69390463829
143	5133.2837	43.222416	5215.313	5096.7754	4474.626	1287.222	5232.313	664.5069	1000.0	920.3	714999	373.30795	82.79742	373.30896	82.79726	-373.80585	34.9097	5625.827664613724
144	5041.0557	106.03905	5205.0776	4948.2603	4132.413	1591.7756	5531.7983	1059.5435	1000.0	825.05	719999	374.15564	82.91313	374.15503	82.91268	-374.56906	34.537704	5665.3369908332825
145	5045.9697	76.134094	5151.7793	4936.634	5000.327	699.97095	5518.209	2072.6785	1000.0	972.35	724999	374.52124	83.22107	374.5216	83.21758	-374.90854	33.993217	5705.911036014557
146	4381.045	1440.3776	5322.225	1227.2462	5409.5015	127.834236	5600.515	5144.322	882.3333	1000.0	729999	375.41562	83.06553	375.4158	83.064125	-375.80054	34.007076	5744.181695461273
147	5113.8887	67.70274	5214.8535	5017.0024	5092.909	157.30441	5287.8105	4649.687	1000.0	1000.0	734999	376.36295	82.88743	376.36307	82.88292	-376.67084	33.90993	5786.118908882141
148	5135.588	224.59178	5452.412	4766.4507	5151.1836	79.25037	5280.2534	4982.193	1000.0	1000.0	739999	377.25156	82.766205	377.25162	82.768	-377.62634	34.805283	5823.3688724040985
149	5102.737	89.221245	5195.9185	4973.6084	5259.878	78.77885	5362.386	5072.8423	1000.0	1000.0	744999	378.12256	82.697945	378.12292	82.69714	-378.511	33.068237	5866.170238018036
150	5155.819	147.44736	5350.929	4957.5044	4969.243	143.35841	5227.646	4670.1294	1000.0	1000.0	749999	379.1094	82.56724	379.10928	82.56468	-379.58215	33.28505	5903.474218845367
151	5078.461	116.5293	5244.3745	4908.5938	5385.174	150.0536	5541.956	5018.697	1000.0	1000.0	754999	379.76474	82.80989	379.7649	82.80848	-380.11285	32.94636	5946.215115070343
152	5230.9824	101.591484	5369.118	5076.7466	5019.404	210.86334	5261.478	4261.833	1000.0	993.75	759999	380.38806	82.780235	380.3881	82.78186	-380.79486	33.187096	5983.690195560455
153	4764.8613	339.1144	5139.853	4188.7246	5222.6904	130.8032	5446.1084	4885.1235	967.4	1000.0	764999	381.3363	82.891556	381.3369	82.8887	-381.64084	32.974327	6025.484762907028
154	4759.065	1003.69904	5365.3564	2761.0623	4897.7285	594.14856	5153.129	2335.5608	919.0	974.8	769999	381.85696	83.15676	381.857	83.15383	-382.2935	33.779037	6063.848283290863
155	5094.3213	179.26793	5353.239	4882.4365	5117.4766	121.72043	5281.7847	4863.8286	1000.0	1000.0	774999	382.3309	83.68606	382.33066	83.683304	-382.7165	32.76571	6104.27268075943
156	5234.8374	156.79726	5369.046	4934.0815	5190.7725	120.317474	5461.421	5018.222	1000.0	1000.0	779999	383.1586	83.836044	383.15903	83.8367	-383.5454	32.5864	6142.571335554123
157	5259.6567	73.55942	5369.504	5143.8477	5348.491	114.90015	5459.2183	4931.804	1000.0	1000.0	784999	384.07922	84.04371	384.0792	84.0443	-384.664	32.909225	6185.3378756046295
158	5136.3296	173.72238	5301.117	4829.1143	5206.5347	150.25383	5430.5425	4923.0835	1000.0	1000.0	789999	384.94223	84.18411	384.94232	84.18341	-385.32156	32.71608	6228.143121957779
159	5135.2744	139.41066	5287.2686	4880.145	5242.628	133.17628	5502.087	5043.4663	1000.0	1000.0	794999	385.6225	84.25852	385.6227	84.25529	-386.0428	32.421055	6270.721002101898
160	5057.052	126.87051	5178.3696	4822.76	4953.9897	818.91797	5418.057	2458.7249	1000.0	945.25	799999	386.2833	84.333694	386.2827	84.33251	-386.58203	31.08857	6308.254908323288
161	5053.046	199.69257	5279.1123	4684.525	4975.437	453.9216	5235.174	3036.268	1000.0	982.5	804999	387.19424	84.205956	387.19388	84.20565	-387.5645	31.844988	6350.264954328537
162	5135.002	101.346825	5266.7036	4970.8687	4749.0615	916.94867	5283.8086	2025.7693	1000.0	923.0	809999	388.07034	84.59884	388.07013	84.59691	-388.46875	31.57265	6393.074310302734
163	5073.909	114.55144	5176.1646	4852.6597	5037.1104	143.5625	5240.7515	4772.558	1000.0	1000.0	814999	388.94876	84.455666	388.94925	84.45531	-389.4794	31.637712	6435.007675170898
164	5155.7476	92.87327	5293.0107	5039.4526	5171.124	56.259907	5269.595	5057.5483	1000.0	1000.0	819999	389.89536	84.24252	389.89505	84.24152	-390.3136	31.647924	6475.122092723846
165	5249.6987	115.52352	5391.0063	5050.2476	5182.8013	85.73377	5281.6772	4945.527	1000.0	1000.0	824999	390.745	84.12746	390.74493	84.12639	-391.1667	31.253784	6517.911302804947
166	4828.1567	1021.4062	5353.073	2549.5127	4937.0566	108.61431	5174.616	4608.468	927.0	1000.0	829999	391.3762	84.056145	391.37665	84.054436	-391.68427	32.071724	6558.652496337891
167	4865.4004	771.5293	5406.359	3333.6682	5004.1265	73.568726	5158.3115	4897.511	935.8	1000.0	834999	391.99908	84.50094	391.99936	84.50269	-392.31277	30.942331	6597.042658805847
168	4717.708	876.0908	5258.94	2969.6453	5247.6885	98.43173	5392.0225	4998.0728	918.0	1000.0	839999	392.4569	84.5384	392.45694	84.54034	-392.9152	31.286537	6638.603378534317
169	5275.4272	90.440796	5391.132	5134.3906	4912.343	718.66736	5357.3105	1842.1451	1000.0	971.35	844999	393.18347	84.402405	393.18347	84.40284	-393.5286	31.745062	6675.723416090012
170	5106.788	155.71391	5415.2515	5003.679	5264.2954	79.49398	5390.5776	5033.866	1000.0	1000.0	849999	393.80807	84.5197	393.80884	84.516014	-394.23264	30.96694	6718.42125916481
171	5241.1343	124.689064	5359.81	5025.8535	5298.033	135.70805	5571.7183	5092.2153	1000.0	1000.0	854999	394.49127	84.54305	394.4914	84.54527	-394.87878	31.15875	6755.51602268219
172	5293.526	123.13177	5470.658	5137.145	5342.0425	67.202705	5455.891	5167.9624	1000.0	1000.0	859999	395.04132	84.73766	395.0413	84.73514	-395.528	30.9036	6798.288566350937
173	5206.9927	150.96553	5356.132	4919.7495	5205.7383	52.04015	5288.139	5100.256	1000.0	1000.0	864999	395.79626	84.3622	395.796	84.3626	-396.10742	30.351688	6835.267911434174
174	5269.409	98.49354	5382.315	5140.9453	5326.1963	140.68936	5547.856	5039.0645	1000.0	1000.0	869999	396.4684	84.513435	396.46896	84.511475	-396.80048	30.45965	6878.001684188843
175	5289.4014	42.91327	5351.1675	5229.506	5376.6963	93.50329	5603.771	5209.868	1000.0	1000.0	874999	397.26077	84.67494	397.26074	84.67523	-397.6725	30.007118	6915.021144628525
176	5283.766	184.62589	5517.2124	4952.5063	5111.3975	110.74315	5247.525	4858.678	1000.0	1000.0	879999	398.01804	84.645454	398.01752	84.64719	-398.4357	30.9583	6956.55929350853
177	5270.2007	87.65523	5382.365	5160.461	5039.7676	68.487076	5161.8066	4926.6104	1000.0	1000.0	884999	398.83078	84.644226	398.83078	84.64539	-399.28662	31.000206	6994.752525806427
178	5170.9536	113.66767	5251.0464	4946.1196	5128.526	162.9973	5413.1904	4777.845	1000.0	1000.0	889999	399.5475	84.94214	399.5472	84.94197	-399.8927	30.438375	7035.019410610199
179	5122.261	160.51343	5293.0747	4835.1855	5029.2812	77.34979	5211.4053	4902.777	1000.0	1000.0	894999	400.15228	84.83753	400.15286	84.83565	-400.33386	30.615128	7074.43371963501
180	4980.7324	810.9985	5435.6416	3188.2913	5317.744	167.38435	5535.96	4910.9907	943.3333	1000.0	899999	400.71216	85.01578	400.71225	85.01817	-401.1369	30.28975	7113.536408185959
181	5310.8447	174.20007	5459.83	4973.768	5297.0977	111.798645	5478.25	5084.096	1000.0	1000.0	904999	401.61307	85.02434	401.6132	85.02548	-401.99127	31.021606	7154.0064063072205
182	5308.857	69.34603	5438.7456	5245.5356	5364.136	36.412506	5430.6787	5277.02	1000.0	1000.0	909999	402.5211	84.78087	402.52148	84.77847	-402.76437	30.421906	7192.07120013237
183	5336.083	99.66821	5438.5874	5195.046	5526.6606	71.16281	5627.4917	5400.073	1000.0	1000.0	914999	403.02728	85.21532	403.02768	85.21196	-403.5474	30.780815	7235.964324235916
184	5372.762	115.71173	5571.359	5224.765	5191.122	41.21729	5253.41	5088.0557	1000.0	1000.0	919999	403.96915	85.024895	403.96872	85.02557	-404.27222	30.914862	7274.22668337822
185	5372.5576	64.69383	5461.575	5275.5664	5557.007	49.152718	5647.3413	5436.746	1000.0	1000.0	924999	404.5937	84.85518	404.59402	84.85498	-405.003	29.315756	7318.920432567596
186	5480.0894	63.26802	5585.0586	5411.936	5391.236	98.3972	5604.738	5221.516	1000.0	1000.0	929999	405.317	85.15425	405.317	85.15056	-405.52295	30.136372	7357.078176498413
187	5410.982	44.211212	5460.535	5345.551	5264.411	66.38978	5439.5664	5157.89	1000.0	1000.0	934999	405.90912	85.4268	405.90936	85.431175	-406.1545	31.031275	7400.573876619339
188	5503.1943	124.27622	5638.5234	5271.8257	5300.8813	155.87047	5555.4863	5074.545	1000.0	1000.0	939999	406.58215	85.73834	406.58234	85.736046	-406.81915	29.639505	7437.742576599121
189	5469.589	123.17622	5673.641	5325.95	5772.197	146.55434	5957.7456	5258.0215	1000.0	1000.0	944999	407.72003	85.46842	407.72	85.4686	-408.20486	29.821507	7480.505407333374
190	5490.1636	50.19979	5547.445	5403.652	5451.876	135.67816	5606.2124	5010.345	1000.0	1000.0	949999	408.6618	85.31733	408.66116	85.3162	-408.99615	29.06495	7517.672644615173
191	5505.2056	91.09695	5637.038	5397.472	5514.0684	63.85702	5618.6597	5416.687	1000.0	1000.0	954999	409.5201	85.1439	409.52026	85.14057	-409.9754	29.87988	7559.302735090256
192	5557.5454	84.880775	5673.3906	5424.9893	5605.856	68.60549	5725.1914	5474.7686	1000.0	1000.0	959999	410.3014	85.22238	410.3018	85.22147	-410.63565	29.98695	7597.585732460022
193	5623.0015	65.46918	5748.713	5561.934	5581.004	98.86079	5697.959	5408.832	1000.0	1000.0	964999	411.15326	85.22967	411.15405	85.22684	-411.50732	29.03115	7637.960315942764
194	5490.2314	163.5033	5713.263	5269.757	5601.84	112.44806	5846.202	5264.1606	1000.0	1000.0	969999	412.02335	85.54447	412.02356	85.542595	-412.28226	29.113256	7677.510255098343
195	5604.934	68.30847	5699.891	5486.325	5681.6963	76.66772	5784.4883	5417.8887	1000.0	1000.0	974999	412.93536	85.60174	412.9354	85.60314	-413.24667	29.618856	7716.722825527191
196	5513.0605	178.14893	5677.6294	5179.1636	5621.2817	45.36601	5689.082	5512.2324	1000.0	1000.0	979999	413.80597	85.490456	413.80603	85.4911	-414.0945	28.38872	7757.353094816208
197	5547.0117	85.65373	5649.519	5441.255	5763.3403	63.56354	5837.265	5640.133	1000.0	1000.0	984999	414.68265	85.77855	414.68237	85.77829	-415.0268	28.5701	7795.188968658447
198	5549.515	80.43534	5647.0464	5445.0063	5521.8784	127.600006	5692.945	5071.288	1000.0	1000.0	989999	415.3294	86.00183	415.33035	86.00318	-415.68655	28.822031	7837.142687320709
199	5502.437	106.06747	5621.7515	5319.3745	5803.1357	41.066166	5882.7285	5716.056	1000.0	1000.0	994999	415.96567	86.15395	415.9659	86.15222	-416.39514	29.448381	7874.238881111145
200	5501.641	169.47858	5708.556	5210.3564	5404.9893	137.75958	5574.983	5081.6807	1000.0	1000.0	999999	416.8051	86.14032	416.805	86.13768	-417.2628	28.790787	7917.009397745132
