Epoch	AverageEpRet	StdEpRet	MaxEpRet	MinEpRet	AverageTestEpRet	StdTestEpRet	MaxTestEpRet	MinTestEpRet	EpLen	TestEpLen	TotalEnvInteracts	AverageQ1Vals	StdQ1Vals	AverageQ2Vals	StdQ2Vals	LossPi	LossQ	Time
1	2.3312683	5.277861	24.226402	-9.23101	96.79209	85.28679	456.422	50.988575	20.704166	198.85	4999	5.6959357	5.332722	5.696138	5.332094	-7.8558106	0.1887322	26.70730495452881
2	1.4927258	5.28416	22.373186	-10.797777	-7.0871744	1.0499741	-4.954108	-8.8986845	19.426357	66.75	9999	27.999771	13.363865	27.999853	13.362188	-32.890724	1.6439967	61.14339089393616
3	197.15936	208.83733	770.4309	-36.31136	125.85364	129.5566	393.551	-40.25884	257.5263	195.15	14999	60.100975	17.937391	60.10081	17.936672	-65.293365	6.6267233	97.24007606506348
4	154.47424	103.54713	410.31125	36.85603	105.33468	93.233635	367.34558	-25.94404	187.66667	158.75	19999	76.294106	18.41547	76.294624	18.414656	-79.98766	9.285267	133.80508470535278
5	144.1312	102.87632	317.52728	-30.74431	84.166794	142.73572	474.37292	-38.689198	157.6875	194.95	24999	84.045876	18.593586	84.045906	18.592379	-87.02597	10.409631	171.1883614063263
6	182.52579	118.43049	457.5179	-21.685251	258.7667	149.08015	585.5931	27.883915	174.67857	235.75	29999	86.72793	20.24366	86.72827	20.244946	-89.34591	10.590606	207.41013717651367
7	200.71591	94.9414	366.98877	4.4764714	244.48743	125.05964	538.71844	64.00502	159.59375	178.05	34999	90.43817	21.625011	90.438446	21.623102	-92.81419	12.253997	245.49094414710999
8	189.56168	104.00432	345.97162	6.2296844	204.07742	89.14676	420.5783	-9.873157	146.02942	173.15	39999	93.4371	21.94119	93.43732	21.940784	-95.558876	12.171763	281.9635031223297
9	197.75107	101.675545	458.1933	-2.5621722	206.86612	81.13049	335.23944	37.515896	129.07692	151.65	44999	94.99498	22.28408	94.99536	22.280918	-96.84557	12.221185	319.49368238449097
10	214.54297	99.00981	482.7793	2.263468	212.05493	90.76924	387.2271	37.369022	146.05882	170.65	49999	95.83647	23.398314	95.8364	23.399683	-97.60409	11.950435	354.44377040863037
11	239.0131	71.59592	395.07617	15.257068	264.2812	76.2131	482.2985	141.77826	157.15625	153.75	54999	96.47158	24.13207	96.471664	24.131798	-98.10679	11.924791	393.090797662735
12	228.15428	133.60321	508.72556	20.929483	130.86456	112.373085	390.41537	7.6237035	145.23529	145.2	59999	97.43002	24.61155	97.42995	24.609653	-98.96783	12.127076	427.15665078163147
13	239.5938	117.66467	480.763	25.667215	224.01498	125.1017	399.67664	-42.681522	161.58064	214.2	64999	97.936325	25.324282	97.93579	25.326996	-99.39199	11.702223	466.6576039791107
14	297.8221	98.41939	602.27014	158.09413	256.74966	107.56318	537.34296	91.31123	188.88461	178.3	69999	97.580696	25.9984	97.58064	25.997555	-98.89194	11.164605	500.3917043209076
15	302.84393	136.17726	610.02277	37.68589	295.4112	236.11171	1002.15674	-161.02539	217.60869	286.2	74999	97.281685	26.432152	97.28165	26.432798	-98.51952	10.755542	542.9483251571655
16	263.61026	197.58572	745.33765	-62.304142	262.33215	166.43	635.2735	-2.5174165	231.22728	187.7	79999	96.64585	26.856909	96.64601	26.856043	-97.77844	10.827361	576.8140444755554
17	299.1782	160.63258	717.3502	98.52802	313.88263	205.2976	799.51184	-10.291681	208.04347	240.5	84999	95.55614	27.372011	95.55652	27.370485	-96.56265	11.038119	617.4092569351196
18	343.92407	122.622055	649.2388	149.05258	299.95645	184.7032	991.38043	144.04631	216.95833	195.6	89999	94.4312	27.386574	94.43088	27.387226	-95.359375	10.794702	652.7474229335785
19	302.60696	155.30725	609.42377	9.289207	310.01556	163.79327	683.2604	115.21075	197.84	172.95	94999	93.66808	27.075628	93.66746	27.073158	-94.61496	10.819046	691.8691046237946
20	317.23016	210.5819	788.8735	76.9353	400.81543	201.69785	905.33545	159.04419	228.13637	236.45	99999	93.25321	26.870651	93.25317	26.868933	-94.175865	11.09233	727.9896147251129
21	309.93445	168.8903	636.3047	45.980026	320.9579	199.91498	793.05554	113.78882	194.38461	180.3	104999	92.80853	26.865175	92.808395	26.85996	-93.6662	11.341306	767.1116433143616
22	347.938	215.9039	1015.4187	29.734068	517.8556	197.64574	1048.9753	185.49612	209.41667	306.35	109999	92.65101	27.209616	92.65087	27.20509	-93.43296	11.407496	802.5812430381775
23	358.45508	162.66132	672.8408	21.25759	360.87543	118.78436	701.7503	157.19054	175.75	163.05	114999	93.14534	27.910862	93.145004	27.906834	-93.94194	11.983795	842.0158245563507
24	352.31708	192.75275	1030.4543	117.871735	262.5071	141.11243	575.6705	77.97741	162.32259	109.65	119999	94.256065	28.648434	94.255684	28.647015	-95.07133	12.584492	874.8449087142944
25	290.42758	140.9327	690.72656	57.38142	435.5879	247.59105	1030.8835	107.826355	131.52632	198.65	124999	95.84643	29.53137	95.84641	29.52914	-96.714874	13.290247	914.9538159370422
26	364.813	204.68561	876.0422	77.79263	399.32684	147.39836	752.3977	263.2708	179.85715	139.05	129999	98.06553	30.465069	98.06547	30.462633	-98.95344	13.659534	948.2117142677307
27	511.86966	236.7759	1155.8468	248.73924	590.34143	318.8	1698.2413	332.96066	198.0	224.9	134999	101.02847	31.385859	101.028824	31.381546	-101.96491	13.889448	988.7841820716858
28	445.60132	200.25041	1090.5647	204.9908	715.87225	376.71872	1677.4126	200.25224	174.07408	246.05	139999	104.53614	32.83722	104.53629	32.835354	-105.47648	14.275099	1023.3776891231537
29	476.49133	353.32175	1543.4082	27.876413	549.8397	203.06033	1135.3365	312.0917	184.89655	196.9	144999	108.543365	34.264103	108.54312	34.261974	-109.52743	14.715517	1062.8007934093475
30	540.36664	274.91776	1271.1798	195.26294	591.9214	133.2766	873.1963	396.41556	199.5	189.05	149999	112.698685	35.530846	112.69889	35.530346	-113.77532	15.267639	1096.0856614112854
31	394.85532	225.82289	984.32306	25.460861	288.0725	103.98413	574.6163	215.14497	159.6129	126.2	154999	116.65466	36.513638	116.65533	36.513214	-117.70685	16.105238	1134.5772564411163
32	358.90454	197.73419	908.0382	157.56145	538.3356	162.06006	894.3934	195.41045	153.69698	201.7	159999	119.80132	37.678238	119.8016	37.679264	-120.841675	16.791985	1169.0221292972565
33	455.75623	233.7337	1230.2548	153.9821	852.0786	475.45203	2092.3171	201.75475	161.58064	255.95	164999	122.0744	38.87633	122.074234	38.878067	-123.1233	17.72213	1209.052904367447
34	619.39844	313.138	1281.1931	187.75502	1210.5615	489.0773	2169.338	528.71313	211.86957	408.75	169999	124.1138	39.85584	124.11472	39.85711	-125.13508	18.276863	1245.6987190246582
35	569.08295	361.09634	1308.1141	124.50508	735.3935	492.81293	1869.8286	169.68872	197.46153	255.2	174999	126.02009	40.954453	126.02024	40.956608	-127.01817	19.231207	1285.4749405384064
36	767.053	639.0065	2225.7642	159.43518	1466.7847	1104.2817	3540.1155	268.02875	288.53333	412.7	179999	128.32614	41.72617	128.32596	41.72602	-129.3181	20.002113	1322.621020078659
37	922.4073	701.7584	3237.7036	221.01732	764.0531	406.51895	1826.1901	197.10535	286.78946	252.8	184999	131.19589	42.43309	131.19597	42.435352	-132.24907	21.140312	1362.671663761139
38	813.9086	397.83902	1495.89	266.61612	1019.0441	394.7364	2054.057	399.10687	258.73685	293.55	189999	133.8621	43.215424	133.86237	43.21765	-134.87453	21.983416	1397.735530614853
39	1385.011	972.45465	3551.5906	375.8822	874.1071	698.32855	2848.414	321.28674	399.69232	275.1	194999	136.77977	44.003754	136.77968	44.0069	-137.88353	22.926495	1439.1425483226776
40	1104.1873	452.35437	2103.4456	502.92755	1219.7513	468.39243	2487.8093	663.984	315.33334	360.05	199999	140.28252	44.950436	140.28249	44.950363	-141.4059	23.186459	1474.8019516468048
41	1089.3312	476.3036	2031.6906	384.29022	795.2965	768.7219	3367.0164	198.57668	319.5625	250.15	204999	144.41306	46.03908	144.4135	46.039715	-145.64513	24.117994	1517.1687362194061
42	998.8474	466.8623	1766.3182	271.5544	1494.6835	694.11395	3412.4963	346.9898	286.05554	439.0	209999	148.16084	47.524464	148.16139	47.525467	-149.24464	25.096315	1554.1498827934265
43	1259.9164	607.80774	2477.1665	452.82968	968.8888	649.62695	2898.3284	477.86978	362.42856	281.8	214999	151.70523	48.679653	151.7055	48.680264	-152.81589	26.2148	1595.964187860489
44	1383.6244	1053.3324	3894.0613	375.79337	1737.4095	697.66846	2998.5283	710.41516	403.58334	501.6	219999	154.91748	49.940308	154.91766	49.941772	-155.98038	27.092978	1632.2691705226898
45	1976.5377	1142.2904	3717.524	597.23395	1913.433	1104.5652	3884.8887	423.9618	558.55554	501.7	224999	158.26314	51.31991	158.2636	51.3214	-159.37918	27.777262	1674.8662102222443
46	1350.8512	955.9752	3200.89	534.5848	2345.0132	1077.712	3992.4622	712.88556	383.16666	626.9	229999	161.74997	52.31895	161.74986	52.322357	-162.88142	28.342281	1711.9977614879608
47	2097.983	1091.0348	3773.3872	903.7003	2276.2268	993.0643	3887.4397	405.81372	565.3333	654.5	234999	165.13696	53.450733	165.13707	53.45368	-166.27544	29.306326	1754.2762043476105
48	1936.45	1101.8109	3869.9722	459.35474	2302.6118	1051.1198	4000.112	655.8101	528.8	662.25	239999	168.30782	54.30618	168.30824	54.309204	-169.41327	29.959793	1791.755972146988
49	3002.8386	1161.3934	4162.391	1133.3607	3113.3286	720.629	3751.6448	1352.4952	766.6667	909.0	244999	170.93918	55.644325	170.9389	55.64874	-172.12305	30.362034	1832.7443494796753
50	2184.6887	1011.88617	3606.2144	413.62558	1641.6334	1264.4211	4279.623	172.27898	594.625	452.6	249999	174.00455	56.831806	174.00432	56.83794	-175.08472	31.066368	1871.3386070728302
51	2976.666	941.1801	3875.603	788.44495	2477.3796	1217.9299	4136.5874	285.26584	833.2857	616.35	254999	177.08865	57.800804	177.0882	57.805695	-178.17741	31.3707	1911.2580180168152
52	2228.5935	1056.6396	3690.7957	543.86743	3623.1648	518.5582	4030.9058	1467.2291	614.0	955.9	259999	179.88657	58.790073	179.88646	58.7944	-181.02756	31.68537	1950.9989981651306
53	2750.4375	1334.4401	4116.8594	905.6583	2628.8125	1007.40784	4137.826	919.7176	723.1429	681.65	264999	182.81822	59.665108	182.81755	59.671684	-183.8869	32.38853	1989.8325362205505
54	3293.7568	935.8288	4213.726	1745.1127	2850.8042	1074.5834	4471.308	1305.2516	782.0	666.35	269999	186.11522	60.618866	186.11475	60.6217	-187.24017	32.475636	2030.7005381584167
55	2138.7537	1215.8506	4013.5583	487.9715	2964.2185	1351.3927	4463.9487	706.608	535.3	728.85	274999	189.7183	61.420906	189.71837	61.424725	-190.87692	32.87845	2068.402091026306
56	1862.0222	1177.4905	4300.372	463.63425	2767.774	1593.021	4512.643	367.2828	464.1	649.4	279999	193.0215	62.333187	193.02168	62.337723	-194.1291	34.00107	2110.545658349991
57	753.7839	767.2294	3853.203	269.26672	557.4499	87.0372	877.57764	348.94507	232.30435	169.05	284999	196.06287	63.27768	196.0624	63.28336	-197.15955	35.984688	2144.411333799362
58	1287.1761	707.2933	3125.9043	403.17752	1601.9534	1361.14	4662.316	605.71655	329.64285	394.65	289999	199.18825	64.1957	199.18839	64.20522	-200.39342	36.9703	2186.5202465057373
59	2485.7007	1276.9874	4408.054	970.67535	3066.4634	1326.3256	4859.8853	1497.527	580.75	657.4	294999	202.50638	65.211	202.50522	65.22001	-203.73582	37.019196	2223.617888689041
60	3884.0625	870.0879	4596.276	2176.3477	4145.8364	253.08992	4565.0986	3419.5916	874.6667	984.35	299999	206.07967	66.11638	206.07982	66.122375	-207.30783	36.601	2266.3428847789764
61	3952.9595	586.1431	4722.4907	3100.3186	3589.8306	1455.2249	5029.5757	1139.9839	910.2	753.35	304999	209.4354	67.02601	209.43562	67.03234	-210.58385	37.41685	2303.27215385437
62	4373.5356	337.44208	4581.0	3630.0515	4568.8296	394.85364	4779.142	3068.0728	967.0	974.5	309999	212.9243	67.82701	212.92384	67.83563	-214.0858	36.847824	2346.013364315033
63	3685.5342	1036.4034	4563.2993	1698.6136	4269.2866	437.55807	4547.3096	2974.8079	850.8333	962.8	314999	216.4422	68.776825	216.44154	68.784256	-217.54042	36.45818	2383.064633131027
64	3945.0242	1494.4535	4776.8174	957.95184	4513.3506	95.34087	4727.064	4341.9214	854.0	1000.0	319999	219.65112	70.31773	219.65097	70.325	-220.899	36.128582	2425.637080192566
65	4258.782	577.3421	4678.1187	2979.5327	4346.9087	98.538414	4492.3696	4130.463	944.5	1000.0	324999	223.42143	71.73808	223.42148	71.74278	-224.5974	36.20143	2462.7896564006805
66	4681.576	51.516582	4769.7563	4626.6343	4399.2256	821.8645	4908.329	1977.7378	1000.0	928.55	329999	227.38538	73.25443	227.38565	73.259155	-228.57335	36.858177	2504.1512367725372
67	4684.689	64.53267	4764.2114	4578.0015	4649.7334	127.45617	4825.18	4425.946	1000.0	1000.0	334999	231.06384	75.005104	231.06375	75.00848	-232.27158	37.35764	2542.6109080314636
68	4570.6187	59.496613	4622.9854	4456.329	4522.583	76.33218	4685.819	4397.768	1000.0	1000.0	339999	234.72247	76.90279	234.72252	76.90703	-235.9178	37.389412	2582.758844614029
69	3869.039	1641.4641	4804.0444	212.90578	4320.51	914.8003	4621.3677	348.51074	846.8333	956.25	344999	238.62833	78.78036	238.62828	78.78493	-239.91907	37.584362	2622.296068906784
70	4516.134	102.569984	4659.651	4374.047	4823.584	81.60024	4947.9863	4699.6597	1000.0	1000.0	349999	242.64282	80.15223	242.64238	80.15796	-243.9122	38.20184	2661.308913230896
71	4689.97	134.33261	4915.289	4524.143	4774.0713	78.373344	4916.1265	4658.185	1000.0	1000.0	354999	246.45302	81.71846	246.45277	81.72444	-247.70355	38.21073	2702.011177778244
72	4620.7134	87.96743	4733.8975	4466.587	4670.4893	63.343735	4780.9546	4532.8545	1000.0	1000.0	359999	249.73985	83.45855	249.7389	83.46283	-250.86964	39.148693	2739.757936477661
73	3809.2397	1796.2958	4844.639	222.96082	4807.546	45.755215	4879.8154	4680.5376	817.6	1000.0	364999	253.31165	85.02754	253.31187	85.03128	-254.46347	39.04274	2781.545878648758
74	4769.426	116.93637	4926.502	4655.1533	2531.5435	2155.002	4903.0273	345.0249	1000.0	566.45	369999	257.0186	86.5603	257.0187	86.56596	-258.19235	39.07745	2818.503103017807
75	4685.0015	146.83066	4858.955	4521.249	4773.1064	51.406624	4813.3687	4584.931	1000.0	1000.0	374999	260.5749	88.111244	260.57416	88.117935	-261.6277	39.565918	2861.1556079387665
76	4751.673	43.418118	4818.529	4703.037	4860.059	50.89173	4982.7837	4770.763	1000.0	1000.0	379999	263.83603	89.32008	263.83554	89.32248	-264.8874	39.547035	2898.20978474617
77	4657.386	135.95561	4758.426	4391.046	4713.511	991.1261	5044.661	408.47818	1000.0	956.85	384999	266.95694	90.651955	266.95724	90.65448	-268.0988	39.916798	2940.7652842998505
78	4779.793	94.666794	4909.3525	4629.2383	5064.818	58.43972	5165.805	4847.1675	1000.0	1000.0	389999	269.95734	91.81389	269.95728	91.81797	-271.07004	39.74271	2977.6855187416077
79	4827.549	22.181368	4853.666	4799.104	4437.457	1375.2714	5046.1074	220.96756	1000.0	911.65	394999	272.78394	93.313896	272.78305	93.31867	-273.97998	39.93132	3020.4350996017456
80	4880.5435	48.93184	4964.537	4824.6367	4964.3555	38.8731	5027.4478	4857.121	1000.0	1000.0	399999	276.1072	94.65325	276.10724	94.65775	-277.34467	39.954655	3057.4663813114166
81	4121.894	1721.1382	5010.0596	275.57693	4777.4023	38.347157	4886.072	4672.9326	849.8333	1000.0	404999	279.19534	95.70311	279.19495	95.70513	-280.21576	40.32803	3099.1232447624207
82	3969.3271	1776.6975	5101.5977	61.97188	4841.245	108.05649	4994.1216	4588.2456	840.0	1000.0	409999	281.85242	96.84089	281.8524	96.84844	-283.04315	40.138058	3137.032665014267
83	4991.248	34.836544	5049.2554	4947.723	4972.8325	66.035706	5058.743	4783.6123	1000.0	1000.0	414999	284.55704	97.67205	284.55615	97.675545	-285.6605	40.130287	3177.662187099457
84	4158.4014	1410.7472	4979.3525	1340.3378	4896.0137	28.087992	4946.395	4846.495	1000.0	1000.0	419999	287.00372	98.64488	287.00412	98.64789	-288.08386	40.401432	3216.720295906067
85	4976.6226	70.96937	5059.455	4868.259	5089.7007	26.525272	5119.0513	5001.9097	1000.0	1000.0	424999	289.4814	99.65622	289.48068	99.65883	-290.4217	40.546963	3256.265813112259
86	4913.6797	64.2076	4999.368	4816.656	4574.8726	1411.2511	5133.7183	323.2184	1000.0	911.3	429999	292.3795	100.60664	292.37854	100.610596	-293.438	40.96982	3296.3547008037567
87	4066.5867	1793.3527	4993.3247	60.061813	4784.0845	50.300148	4861.405	4679.673	839.8333	1000.0	434999	294.7823	101.47986	294.7824	101.4807	-296.0233	40.78218	3334.7598254680634
88	4888.256	19.272476	4920.3076	4867.8643	5020.0566	28.551052	5060.6855	4965.1216	1000.0	1000.0	439999	297.53476	102.30926	297.5335	102.31337	-298.70798	40.777195	3375.7892372608185
89	4863.0093	54.992214	4969.37	4821.788	4782.6123	14.82344	4810.786	4758.8945	1000.0	1000.0	444999	300.03635	103.099884	300.03662	103.10355	-301.0884	40.93834	3413.259374856949
90	4879.8213	52.29422	4971.139	4809.072	4811.836	28.978012	4868.7295	4746.2437	1000.0	1000.0	449999	302.4529	103.71401	302.45273	103.716034	-303.4855	40.4357	3455.530154943466
91	4884.6484	44.727455	4942.3223	4805.74	4867.513	63.903145	4955.75	4720.4033	1000.0	1000.0	454999	305.053	104.1995	305.0527	104.20246	-306.11456	40.671844	3492.441718816757
92	4937.6313	80.611725	5060.574	4818.0625	5096.8823	32.865067	5154.312	5033.581	1000.0	1000.0	459999	307.56433	104.7164	307.5643	104.719734	-308.5728	41.268208	3535.088268995285
93	4949.64	82.4167	5051.5596	4845.0425	4958.2314	37.004738	5026.961	4877.0747	1000.0	1000.0	464999	309.8871	105.295685	309.88696	105.29779	-311.02606	40.429386	3572.1922602653503
94	4914.117	48.82295	4994.7495	4850.975	5095.6123	31.992855	5173.2866	5046.1772	1000.0	1000.0	469999	311.75238	106.11636	311.75198	106.11998	-312.72528	40.980564	3614.781163215637
95	4875.346	69.31354	4936.831	4760.015	5040.1763	43.08118	5106.8	4959.5654	1000.0	1000.0	474999	313.75848	106.67773	313.75836	106.68173	-314.95117	40.101746	3651.756524324417
96	4841.6787	177.483	5060.9116	4527.475	4975.9624	25.949944	5021.843	4917.6797	1000.0	1000.0	479999	315.91782	106.86471	315.9181	106.86513	-316.9104	40.90377	3694.2874772548676
97	4869.4663	61.035347	4954.2007	4770.7373	4975.768	27.88556	5018.2007	4927.6094	1000.0	1000.0	484999	317.8921	107.039246	317.8921	107.0411	-318.9537	40.19745	3731.458665370941
98	4873.9897	37.926647	4948.483	4850.089	5082.816	32.77772	5151.903	5021.027	1000.0	1000.0	489999	319.6187	107.2689	319.61887	107.2727	-320.7325	39.770424	3772.7845306396484
99	4944.913	51.000813	5016.194	4863.017	4974.8193	33.60798	5026.355	4909.148	1000.0	1000.0	494999	321.56586	107.71246	321.56552	107.715034	-322.45886	39.742424	3810.9136595726013
100	4904.1396	76.41863	4969.333	4762.33	4937.828	27.702599	4993.5005	4896.8286	1000.0	1000.0	499999	323.2881	107.86504	323.28806	107.86509	-324.3384	39.447426	3851.226006269455
101	4917.672	31.565187	4962.113	4875.0337	4862.296	39.044163	4918.2393	4748.1377	1000.0	1000.0	504999	324.78577	108.25134	324.78592	108.25427	-325.8954	38.644318	3890.508419275284
102	4937.3066	66.922966	5009.8926	4822.44	5025.195	62.94877	5109.4297	4897.7397	1000.0	1000.0	509999	326.4055	108.73407	326.40564	108.736465	-327.4338	38.915707	3929.8119173049927
103	5038.739	68.18269	5115.7925	4957.219	5077.6533	25.563475	5144.67	5044.5225	1000.0	1000.0	514999	328.3611	108.97737	328.36057	108.97926	-329.3499	38.751724	3970.1160926818848
104	4956.0596	88.379234	5096.034	4817.321	4978.4194	21.72136	5016.0757	4937.114	1000.0	1000.0	519999	330.2551	109.39639	330.25476	109.396965	-331.281	39.07288	4008.3481221199036
105	4958.052	41.861565	4995.999	4894.9995	4944.187	40.281837	5031.9814	4845.7476	1000.0	1000.0	524999	331.85724	109.589035	331.85764	109.589745	-332.89114	38.947037	4049.6758019924164
106	4940.591	33.386894	4998.438	4898.263	4944.0337	29.076904	5010.2646	4901.5366	1000.0	1000.0	529999	333.29602	109.92978	333.29535	109.930786	-334.23105	38.312294	4086.8230335712433
107	4887.1846	21.900324	4911.222	4846.3086	4178.7583	1647.0833	5021.934	260.54575	1000.0	868.85	534999	334.93777	110.19753	334.93817	110.199295	-335.6268	38.846264	4129.17559504509
108	4981.617	57.882343	5062.4253	4886.496	4919.376	30.572313	4960.1787	4857.312	1000.0	1000.0	539999	336.5463	110.36921	336.546	110.37193	-337.54926	38.4469	4166.214594125748
109	4895.907	66.77553	4981.629	4786.8755	4970.804	41.678055	5029.6704	4915.2046	1000.0	1000.0	544999	338.45758	110.33365	338.45792	110.33601	-339.47266	38.601418	4208.718446016312
110	4979.9424	51.40554	5060.642	4898.3936	5106.843	22.06218	5161.185	5076.695	1000.0	1000.0	549999	339.65405	110.54717	339.654	110.55031	-340.71173	38.657	4245.653855800629
111	4995.2935	52.124126	5055.643	4899.5693	4919.8003	27.209454	4969.533	4862.4775	1000.0	1000.0	554999	340.93774	110.6964	340.93753	110.69546	-341.73193	38.68584	4288.25484418869
112	5021.444	33.154346	5057.112	4967.7847	5030.046	43.15277	5116.9224	4962.323	1000.0	1000.0	559999	342.32336	110.61601	342.323	110.620155	-343.25934	37.651268	4325.234002828598
113	5005.312	55.59138	5078.129	4941.683	5015.814	20.61144	5052.914	4972.784	1000.0	1000.0	564999	343.17746	110.62793	343.17706	110.62937	-344.24902	37.789356	4367.496420145035
114	4972.2466	40.699326	5012.156	4903.0146	5031.8525	68.83446	5155.6753	4826.943	1000.0	1000.0	569999	344.35852	110.511375	344.3582	110.51337	-345.2688	37.25489	4404.734578371048
115	5005.124	35.046093	5052.131	4963.801	4980.629	34.144722	5040.9136	4916.774	1000.0	1000.0	574999	345.4778	110.98946	345.47775	110.99037	-346.34305	36.70646	4445.969347715378
116	4988.3076	20.027395	5024.8784	4965.882	4996.7515	34.18984	5045.757	4905.15	1000.0	1000.0	579999	346.7556	111.35587	346.7552	111.35675	-347.61655	36.774837	4484.320581197739
117	5019.6187	58.278942	5128.494	4969.577	4559.9014	1436.9639	5159.9624	230.6601	1000.0	910.25	584999	348.2458	111.365234	348.2456	111.36536	-349.35184	36.755356	4524.4796187877655
118	4969.325	30.238962	4999.8037	4918.374	4589.254	1098.2139	5018.35	1293.4149	1000.0	931.9	589999	349.4427	111.360344	349.442	111.3626	-350.1694	37.320095	4563.974527835846
119	4912.866	76.57449	4989.1235	4811.5205	4984.9307	32.071297	5033.4185	4933.0938	1000.0	1000.0	594999	350.53296	111.76599	350.53317	111.7666	-351.40344	36.443596	4602.990994691849
120	4977.8477	75.05859	5072.172	4843.175	4899.004	19.66957	4941.1074	4860.2866	1000.0	1000.0	599999	351.5581	111.72933	351.55774	111.73223	-352.4349	36.409557	4643.478625535965
121	4994.9824	45.517483	5069.7	4943.4507	5078.4346	36.96363	5154.4653	5014.593	1000.0	1000.0	604999	352.80167	111.58228	352.80188	111.58373	-353.61005	36.33826	4681.528348684311
122	4976.085	81.645035	5073.1475	4863.1465	5157.363	31.918833	5240.02	5100.647	1000.0	1000.0	609999	353.99875	111.57099	353.99835	111.5716	-354.99072	36.13942	4723.1311910152435
123	4993.941	57.227985	5042.547	4888.8784	5054.8135	44.075714	5132.6714	4970.4756	1000.0	1000.0	614999	355.071	111.92387	355.07004	111.92397	-355.83374	35.754925	4760.151618003845
124	5020.4893	39.17741	5092.4106	4980.1895	5161.428	49.303307	5219.0054	5004.329	1000.0	1000.0	619999	356.55597	111.89117	356.556	111.89261	-357.39774	35.378983	4802.804765224457
125	4968.792	25.559383	5012.4595	4934.6265	5006.3955	35.17133	5073.621	4958.8057	1000.0	1000.0	624999	357.81033	112.16495	357.81003	112.16906	-358.47726	34.976418	4839.8399930000305
126	5035.13	47.64228	5092.735	4975.389	5078.2275	24.355803	5111.529	5021.891	1000.0	1000.0	629999	358.78732	112.47859	358.78745	112.480606	-359.60526	35.59731	4882.5073618888855
127	4628.412	867.5844	5062.7056	2690.1348	5008.4297	21.858158	5056.5234	4975.984	929.5	1000.0	634999	359.89194	112.47563	359.89124	112.47697	-360.68204	35.39596	4919.543828010559
128	5050.4365	76.25667	5138.645	4917.0527	5162.757	49.99996	5259.192	5041.4375	1000.0	1000.0	639999	361.0745	112.172935	361.07346	112.17577	-361.91876	35.610207	4962.153618335724
129	5036.1875	117.18532	5158.4224	4840.4346	5123.49	26.400368	5190.1885	5074.8325	1000.0	1000.0	644999	362.22577	112.15838	362.22565	112.15972	-363.0348	35.083168	4999.105626344681
130	5031.4443	62.310745	5099.101	4934.033	5163.8267	22.534925	5219.7534	5119.4595	1000.0	1000.0	649999	363.23596	112.26268	363.2363	112.264114	-364.00925	35.088493	5040.938141345978
131	5035.574	67.00095	5130.358	4951.582	4962.9297	39.991413	5036.699	4877.275	1000.0	1000.0	654999	364.32626	112.189384	364.3253	112.19043	-365.07938	35.022163	5078.672184705734
132	5038.5728	49.098927	5089.027	4946.1733	4952.94	33.82319	5012.124	4844.3936	1000.0	1000.0	659999	365.01443	112.50194	365.0143	112.50361	-365.7589	34.43957	5119.35280251503
133	5042.4307	56.673946	5139.4746	4961.613	4950.684	26.733236	5012.0386	4911.0615	1000.0	1000.0	664999	365.81946	112.72528	365.8193	112.72879	-366.428	34.612747	5158.130261182785
134	5014.178	61.932743	5114.9224	4926.858	5308.3677	40.570515	5376.1904	5235.493	1000.0	1000.0	669999	366.7861	112.69656	366.78607	112.698875	-367.67834	33.988956	5197.883175611496
135	5051.27	91.73166	5197.7383	4934.308	5014.3276	19.67112	5063.5093	4978.826	1000.0	1000.0	674999	367.69043	112.784065	367.69006	112.78685	-368.3904	34.385796	5237.595453739166
136	5060.6675	22.47942	5099.9688	5030.7617	5124.157	30.221865	5195.0835	5060.581	1000.0	1000.0	679999	368.7325	112.74143	368.7325	112.74243	-369.57126	33.836445	5276.276739597321
137	4956.38	48.76416	5023.545	4871.5923	5206.184	16.880045	5234.551	5155.8193	1000.0	1000.0	684999	369.83176	112.724045	369.83176	112.72562	-370.6617	34.46288	5317.20005273819
138	5027.0825	38.263435	5075.036	4978.2266	5002.257	47.45093	5102.812	4914.4595	1000.0	1000.0	689999	370.90988	112.30374	370.90985	112.303894	-371.89926	33.71905	5354.8628170490265
139	5026.9067	60.83581	5074.64	4907.32	5097.444	22.135176	5140.198	5061.8687	1000.0	1000.0	694999	371.76758	112.09817	371.767	112.09889	-372.5222	33.351425	5396.840274810791
140	4988.4795	56.99968	5078.8423	4926.906	4974.7744	42.425686	5032.83	4890.421	1000.0	1000.0	699999	372.4735	112.00065	372.47345	112.00145	-373.19366	33.3893	5433.81417632103
141	5022.646	27.315649	5056.3047	4980.594	4995.5596	37.62382	5047.86	4905.48	1000.0	1000.0	704999	373.1682	111.99836	373.1681	112.00093	-373.87286	33.487713	5476.4813113212585
142	5006.478	57.04687	5069.831	4918.3594	5092.9624	61.642586	5243.257	5021.159	1000.0	1000.0	709999	374.13998	111.86542	374.14008	111.86679	-374.9081	33.469032	5513.378368854523
143	5026.2085	56.002464	5108.699	4938.569	5129.33	31.822498	5203.599	5076.0376	1000.0	1000.0	714999	375.04016	111.56082	375.03992	111.563255	-375.7633	32.574936	5556.0259845256805
144	5055.0874	57.223255	5133.646	4981.0327	5169.546	30.196966	5226.9067	5115.5884	1000.0	1000.0	719999	375.84567	111.252556	375.8456	111.254005	-376.52298	32.832027	5592.957859277725
145	4989.317	46.45703	5080.0093	4947.126	5053.3496	32.68865	5117.2754	4998.676	1000.0	1000.0	724999	376.6046	111.09494	376.6049	111.09471	-377.19815	32.257458	5635.624637365341
146	4964.9014	56.235703	5037.2627	4904.6597	4970.1543	21.323277	5009.471	4925.515	1000.0	1000.0	729999	376.99194	111.298096	376.9913	111.30255	-377.6841	32.406715	5672.629634141922
147	5015.974	83.16672	5160.0625	4900.707	5114.316	15.922826	5146.6616	5069.54	1000.0	1000.0	734999	377.4803	111.54011	377.48062	111.541145	-378.16193	32.05223	5714.34740114212
148	4993.248	80.72286	5089.5923	4888.048	5236.5947	84.11686	5384.354	5066.8364	1000.0	1000.0	739999	378.30893	111.41948	378.30887	111.42023	-378.88403	32.034363	5752.387038469315
149	4999.3003	53.283207	5068.891	4924.3296	5132.9375	96.802986	5238.682	4807.996	1000.0	1000.0	744999	379.05182	111.22528	379.05206	111.2247	-379.5942	31.572687	5792.886132478714
150	4958.9404	79.105354	5079.4775	4855.5317	5106.496	24.691294	5144.1113	5062.988	1000.0	1000.0	749999	379.50677	111.424446	379.50626	111.426704	-379.9887	31.45268	5831.785004854202
151	4990.2354	39.54175	5035.112	4922.5854	4982.518	24.016468	5030.872	4934.554	1000.0	1000.0	754999	380.05716	111.31147	380.05682	111.31525	-380.71603	31.82436	5871.637049436569
152	4980.1665	110.524475	5143.7666	4830.5264	5061.718	38.306297	5102.592	4909.027	1000.0	1000.0	759999	380.81656	111.252	380.8161	111.25391	-381.4078	30.989187	5911.771264076233
153	5073.846	35.353027	5126.8906	5031.763	5114.2217	26.058222	5185.8506	5072.7773	1000.0	1000.0	764999	381.67142	111.16568	381.67105	111.16746	-382.34445	30.966282	5950.326438188553
154	5092.682	66.42281	5217.672	5036.707	5140.8623	39.386818	5199.87	5066.226	1000.0	1000.0	769999	382.54333	110.81098	382.543	110.81189	-383.18497	30.921482	5991.5118980407715
155	5035.5146	51.654533	5097.113	4944.716	5125.277	28.361074	5191.514	5051.4233	1000.0	1000.0	774999	383.55292	110.46042	383.55273	110.46204	-384.15576	30.411213	6028.8002989292145
156	4978.5107	19.46868	5004.674	4957.796	4964.6514	35.127632	5048.6445	4905.1035	1000.0	1000.0	779999	383.9503	110.42668	383.95016	110.429565	-384.63916	30.749218	6070.88795876503
157	5054.8457	103.03994	5203.198	4881.28	5074.546	25.147217	5146.356	5027.5093	1000.0	1000.0	784999	384.47852	110.46239	384.47794	110.4629	-385.06296	30.148344	6107.797191858292
158	4987.7114	102.708466	5079.873	4790.067	5015.1562	27.903255	5066.718	4964.0933	1000.0	1000.0	789999	384.9666	110.707306	384.967	110.70919	-385.7788	30.704016	6150.555641651154
159	5073.6797	58.314907	5173.504	5005.849	4988.964	19.956558	5025.9927	4947.7993	1000.0	1000.0	794999	385.72162	110.4734	385.72144	110.47311	-386.32355	30.42913	6187.512420654297
160	5022.538	50.261368	5097.179	4967.6367	5240.4575	48.017	5311.489	5136.3555	1000.0	1000.0	799999	386.42715	110.36305	386.42706	110.365616	-387.14417	30.433416	6230.323312520981
161	5034.0938	135.24216	5212.6997	4800.775	5200.5806	62.411037	5299.537	5077.0884	1000.0	1000.0	804999	387.312	110.183464	387.3116	110.18502	-387.8418	30.096893	6267.305874586105
162	5048.4707	79.73784	5201.4365	4968.311	5007.648	25.312803	5069.436	4955.3774	1000.0	1000.0	809999	387.83203	110.28704	387.8321	110.285446	-388.41986	30.263956	6309.89474272728
163	5065.7686	87.9115	5183.134	4967.6177	5007.548	35.324493	5075.3936	4945.1245	1000.0	1000.0	814999	388.51694	110.15266	388.5168	110.15265	-388.976	29.989431	6347.0016322135925
164	4992.0215	57.38667	5057.239	4899.904	4998.9717	36.15591	5084.0845	4932.6787	1000.0	1000.0	819999	388.7085	110.258896	388.7086	110.260475	-389.34167	29.861307	6388.4188685417175
165	5061.758	106.853	5191.9062	4900.956	5207.713	449.8665	5421.932	3301.3318	1000.0	983.35	824999	389.28754	110.12464	389.2875	110.12516	-389.79	29.633884	6426.525783777237
166	4982.5557	80.570915	5086.119	4860.876	5013.126	19.234741	5055.001	4980.2256	1000.0	1000.0	829999	389.74338	110.0463	389.7437	110.04802	-390.1499	29.533693	6467.0253138542175
167	4938.4497	109.472786	5065.1284	4760.1636	5034.034	83.48432	5129.704	4757.1245	1000.0	1000.0	834999	390.258	110.17298	390.25745	110.17282	-390.89935	28.998953	6506.19996380806
168	4776.366	536.18677	5067.713	3704.642	5053.7046	21.182587	5098.9536	5021.051	969.6	1000.0	839999	390.7534	110.07406	390.75323	110.0741	-391.3144	28.948719	6545.612326145172
169	5033.9077	46.305286	5095.7812	4981.2065	5024.167	37.472775	5094.4634	4962.5674	1000.0	1000.0	844999	391.3314	110.0611	391.33096	110.06458	-392.0446	29.109007	6585.816262722015
170	5101.134	35.949993	5139.3364	5041.511	5007.8467	37.61703	5079.03	4936.0366	1000.0	1000.0	849999	391.8229	109.83071	391.82254	109.83334	-392.49042	28.962896	6624.1835062503815
171	5067.961	26.951962	5095.1953	5031.9233	5147.4165	41.33711	5209.5903	5028.2925	1000.0	1000.0	854999	392.42255	109.90204	392.42227	109.90318	-392.85315	28.54474	6665.403115034103
172	5024.393	117.77736	5212.2007	4869.7314	5087.959	49.363266	5202.2827	5018.6807	1000.0	1000.0	859999	392.90958	110.11378	392.90964	110.11481	-393.3213	28.617044	6702.760049104691
173	5055.1704	86.80203	5127.59	4891.312	5071.393	42.282425	5192.97	5000.257	1000.0	1000.0	864999	393.38126	110.06045	393.38083	110.063354	-394.16464	29.110334	6744.993677139282
174	5076.781	79.00714	5180.094	4956.3433	5082.2046	49.62283	5185.2295	5004.5996	1000.0	1000.0	869999	393.69037	110.1348	393.69025	110.13578	-394.32916	29.128357	6782.039263248444
175	5132.164	50.00788	5203.0586	5056.4688	4996.177	28.984955	5060.723	4936.7056	1000.0	1000.0	874999	393.93094	110.398445	393.93097	110.39851	-394.5038	29.181274	6824.6438331604
176	5035.358	63.30092	5134.9883	4937.5625	5248.802	53.04225	5366.5024	5127.2134	1000.0	1000.0	879999	394.68536	110.07092	394.685	110.07087	-395.35574	28.719912	6861.700715065002
177	5012.4844	82.05058	5117.6123	4866.7256	5539.7	42.04944	5604.6255	5400.0864	1000.0	1000.0	884999	395.11844	109.83759	395.11844	109.8367	-395.73804	28.309881	6904.302597522736
178	5080.8525	58.688244	5145.0005	4977.582	4954.063	59.17443	5060.1284	4834.694	1000.0	1000.0	889999	395.64923	109.639336	395.649	109.64328	-396.18472	28.500826	6941.396373033524
179	5073.1675	135.37273	5323.0566	4943.983	4934.6733	917.61255	5269.7905	943.1779	1000.0	961.9	894999	395.92816	110.04437	395.9282	110.04287	-396.42163	28.44797	6983.778110980988
180	5136.0625	77.25796	5266.3677	5028.689	4951.8315	58.688484	5056.675	4839.4814	1000.0	1000.0	899999	396.64398	109.682205	396.6446	109.68237	-397.1728	28.16972	7021.0767121315
181	5127.5312	122.886024	5277.356	4931.6357	4950.265	39.488544	5027.364	4873.2974	1000.0	1000.0	904999	397.16406	109.81111	397.1639	109.810905	-397.51285	28.076656	7062.285362243652
182	5051.195	77.40026	5124.5874	4912.5703	5081.184	61.995483	5206.63	4969.6406	1000.0	1000.0	909999	397.69876	109.59964	397.6982	109.60266	-398.23975	27.749012	7100.6741399765015
183	4299.9634	1835.2754	5215.4097	198.99385	4846.6304	30.300291	4917.656	4789.3203	846.5	1000.0	914999	397.95767	109.70366	397.95734	109.70487	-398.53754	28.316826	7140.898943424225
184	5081.792	65.53612	5195.061	5018.4346	5025.2397	33.56726	5072.696	4973.654	1000.0	1000.0	919999	398.90204	109.19301	398.9019	109.1969	-399.4298	27.815788	7180.368816614151
185	5106.1147	125.03782	5267.4844	4923.798	5139.2725	24.73119	5183.454	5091.393	1000.0	1000.0	924999	399.4841	109.04303	399.48447	109.04275	-400.14093	27.45505	7219.473305463791
186	5080.461	29.085436	5111.001	5028.0093	5015.891	30.765226	5066.859	4944.2554	1000.0	1000.0	929999	400.2721	108.52058	400.27173	108.52197	-400.9055	27.203194	7260.036828041077
187	5090.108	86.55233	5258.4	5021.239	5169.9087	28.531412	5211.1826	5103.955	1000.0	1000.0	934999	400.5866	108.60668	400.58655	108.60656	-401.09006	27.161423	7298.032049179077
188	5102.2266	75.06763	5220.6797	5011.167	5249.333	16.40685	5289.6313	5221.517	1000.0	1000.0	939999	401.06458	108.478096	401.06418	108.48017	-401.7121	26.91309	7339.566721439362
189	5158.095	23.874197	5183.5225	5126.1245	5320.257	21.426323	5359.5913	5283.931	1000.0	1000.0	944999	401.7319	108.25629	401.73187	108.2588	-402.34995	27.290743	7376.696909189224
190	5166.535	41.327312	5225.2383	5116.628	5325.4644	88.46602	5420.2593	5084.2354	1000.0	1000.0	949999	402.24463	108.25605	402.24457	108.2577	-402.6459	27.059427	7419.373210906982
191	5164.2954	55.29859	5219.3667	5072.914	5318.537	44.323063	5380.1973	5216.664	1000.0	1000.0	954999	402.7849	108.20032	402.78467	108.202934	-403.3728	26.758541	7456.425412416458
192	5148.384	62.01327	5263.9966	5087.22	5011.921	12.649575	5032.7764	4985.5283	1000.0	1000.0	959999	403.36108	107.91494	403.36115	107.917206	-403.6144	26.504631	7499.038034915924
193	5204.901	66.14694	5282.159	5124.2944	5090.7925	21.520657	5125.4663	5046.034	1000.0	1000.0	964999	403.7633	108.00054	403.7632	107.99777	-404.3697	26.562975	7536.102230548859
194	4339.605	1830.545	5226.1133	247.6971	5208.382	40.35121	5276.528	5139.4434	849.0	1000.0	969999	404.33057	107.93426	404.3302	107.93645	-404.7412	26.21891	7578.716025114059
195	5141.9414	50.05008	5200.52	5055.934	5411.8228	67.87674	5506.578	5264.0312	1000.0	1000.0	974999	404.78726	108.12791	404.78745	108.12735	-405.29465	26.384926	7615.745416879654
196	5271.819	54.057438	5379.1763	5235.9136	5277.931	49.23143	5347.8364	5150.089	1000.0	1000.0	979999	405.3825	107.75732	405.38214	107.75875	-405.82297	27.20134	7657.601318597794
197	5250.686	65.24247	5373.7866	5178.499	5020.697	66.270294	5162.321	4918.9087	1000.0	1000.0	984999	406.12027	107.577	406.1201	107.5764	-406.64264	26.490788	7695.468424797058
198	5224.173	98.076004	5317.636	5084.2617	5253.6836	114.7146	5391.5522	4818.5693	1000.0	997.1	989999	406.54803	107.650764	406.54868	107.6501	-406.84338	26.072273	7736.180550575256
199	5222.73	103.57616	5375.249	5119.665	5140.72	685.61786	5553.7476	3110.109	1000.0	959.2	994999	406.77734	107.92231	406.77682	107.923615	-407.26285	26.687975	7774.984651088715
200	5262.3857	110.480774	5432.8477	5136.4165	5292.0864	71.07214	5379.0146	5110.459	1000.0	1000.0	999999	407.31934	107.906364	407.3191	107.90724	-407.79184	26.660757	7814.708446741104
