Epoch	AverageEpRet	StdEpRet	MaxEpRet	MinEpRet	AverageTestEpRet	StdTestEpRet	MaxTestEpRet	MinTestEpRet	EpLen	TestEpLen	TotalEnvInteracts	AverageQ1Vals	StdQ1Vals	AverageQ2Vals	StdQ2Vals	LogPi	LossPi	LossQ	Alpha	LossAlpha	Time
1	1.9368833	5.903711	26.34948	-10.590104	396.9257	192.12276	987.08105	277.26334	19.904383	291.15	4999	11.837048	9.086283	11.837386	9.085785	1.2429299	-14.075761	0.9682729	0.13609216	0.7051402	40.67353272438049
2	1.5021244	5.5618095	31.21206	-10.144639	-34.78402	20.268093	-8.124346	-81.78328	20.592592	114.35	9999	45.86024	17.873783	45.861423	17.88158	5.861924	-50.61572	6.7175	0.09052219	0.011461446	83.21047449111938
3	61.96594	113.56431	445.1204	-74.18002	635.108	268.83505	1143.7827	29.322367	133.62163	497.55	14999	80.99857	21.097113	81.00248	21.091908	5.427864	-85.79316	19.200686	0.073731154	0.04277494	134.46540451049805
4	194.42812	173.17444	559.3178	-20.594574	103.1736	114.34943	315.3007	-64.29503	260.05264	166.85	19999	84.02461	24.322548	84.02774	24.295338	5.940417	-87.67949	19.51634	0.04524254	0.002746475	183.53310441970825
5	152.72511	129.8975	418.42456	-100.76466	77.52067	101.02476	328.9214	-38.327595	190.53847	188.9	24999	87.17309	27.447153	87.173935	27.441175	6.0021424	-90.19986	23.434658	0.042918578	-8.0694364e-05	230.38877272605896
6	193.94359	85.58889	338.14465	4.5887504	58.394264	191.77228	846.0544	-22.16678	164.06667	236.2	29999	90.14429	29.493504	90.14441	29.489891	5.9958572	-92.67705	22.933872	0.041550927	0.00018021322	279.7034282684326
7	219.43523	124.95075	455.916	17.059246	610.30115	284.5131	1019.54626	266.92712	167.90323	509.35	34999	91.387474	30.69577	91.387886	30.691671	6.0104947	-93.57921	20.860394	0.041702073	-0.00043924	329.5524671077728
8	249.40622	81.80242	535.274	69.63035	172.87875	53.022594	322.1906	127.072136	141.52942	101.45	39999	94.87942	31.748339	94.87934	31.746073	6.0261736	-96.97985	18.673716	0.04760966	-0.0011830665	377.4010589122772
9	244.40817	81.767525	448.03452	90.46754	277.93536	103.86679	540.3901	42.088295	155.45454	195.0	44999	100.867905	33.100273	100.86846	33.09603	5.9914694	-102.90835	17.191092	0.047075197	0.0004145592	426.0627498626709
10	281.0522	134.89882	510.6179	-12.1613455	340.3274	107.610825	543.32214	117.627846	220.27272	232.35	49999	103.64331	33.13382	103.643715	33.13113	5.980696	-105.45665	16.067085	0.044537112	0.00087607536	472.56393551826477
11	336.26047	140.52895	617.5189	6.592218	201.71745	29.798914	314.717	176.1915	211.125	105.3	54999	104.82322	33.328026	104.82367	33.321407	5.985147	-106.49787	15.619848	0.041835707	0.00063362834	517.9722044467926
12	342.88782	147.17577	743.89856	41.604584	478.05396	250.39468	1007.3963	185.77417	176.86208	211.4	59999	106.38265	33.603535	106.383514	33.597065	6.0083303	-107.9202	14.85315	0.042321377	-0.00033833328	566.696781873703
13	355.66608	168.5853	902.7586	193.8404	320.18314	92.0034	615.4661	225.85806	160.90323	141.25	64999	108.03881	33.859272	108.03941	33.85267	6.0137463	-109.47689	14.365484	0.042525973	-0.0005850646	615.8663189411163
14	474.50964	415.85098	1736.1123	6.865123	278.59003	41.80338	377.11703	215.54176	219.90909	142.3	69999	110.504	34.380882	110.50441	34.37352	6.0188785	-111.89593	14.153639	0.046304658	-0.00086029206	661.2721476554871
15	517.7989	349.2156	1600.9927	202.27896	632.7296	346.04544	1409.1337	217.54604	235.09091	340.3	74999	113.717026	34.315205	113.71781	34.307224	6.0017686	-115.04247	14.404922	0.047537293	-7.492107e-05	709.7236137390137
16	470.89603	210.26424	943.03394	179.35263	421.51578	355.4483	1583.6593	-14.65499	239.42857	267.15	79999	117.21683	34.74479	117.21728	34.73643	6.0018663	-118.47625	14.301153	0.04815384	-8.141439e-05	758.5796310901642
17	381.65103	198.2135	840.7951	29.03065	450.4086	337.7045	1625.3035	148.05856	199.33333	230.9	84999	119.638916	35.145016	119.63949	35.13848	5.9829564	-120.80895	14.676369	0.046343632	0.0008090416	809.344480752945
18	432.5112	226.82884	1101.4978	183.74951	355.26312	177.95477	743.63763	49.332886	191.96297	221.1	89999	121.3813	35.827583	121.382126	35.823227	6.0171065	-122.47474	14.852791	0.046691656	-0.000793946	857.8141088485718
19	407.322	214.04233	970.8376	-6.4837294	744.8295	327.3435	1610.4434	351.84503	198.28	321.35	94999	122.52565	36.72244	122.52598	36.723457	5.9988923	-123.59913	15.28885	0.047922418	6.332725e-05	905.6245377063751
20	484.25778	237.60278	1059.3529	185.8767	527.38715	110.73302	741.5678	295.25885	225.95454	244.15	99999	124.00302	37.732166	124.00346	37.732582	6.006779	-125.0557	16.044567	0.04908069	-0.00032400206	952.570817232132
21	628.78534	388.54224	1503.7688	201.34125	459.06656	142.96687	706.529	77.67765	298.17648	269.2	104999	125.98361	37.982697	125.984436	37.98455	5.9992146	-127.0081	16.352991	0.0493655	4.7954534e-05	1001.0896620750427
22	618.39404	308.03754	1270.7454	244.05478	264.48746	18.508951	330.37546	242.36815	355.92856	102.1	109999	127.84905	38.162746	127.84943	38.163254	6.0137057	-128.85307	16.245922	0.050518926	-0.0006912373	1049.5137469768524
23	556.89453	415.57153	1885.7057	231.3996	224.42996	9.606288	242.69618	205.23474	272.33334	90.65	114999	129.33466	38.37849	129.33514	38.379765	6.000258	-130.28972	16.604868	0.051885676	-5.3458216e-06	1094.4726996421814
24	748.64386	440.04022	1591.7366	177.15143	505.3318	391.5412	1469.257	135.86607	338.4	319.7	119999	130.66643	38.91281	130.66692	38.91474	5.9985394	-131.6287	16.501728	0.051963817	8.507652e-05	1142.9524431228638
25	550.29175	337.68802	1517.3542	145.39557	559.4159	255.65851	1303.2703	256.36246	253.0	253.35	124999	132.23595	39.273685	132.23662	39.27575	5.993986	-133.16914	16.865229	0.051639464	0.00031925435	1191.3934316635132
26	477.7884	220.54103	985.1799	192.33215	441.75702	228.61667	950.74615	174.99684	224.18182	241.75	129999	133.03127	40.00509	133.03136	40.00717	6.003479	-133.88718	16.786219	0.05178767	-0.00017017563	1241.2583754062653
27	666.6296	409.43842	1838.0786	202.28119	750.82324	463.5928	2108.2363	214.65767	342.64285	385.2	134999	133.475	40.51452	133.47495	40.518047	6.0006924	-134.32964	16.688837	0.051715095	-2.6611424e-05	1291.9570045471191
28	881.4486	535.4568	2030.8473	290.7978	826.93494	247.17365	1369.6716	421.78052	441.27274	397.1	139999	134.19316	40.282063	134.193	40.28737	5.9868784	-135.03055	16.333735	0.04943939	0.0006702499	1339.6305961608887
29	892.7979	394.61926	1602.2645	231.98802	939.4408	391.1811	1670.7075	476.40915	389.76923	349.8	144999	134.76518	39.835674	134.76497	39.842087	5.990251	-135.56297	15.860432	0.048611082	0.00047559218	1388.2035970687866
30	715.22565	392.57382	1410.7278	181.8798	1227.2861	468.59668	2108.455	282.76093	273.42105	554.0	149999	135.68283	39.785656	135.68263	39.79159	6.0036726	-136.4467	15.521595	0.04711982	-0.00016655454	1438.1502890586853
31	744.227	420.83072	1670.4019	155.63387	624.43005	158.52135	927.6071	281.90033	276.44446	247.5	154999	137.1887	40.15676	137.18839	40.16138	5.996773	-137.95293	15.507978	0.047212105	0.00016069264	1487.6695075035095
32	617.094	324.31024	1411.8689	191.10545	856.504	668.3671	2432.1323	176.01508	232.09091	344.4	159999	139.2651	40.839066	139.26482	40.84363	6.012358	-140.0077	15.855411	0.047581267	-0.00058911997	1537.8578572273254
33	773.6277	587.96857	2618.294	176.84465	1415.53	549.9727	3019.668	727.38153	299.75	467.05	164999	141.32787	41.774624	141.32758	41.777866	6.0043893	-142.07947	16.308802	0.049667604	-0.00021150857	1587.5134065151215
34	1102.0797	584.5149	2202.3662	290.56378	1110.5504	564.7202	2739.4514	515.7291	377.5	360.55	169999	143.8969	42.69311	143.89688	42.70005	6.0099983	-144.65828	16.62725	0.05130286	-0.00050950225	1636.4581553936005
35	785.9483	291.52856	1457.9658	228.71295	1156.3044	193.30046	1550.2992	808.1103	261.10526	378.55	174999	147.20695	43.73863	147.20724	43.744286	5.997896	-147.99123	16.79709	0.052721728	0.00012117888	1684.033890247345
36	782.0278	336.0611	1622.7876	223.2548	462.60638	205.10678	969.5107	190.63902	266.44446	170.8	179999	150.93608	44.90112	150.93594	44.907295	6.0019655	-151.75934	17.171225	0.052239466	-9.5458934e-05	1733.4117393493652
37	831.87744	326.44467	1369.6342	200.77467	1311.5754	879.79047	3182.1853	536.7302	274.89474	462.7	184999	154.7873	46.278587	154.78737	46.281147	5.998671	-155.60338	17.459946	0.052157726	7.8806304e-05	1784.121989250183
38	1484.7672	476.06628	2544.056	694.88184	1576.5236	734.24445	3033.9585	336.39297	491.4	507.75	189999	158.33295	47.605736	158.3326	47.610336	6.004567	-159.16133	18.109915	0.052934643	-0.00023480589	1833.5003542900085
39	1015.66254	493.25287	2052.8083	210.29686	1363.6858	697.8065	2625.0852	303.0106	347.0	480.4	194999	161.84047	48.213017	161.84065	48.21459	6.000551	-162.65558	18.20691	0.054365575	-2.1046353e-05	1882.4031913280487
40	1355.3394	758.30554	2935.4204	643.27844	1663.5101	506.3807	2888.2173	1035.4115	471.45456	550.35	199999	164.72072	48.57802	164.72081	48.58066	6.005349	-165.51776	18.41326	0.054610383	-0.00028192683	1931.6060628890991
41	2131.9233	535.47107	2887.4683	1347.49	1628.2648	914.36163	3016.1416	250.0929	704.8571	563.65	204999	167.71674	49.15262	167.7166	49.15665	6.005169	-168.50667	18.363895	0.055783793	-0.00027864412	1983.3638565540314
42	1747.9749	683.2984	2719.4773	545.5491	1907.718	818.25903	2909.5293	651.06946	601.125	667.7	209999	170.39131	50.02125	170.39145	50.02266	5.996289	-171.1607	18.480076	0.05552444	0.00021719701	2035.3041212558746
43	2302.8147	586.71497	3000.772	1211.5577	2239.1162	603.5937	2953.3376	1263.7185	757.0	776.45	214999	173.38037	50.38846	173.38004	50.39096	5.9994974	-174.13278	18.45083	0.056237184	3.7043323e-05	2085.3952038288116
44	1790.6812	588.8546	2735.578	793.92804	468.61304	316.52515	1400.5554	188.0749	619.25	159.35	219999	176.15797	50.761143	176.15765	50.764355	5.99982	-176.91783	18.21458	0.0552807	1.912403e-05	2132.1643648147583
45	1735.0918	1005.2079	2727.143	198.29082	2202.3872	515.48883	2857.6562	858.1238	639.5714	880.05	224999	178.59613	51.061417	178.59593	51.064514	5.9978123	-179.33827	18.177202	0.055892278	0.00013018468	2181.9416477680206
46	2490.9553	202.32999	2833.6724	2191.3672	1954.3074	833.76044	3121.9548	431.0474	913.8333	742.1	229999	180.82076	51.670155	180.82034	51.67229	5.9986186	-181.54408	17.991371	0.05518057	8.503374e-05	2232.282651901245
47	1480.4382	694.14233	2655.409	201.87733	1894.4338	934.80524	2911.5054	310.5288	500.0	667.25	234999	182.7985	52.130245	182.79836	52.133503	6.007822	-183.49524	18.124395	0.05612284	-0.00042313346	2284.0407180786133
48	1183.279	785.97186	2969.1958	290.3973	2090.789	822.61847	2963.7415	693.9354	390.07693	709.75	239999	184.47842	52.888775	184.47823	52.89148	6.0040784	-185.1796	18.109785	0.057311792	-0.00022264519	2335.023207426071
49	1437.4563	649.662	2994.8005	656.6337	1115.6355	295.58893	2045.7395	748.1285	460.45456	344.1	244999	185.9648	53.60271	185.96451	53.604668	6.004519	-186.6484	18.09583	0.05741864	-0.0002531933	2382.3474094867706
50	1293.4238	442.15268	2096.1196	731.43024	1041.6632	354.61832	2130.301	657.7565	410.33334	326.1	249999	187.56598	54.17946	187.56569	54.18376	6.001804	-188.23132	18.319729	0.05892057	-9.553623e-05	2430.3234102725983
51	1370.208	495.60263	2247.1125	686.73804	1030.0298	471.11484	2715.777	336.25238	443.4	354.5	254999	188.72348	55.050083	188.72346	55.05333	6.0040054	-189.3753	18.438568	0.058956146	-0.00022890752	2479.55508685112
52	1373.1989	386.87622	2185.5713	764.8646	1126.4431	409.64493	2009.4183	271.49884	441.66666	344.45	259999	189.58397	55.398945	189.58412	55.403294	5.999685	-190.21762	18.549412	0.059184447	2.8827859e-05	2530.25430226326
53	1655.5914	901.4762	3391.7454	229.2589	1444.912	757.65125	3238.6602	537.55347	517.9	438.1	264999	190.73337	55.5602	190.73317	55.563015	6.0018	-191.3435	18.310152	0.06074282	-9.895949e-05	2581.151342391968
54	1889.7491	1003.4848	3166.2012	634.9538	1038.699	492.22052	2638.234	400.76166	616.5714	326.65	269999	191.99734	55.817852	191.99736	55.819656	5.9982295	-192.60681	18.494423	0.06059281	0.00011605444	2629.662833213806
55	2780.7913	297.3994	3090.2666	2333.4539	1825.1696	833.7713	3127.5886	780.7283	887.0	614.7	274999	193.53848	55.836784	193.53838	55.84	5.9979577	-194.13809	18.11587	0.059899323	0.00013277197	2679.347870826721
56	1838.6096	929.54083	3250.5366	247.38142	2280.1794	919.84717	3322.093	758.4022	587.0	745.35	279999	195.15868	56.373474	195.15866	56.375477	6.003646	-195.75517	18.12856	0.061089534	-0.00020798668	2728.567792415619
57	2360.2554	895.2118	3220.6355	949.0606	1605.8325	680.504	3447.362	881.26715	748.0	479.45	284999	196.88602	56.55671	196.88567	56.5614	6.0011096	-197.4659	17.877655	0.060155146	-5.7020246e-05	2780.0719232559204
58	2242.5417	1001.0918	3242.8945	602.8902	1921.3883	633.8351	3444.213	812.4671	707.0	567.6	289999	198.85048	56.434944	198.85022	56.43802	5.9932365	-199.42046	17.622332	0.060864154	0.0004166689	2832.020736694336
59	3185.7861	222.2063	3320.573	2742.861	3163.1165	262.99835	3526.9663	2540.286	963.2	947.9	294999	200.50322	56.893574	200.50339	56.893894	6.006088	-201.0752	17.56405	0.060850233	-0.00035194308	2882.1943159103394
60	3252.6318	176.36052	3448.597	2994.6604	2364.4954	740.69836	3387.5317	1448.5626	1000.0	703.1	299999	202.64595	56.965755	202.64578	56.971004	6.0037494	-203.22432	17.560093	0.06072886	-0.00021972528	2931.7762010097504
61	3331.554	164.42236	3546.7021	3086.5623	1598.0966	708.76434	3618.2134	1068.8201	1000.0	460.2	304999	204.9559	57.185066	204.95589	57.18839	5.994316	-205.5205	17.65157	0.060373217	0.00035654052	2981.2414395809174
62	3207.7266	415.1648	3534.2717	2333.805	3126.5022	388.21234	3460.266	1496.9735	915.8333	975.65	309999	207.22818	57.961075	207.22794	57.963783	6.0060844	-207.8082	17.561502	0.06079121	-0.00036095027	3030.679341316223
63	3403.2358	125.103165	3600.6301	3262.702	1878.4902	757.5179	3744.786	1115.5979	984.4	557.75	314999	209.73172	58.27758	209.73123	58.282627	6.0031085	-210.30995	17.378975	0.06294969	-0.00018405278	3082.6194608211517
64	2945.4656	940.557	3566.8613	904.1041	3216.1267	441.10486	3461.3247	1446.2213	835.5	959.85	319999	212.30482	58.818233	212.30458	58.823685	6.0030303	-212.8975	17.922037	0.06273664	-0.00018266181	3134.530955553055
65	3021.4612	486.47507	3658.8342	2372.4836	2532.5974	847.46643	3416.5623	1258.5425	854.0	748.5	324999	214.46855	59.365917	214.46808	59.36898	5.9973936	-215.0382	17.855068	0.06336356	0.00017599209	3184.2375588417053
66	2265.226	1387.053	3486.0005	268.4675	2874.747	995.76715	3536.6592	147.34422	669.125	856.45	329999	216.95724	59.80472	216.95688	59.807434	5.999819	-217.53137	17.961937	0.06378324	2.1540332e-05	3233.8453323841095
67	2534.4678	1132.7582	3399.0232	514.7563	2851.2668	814.36884	3643.6611	519.6004	764.5	831.75	334999	219.0616	60.154755	219.06152	60.157356	6.00327	-219.62617	18.101313	0.06467055	-0.00019419305	3283.4984023571014
68	2428.0132	1238.2992	3448.8616	275.8311	2753.183	923.2844	3678.511	968.65906	731.8571	796.75	339999	220.97972	60.356655	220.97922	60.360962	5.9964995	-221.5348	17.879078	0.0641122	0.00023192361	3333.847391843796
69	2774.2324	847.18146	3390.092	1333.5862	2652.9587	704.47687	3688.562	1578.6327	818.1667	723.9	344999	222.64	60.658943	222.6398	60.663975	6.006177	-223.19733	18.268734	0.0645895	-0.00038080465	3385.6050086021423
70	2503.661	1177.7406	3397.195	-1.4521676	2883.2625	603.8263	3454.1584	1339.7236	766.0	880.25	349999	224.36945	60.440437	224.36908	60.445595	6.0046754	-224.9143	18.033695	0.065274805	-0.0002930992	3436.9418485164642
71	2819.7212	911.14136	3375.8403	1008.1931	3233.941	426.83017	3597.064	1695.9939	859.2	960.3	354999	225.86514	60.783012	225.8642	60.785877	5.9940906	-226.40195	18.321478	0.06516632	0.00039633704	3486.5673859119415
72	3251.8528	257.7369	3502.2883	2705.0576	2812.6846	640.22034	3488.71	1674.4249	958.0	852.7	359999	227.4045	60.972206	227.40456	60.975853	6.003189	-227.9242	18.402039	0.065812536	-0.0001958405	3536.3112235069275
73	3405.3625	65.94291	3520.3862	3338.87	3375.0703	95.32779	3556.5427	3266.335	1000.0	1000.0	364999	228.57373	61.414875	228.57347	61.416416	6.0001035	-229.09015	18.32408	0.06590374	5.86617e-06	3585.873501777649
74	3344.5527	90.120636	3513.8853	3245.8074	3387.0	82.77804	3547.277	3255.3633	1000.0	1000.0	369999	229.86287	61.520958	229.8628	61.524937	6.0055833	-230.37273	18.192583	0.067011826	-0.00035598586	3636.770882844925
75	2333.374	1215.5039	3496.396	201.72186	3350.5593	90.58938	3609.505	3213.0073	696.0	1000.0	374999	231.40178	61.33297	231.40117	61.33774	6.0002794	-231.91025	18.277506	0.06606101	-7.172966e-06	3688.6928861141205
76	3444.064	42.454163	3507.6865	3394.6318	3329.938	69.70343	3556.9944	3196.2876	1000.0	1000.0	379999	233.17198	61.179707	233.1717	61.184395	5.9978857	-233.68065	18.025639	0.06644	0.00015252258	3739.4520156383514
77	3528.0872	132.48804	3653.3525	3291.6926	3446.8608	80.4863	3630.5603	3316.0315	1000.0	1000.0	384999	234.90477	61.311295	234.90445	61.316154	5.9948654	-235.41444	17.809929	0.06499449	0.0003467876	3789.130712747574
78	2985.3528	948.24585	3506.093	869.8261	3368.931	128.99417	3627.8618	3167.7876	878.1667	1000.0	389999	236.39102	61.377857	236.391	61.381046	6.00287	-236.89215	17.785297	0.06568772	-0.00017385778	3838.9190220832825
79	3556.3567	79.97394	3675.7625	3463.2312	3409.3274	101.009895	3645.4514	3279.179	1000.0	1000.0	394999	238.19325	61.42143	238.19275	61.42389	5.9961367	-238.7037	17.655455	0.06546748	0.0002638602	3888.55198097229
80	3509.6465	145.97353	3741.7476	3352.9226	3480.9941	81.12915	3583.8608	3374.4824	1000.0	1000.0	399999	239.87585	61.555195	239.87628	61.556885	5.9972587	-240.3934	17.73416	0.06450942	0.00018533492	3939.700124025345
81	3515.9648	128.22847	3642.1306	3308.0586	3783.161	59.187405	3874.9465	3670.1792	1000.0	1000.0	404999	241.76088	61.3363	241.76085	61.34031	5.999438	-242.26593	17.282206	0.06400922	4.6413923e-05	3991.542676925659
82	3533.0105	115.385506	3746.709	3420.469	3512.3906	33.170258	3648.559	3486.1135	1000.0	1000.0	409999	243.41145	61.418495	243.41103	61.420902	6.003928	-243.92003	17.126837	0.06382837	-0.00023917003	4041.860203027725
83	3587.354	108.898346	3700.983	3421.1697	3640.3765	154.26204	3955.2366	3456.9822	1000.0	1000.0	414999	244.98157	61.586586	244.9812	61.592396	6.000457	-245.479	17.17094	0.064329356	-1.9290543e-05	4091.5705955028534
84	3754.3047	119.28255	3940.5364	3579.2017	3435.151	117.55182	3800.966	3347.3706	1000.0	1000.0	419999	246.6416	61.776325	246.6415	61.779037	5.9989185	-247.13025	16.727207	0.06445799	8.178414e-05	4141.112389326096
85	3736.5728	54.271164	3828.8606	3676.4287	285.27872	6.0951667	296.33057	265.80853	1000.0	125.55	424999	248.42618	61.730736	248.42603	61.733494	5.9986835	-248.9123	16.814884	0.06392702	9.445374e-05	4187.715889215469
86	3648.9622	91.88683	3767.7424	3520.7407	3834.9878	110.427605	4153.7275	3686.9504	1000.0	1000.0	429999	250.12027	61.699383	250.12018	61.703136	5.9991283	-250.6236	16.481838	0.06368592	6.663394e-05	4239.512146949768
87	3730.4595	105.01124	3921.8918	3630.5552	3771.6138	81.78138	3934.0903	3658.9717	1000.0	1000.0	434999	251.69673	62.005806	251.69655	62.010178	6.005281	-252.1644	16.598812	0.064264126	-0.000326218	4290.628494024277
88	3770.8203	95.74477	3919.8762	3679.2163	3573.1812	155.679	4091.6333	3299.0615	1000.0	1000.0	439999	252.86145	62.35423	252.86142	62.356503	6.0018406	-253.32808	16.265839	0.064894944	-0.000109324	4340.171441078186
89	3658.188	106.30402	3847.2908	3548.223	560.3981	1003.25555	3594.0378	152.5192	1000.0	185.6	444999	254.23766	62.57152	254.23708	62.57525	5.996802	-254.7043	16.313387	0.0636531	0.00021913719	4389.912480831146
90	3117.7458	1297.3318	3828.1318	220.82736	3197.7935	1153.4374	3919.0513	171.56494	848.1667	873.1	449999	255.87422	62.619133	255.87407	62.62148	5.9910736	-256.32614	16.331003	0.06404982	0.00057758065	4439.559286355972
91	2738.2107	1603.5063	3936.4797	182.74619	2796.9004	1499.328	3807.798	187.34737	741.7143	772.25	454999	257.35123	62.58537	257.35104	62.588852	6.00532	-257.82535	16.07096	0.06309282	-0.00032212408	4490.805104732513
92	2763.565	1613.9758	3867.1936	185.66344	1268.4114	1566.4779	3733.6165	192.76213	741.7143	367.85	459999	258.92035	62.924797	258.92014	62.928238	6.000886	-259.3704	16.128666	0.06437314	-4.3817305e-05	4542.610254049301
93	3721.0789	31.954403	3774.5771	3688.5322	3808.4946	32.137367	3887.7058	3770.7585	1000.0	1000.0	464999	259.8174	63.279366	259.81726	63.280067	6.00055	-260.24432	16.094149	0.063497156	-2.4371719e-05	4593.147525548935
94	3783.5737	89.86927	3852.1184	3613.466	3846.6562	71.78756	3974.2043	3696.536	1000.0	1000.0	469999	260.68494	63.541492	260.685	63.54429	6.002464	-261.0971	16.005684	0.06499032	-0.00014463055	4642.292465925217
95	2163.9915	1711.7493	3933.8176	212.7116	3675.1304	48.032364	3816.559	3615.1982	583.125	1000.0	474999	261.63205	63.74872	261.63187	63.750607	5.9955764	-262.0468	16.00624	0.06487672	0.00029572673	4692.049058914185
96	3265.9978	1385.7935	4069.9324	173.57574	2983.787	1237.055	4030.313	1186.6357	846.1667	774.65	479999	262.8277	63.89674	262.82758	63.901432	6.012409	-263.24088	16.014498	0.06490682	-0.00079792173	4741.768098115921
97	3789.589	43.07472	3852.2246	3719.691	3763.645	59.868984	3874.2136	3671.56	1000.0	1000.0	484999	263.70706	64.429115	263.7072	64.430786	5.9943047	-264.1	16.022532	0.065997645	0.0003908835	4793.697137594223
98	3879.1035	51.985497	3957.8481	3809.7114	3771.3079	60.097565	3887.0425	3657.1638	1000.0	1000.0	489999	265.27066	64.346596	265.27026	64.34913	5.9943695	-265.675	15.991987	0.06399133	0.00037550283	4845.496643543243
99	3838.2617	100.79226	3929.8784	3671.7075	3815.7695	69.85917	3889.2375	3644.1577	1000.0	1000.0	494999	266.3558	64.49285	266.35562	64.49692	6.0089145	-266.74234	15.957492	0.065825425	-0.0005660883	4895.159753084183
100	3205.2136	827.07385	3763.8433	1561.5265	3429.8374	1019.664	3844.448	255.09352	887.0	913.2	499999	267.13556	64.66732	267.13525	64.6712	5.997577	-267.51932	15.757125	0.06549783	0.00017274824	4944.6720061302185
101	3720.1743	56.489765	3791.9092	3625.1218	3065.8916	1432.547	3916.9849	174.81853	1000.0	817.7	504999	268.12576	64.79637	268.1255	64.796776	5.993752	-268.48965	15.758598	0.065472275	0.0004158217	4994.293411493301
102	3238.346	1286.8146	3838.3774	361.39978	3861.1375	73.45761	3959.15	3625.2566	855.8333	1000.0	509999	268.87253	64.93927	268.8723	64.940056	6.001197	-269.2454	15.7795925	0.06427837	-6.4359534e-05	5044.582901954651
103	3847.19	52.372242	3931.41	3784.844	3911.6782	30.279608	3959.9268	3852.337	1000.0	1000.0	514999	270.05566	65.10655	270.05585	65.11059	6.0095487	-270.4215	16.065681	0.06464547	-0.0006130484	5096.5769209861755
104	3871.9016	54.5214	3961.1736	3790.3843	3919.45	80.07651	4071.08	3824.2344	1000.0	1000.0	519999	270.99164	65.578156	270.99155	65.58066	5.9995217	-271.33783	15.737272	0.06474755	4.635806e-05	5147.499993801117
105	3903.468	72.716446	4024.9412	3809.7952	3802.847	39.584717	3855.367	3669.5295	1000.0	1000.0	524999	271.7002	65.887436	271.69983	65.89047	6.001834	-272.0295	15.810887	0.06579663	-0.00011173406	5196.999996423721
106	3858.7507	83.60067	4001.2197	3740.761	3943.5476	82.567184	4127.188	3836.6348	1000.0	1000.0	529999	272.6403	65.997314	272.64014	66.00128	5.992373	-272.97925	15.59339	0.0660421	0.0005200157	5246.5365653038025
107	3184.2488	1323.9333	3957.4019	232.59634	3971.4153	18.955406	4010.071	3933.177	851.0	1000.0	534999	273.52216	66.14403	273.5225	66.14395	6.000636	-273.8611	15.495166	0.06620265	-2.9274059e-05	5295.775187492371
108	2681.3887	1586.2345	3979.922	255.04868	232.12727	3.3124926	238.99933	226.07693	705.375	101.35	539999	274.62064	66.1454	274.62036	66.14956	6.0037775	-274.96002	15.25487	0.06526279	-0.00023761418	5343.935698032379
109	3161.7476	1460.0308	3936.5762	243.08192	3813.776	49.979	3898.3442	3689.975	820.4	1000.0	544999	275.11234	66.57577	275.1118	66.58023	5.9983873	-275.4169	15.778972	0.06641698	0.000119487595	5395.605313062668
110	3847.155	89.8854	3990.5115	3725.65	3479.2017	965.2986	3954.7776	315.64282	1000.0	917.8	549999	275.8553	66.74927	275.8553	66.7523	5.99724	-276.15906	15.393661	0.066268556	0.00019315872	5445.220362186432
111	3857.4321	73.73947	3994.56	3778.7559	2328.566	1802.9304	4293.777	186.67474	1000.0	584.7	554999	276.58676	67.101585	276.58636	67.10412	6.007344	-276.89304	15.432425	0.06548889	-0.00047501823	5494.980320692062
112	3932.909	27.970816	3975.559	3897.2656	3885.7222	33.055206	3946.463	3811.4548	1000.0	1000.0	559999	277.4904	67.29166	277.4903	67.29187	5.995732	-277.79672	14.974901	0.06542819	0.0002958983	5544.627773761749
113	3914.397	21.45736	3935.7979	3875.0542	3627.1804	737.35254	4064.687	429.05832	1000.0	957.15	564999	278.55386	67.069916	278.5537	67.07148	5.9978256	-278.8438	15.1915655	0.065600894	0.00015344958	5595.098099470139
114	3932.7573	83.50374	4027.8926	3806.1697	3942.5093	92.17816	4068.4058	3760.7864	1000.0	1000.0	569999	279.54114	67.041176	279.54086	67.044136	5.997637	-279.8422	14.7675	0.065131724	0.0001666057	5647.109561681747
115	4015.268	49.7059	4092.7617	3947.624	3988.065	36.232674	4076.165	3937.9294	1000.0	1000.0	574999	280.92206	66.93647	280.9217	66.93647	5.998167	-281.21695	14.926004	0.06397073	0.0001288229	5698.070968866348
116	3988.8972	34.42871	4029.487	3926.401	3692.2505	1022.9236	4151.057	578.3782	1000.0	917.75	579999	282.1902	67.2527	282.1899	67.25469	6.0005054	-282.4795	14.600753	0.06398977	-1.9145942e-05	5747.440163135529
117	3504.003	1095.0096	4123.787	1060.9011	4027.5051	29.613916	4067.1738	3943.7476	878.1667	1000.0	584999	283.28766	67.47066	283.2876	67.47178	5.9984136	-283.5795	14.779334	0.06492886	0.000115550116	5797.062742948532
118	3914.3562	122.41732	4062.5605	3692.0461	4053.786	45.708908	4114.7764	3944.4595	1000.0	1000.0	589999	284.44263	67.58007	284.4424	67.58226	6.0091014	-284.7418	14.801944	0.06490493	-0.00058066036	5846.3402354717255
119	3984.685	75.20641	4061.5752	3849.5425	3990.977	16.778471	4018.653	3945.8423	1000.0	1000.0	594999	285.51956	67.54603	285.51917	67.549805	5.994776	-285.8122	14.574926	0.06503464	0.0003554623	5897.522909641266
120	3389.1726	1427.2291	4092.0242	198.56606	3775.7683	835.9594	4058.43	140.19377	847.8333	953.8	599999	286.25543	67.72466	286.2553	67.72759	5.999206	-286.53943	14.333906	0.06493913	6.274365e-05	5949.202813863754
121	3965.5977	65.35141	4012.2002	3837.0088	3921.8855	21.165129	3959.674	3881.4285	1000.0	1000.0	604999	287.45776	67.7605	287.45746	67.763176	5.9881597	-287.7422	14.510206	0.06449077	0.00075956987	5999.584339380264
122	4037.9624	59.363655	4119.201	3968.1506	4171.7954	97.9231	4452.531	4104.473	1000.0	1000.0	609999	288.5006	68.03795	288.50067	68.0419	6.013457	-288.792	14.474668	0.06313492	-0.00084076583	6049.2593405246735
123	3375.3098	1444.3319	4146.0093	151.40532	3983.2847	20.389267	4006.9111	3910.0754	845.6667	1000.0	614999	289.48117	68.028336	289.4806	68.0301	5.997181	-289.75766	14.364925	0.064577065	0.00019873159	6098.918698549271
124	4004.6472	107.85338	4123.189	3874.846	3830.7065	82.494484	3926.742	3673.9282	1000.0	1000.0	619999	290.30325	68.29326	290.30316	68.29601	6.0029473	-290.56595	14.204307	0.06454951	-0.00017911344	6148.2378532886505
125	4020.482	109.77816	4222.596	3922.1287	3987.4282	49.283745	4073.6785	3913.0205	1000.0	1000.0	624999	290.96292	68.66749	290.96304	68.67005	5.9918303	-291.2247	14.251995	0.06390091	0.00053973665	6200.24010515213
126	4012.8274	140.14447	4225.2705	3817.3535	4160.4556	34.10415	4233.407	4108.468	1000.0	1000.0	629999	291.77502	68.868965	291.77512	68.86927	6.0104327	-292.0385	14.263163	0.06401749	-0.0006627082	6252.266107559204
127	3455.592	1443.324	4140.5386	228.65825	4127.1855	68.83117	4193.477	3938.1409	848.6667	1000.0	634999	292.7377	68.801056	292.7377	68.80421	5.9918556	-292.9917	13.961983	0.06486569	0.00054352445	6302.083562850952
128	4126.6377	50.41486	4199.2173	4047.5103	4162.902	23.575214	4190.087	4105.028	1000.0	1000.0	639999	293.5332	69.11321	293.53326	69.11563	5.9981346	-293.78455	14.156446	0.06428056	0.00013429181	6351.708544492722
129	4093.4172	83.12045	4200.7925	3961.5935	4077.5762	62.18767	4171.621	3936.6787	1000.0	1000.0	644999	294.58636	69.23365	294.58633	69.236336	6.001478	-294.8465	13.956894	0.06373541	-8.24849e-05	6401.152394771576
130	4092.4265	55.88729	4159.6973	3999.0073	1913.4021	270.57925	2495.1528	1458.6122	1000.0	468.15	649999	295.58807	69.217316	295.588	69.219315	6.0038843	-295.8359	14.342969	0.06493362	-0.0002389296	6449.8155834674835
131	3628.0894	801.80084	4118.601	2033.6428	3876.2114	658.06464	4200.251	1985.2429	901.0	938.5	654999	296.41486	69.683334	296.41446	69.68409	6.002457	-296.6625	13.892706	0.06525557	-0.00015034767	6501.857812404633
132	3980.0103	135.40309	4154.723	3754.2212	3920.2153	41.943497	4010.402	3839.764	1000.0	1000.0	659999	297.09894	69.733604	297.0988	69.73633	5.9958754	-297.3236	13.916825	0.065248184	0.00028253454	6552.976306438446
133	3992.5789	95.81533	4111.076	3874.8367	4169.5293	9.207226	4185.8145	4157.273	1000.0	1000.0	664999	297.63156	69.97578	297.63153	69.97807	5.9999866	-297.86502	14.157778	0.06534372	1.6304517e-05	6601.510116815567
134	4060.984	36.59474	4103.1724	3999.5212	4042.4907	50.670376	4094.038	3925.8528	1000.0	1000.0	669999	298.43134	69.41864	298.43103	69.420044	6.0019455	-298.6652	14.024257	0.06541649	-0.00011351254	6656.2135190963745
135	3997.1238	89.73419	4131.355	3894.443	4222.2734	23.167011	4246.6694	4143.0327	1000.0	1000.0	674999	299.60364	69.15502	299.604	69.15683	5.9919424	-299.8404	13.565153	0.06375073	0.0005275859	6710.364908456802
136	4113.497	43.708553	4174.134	4038.4863	4123.4326	11.288689	4150.8975	4106.742	1000.0	1000.0	679999	300.59866	69.61104	300.59827	69.61345	6.006277	-300.8276	13.71675	0.06383054	-0.00038843864	6764.570662498474
137	4062.7876	54.66014	4101.562	3955.5298	4123.9346	12.353236	4140.776	4092.433	1000.0	1000.0	684999	301.00595	69.85668	301.00598	69.8575	5.999481	-301.22397	13.85891	0.06532766	4.8522605e-05	6818.633954048157
138	4115.091	119.40113	4301.8657	3960.8757	4122.888	12.812623	4159.266	4106.9414	1000.0	1000.0	689999	301.87448	69.81698	301.8744	69.817764	6.0033846	-302.1132	13.567808	0.06377497	-0.00020807028	6868.035248756409
139	4066.738	242.97537	4309.38	3567.4458	3541.812	776.4437	4365.3066	1971.9036	974.1667	833.35	694999	302.92184	69.67049	302.9214	69.6731	5.99584	-303.157	13.514672	0.06386232	0.00028478698	6921.721216440201
140	4182.726	34.31811	4228.382	4132.962	4094.4453	41.721516	4161.379	4000.0469	1000.0	1000.0	699999	303.88522	69.93296	303.8853	69.936386	5.9913416	-304.11276	13.279696	0.06380998	0.00055701274	6975.263347148895
141	4150.643	120.322525	4277.6885	3935.374	2787.3364	720.34235	4391.0425	1937.834	1000.0	649.25	704999	304.91425	70.18881	304.9142	70.19168	6.001583	-305.1639	13.392091	0.06276214	-8.8039254e-05	7028.092042922974
142	4157.5654	72.69223	4258.717	4050.1072	4211.0864	37.758266	4271.216	4149.7217	1000.0	1000.0	709999	305.974	70.54889	305.9735	70.55191	5.9986277	-306.19836	13.507058	0.06386048	9.954777e-05	7078.532924175262
143	3801.1348	652.4276	4184.189	2498.8376	4137.1934	67.68637	4232.749	4002.2532	922.4	1000.0	714999	307.0516	70.53657	307.05118	70.538765	6.0063505	-307.26602	13.373122	0.06267873	-0.0003864113	7128.0024337768555
144	4207.1597	57.466225	4272.086	4128.4194	4196.051	23.971405	4244.6133	4155.9062	1000.0	1000.0	719999	307.8502	70.5731	307.85013	70.573944	5.9934278	-308.06314	13.416135	0.06360827	0.0004262538	7177.48647069931
145	4205.884	58.139744	4287.642	4114.7573	4244.025	12.958403	4261.98	4214.041	1000.0	1000.0	724999	309.09885	70.15514	309.09872	70.15666	5.998608	-309.3494	13.292952	0.061355513	9.788845e-05	7227.401255607605
146	4179.818	74.70708	4246.974	4044.6382	4159.2217	33.818676	4197.591	4093.9124	1000.0	1000.0	729999	310.2323	70.22546	310.2321	70.22776	6.005303	-310.44986	13.4280205	0.063183546	-0.000314692	7279.4181525707245
147	4166.577	34.335144	4227.7188	4124.62	4130.629	8.962391	4143.574	4112.2104	1000.0	1000.0	734999	310.6863	70.39894	310.68646	70.40037	5.99802	-310.9071	13.120225	0.062822476	0.00013577574	7330.632110834122
148	4151.0312	66.73677	4238.929	4059.235	4299.28	25.010002	4343.328	4261.36	1000.0	1000.0	739999	311.4447	70.14129	311.4445	70.144516	5.9987397	-311.6597	13.0285845	0.061955053	9.314277e-05	7379.914309024811
149	4161.749	55.150898	4231.6436	4068.648	4309.591	46.926197	4380.9233	4220.8364	1000.0	1000.0	744999	312.19614	70.12648	312.19583	70.125465	6.0046673	-312.4051	13.144282	0.062791966	-0.0002795693	7429.00726723671
150	4228.7217	57.32697	4306.592	4158.158	4243.3125	9.498646	4265.288	4225.758	1000.0	1000.0	749999	313.0835	70.3353	313.08316	70.338875	5.9910274	-313.30316	13.072922	0.061632056	0.0005691561	7478.262335300446
151	4220.4805	63.581055	4288.1978	4111.073	4273.2617	41.453815	4355.045	4182.0103	1000.0	1000.0	754999	314.06805	70.35999	314.06802	70.36118	6.011197	-314.28787	13.026472	0.06201084	-0.00068506907	7530.123708248138
152	4215.642	50.73168	4283.8413	4136.8145	4203.962	11.953959	4238.257	4188.982	1000.0	1000.0	759999	314.85898	70.14075	314.85873	70.1442	5.9955006	-315.08124	13.026874	0.062340386	0.0002998883	7582.03054523468
153	4200.773	35.64557	4230.7715	4136.6987	4174.772	78.63627	4325.038	4042.3684	1000.0	1000.0	764999	315.63202	70.554695	315.63193	70.55692	6.00184	-315.8385	12.9270315	0.06364707	-0.00010457387	7631.354149580002
154	4230.022	118.14703	4356.1533	4037.2532	4255.311	21.678062	4325.403	4223.0396	1000.0	1000.0	769999	316.78464	70.31753	316.78458	70.31663	5.9967	-317.03156	12.870213	0.06141	0.00021984873	7680.444046974182
155	4221.91	63.596363	4298.7197	4134.7856	4288.803	17.813627	4321.4067	4253.028	1000.0	1000.0	774999	317.7981	70.346146	317.7979	70.35014	5.997586	-318.0256	12.894766	0.06191914	0.00016320724	7729.7242522239685
156	4270.7085	65.53022	4350.4883	4172.827	4269.527	19.035305	4315.2173	4244.7817	1000.0	1000.0	779999	318.7275	70.1741	318.72723	70.17697	5.998883	-318.95667	12.671313	0.062248375	8.2072314e-05	7780.853918790817
157	4192.3467	63.848515	4316.607	4138.7036	4293.4097	34.455242	4373.0557	4220.2876	1000.0	1000.0	784999	319.5345	70.140656	319.53436	70.142975	5.9990954	-319.75552	12.735022	0.062582605	6.935196e-05	7832.6882700920105
158	4231.4185	60.282997	4305.631	4138.7324	4278.3877	24.349953	4326.95	4238.029	1000.0	1000.0	789999	320.31418	69.981186	320.31415	69.983376	6.0116353	-320.52814	12.298044	0.061932664	-0.0007188108	7882.573050022125
159	4292.4863	52.97918	4369.0493	4205.6934	4247.7856	46.7716	4414.625	4203.704	1000.0	1000.0	794999	320.68845	70.01748	320.68826	70.018814	5.990586	-320.8795	12.623161	0.06312093	0.0006058011	7931.77781867981
160	4299.149	72.15253	4388.9897	4198.6187	4238.357	48.59033	4335.933	4162.3657	1000.0	1000.0	799999	321.4929	70.050644	321.49268	70.054214	6.006474	-321.71646	12.497333	0.06204253	-0.0003905288	7981.125072956085
161	4262.074	119.00933	4389.5444	4056.556	4441.7163	50.511856	4564.2026	4370.183	1000.0	1000.0	804999	322.0471	70.277985	322.04718	70.27909	5.9943194	-322.23535	12.541072	0.061965782	0.00036797157	8031.669951438904
162	4314.123	17.862452	4335.199	4283.128	4453.421	43.62427	4560.6816	4354.576	1000.0	1000.0	809999	322.59277	70.45795	322.5923	70.461334	6.000922	-322.8001	12.570931	0.06261439	-4.497938e-05	8083.522875070572
163	4277.54	26.996706	4313.107	4245.3203	4279.37	77.112434	4409.3745	4162.2188	1000.0	1000.0	814999	323.5696	70.47722	323.5695	70.48075	6.004276	-323.7881	12.4030905	0.0616135	-0.00025357102	8134.033315658569
164	4300.726	82.30384	4399.8457	4186.531	4279.8687	39.043934	4371.5786	4213.7686	1000.0	1000.0	819999	324.21136	70.25543	324.21094	70.26013	5.9982195	-324.40823	12.276066	0.06271846	0.00012477556	8183.277704000473
165	4335.7275	61.208393	4419.4277	4266.9717	4036.525	532.2365	4535.3164	2871.7625	1000.0	935.1	824999	324.78735	70.22026	324.7872	70.224014	5.998316	-324.98196	12.127773	0.061706543	0.00011703954	8232.676827907562
166	4199.9756	162.2676	4335.9707	3896.446	4437.462	49.402935	4566.751	4323.4365	983.0	1000.0	829999	325.59326	70.34535	325.59308	70.34923	5.9952593	-325.79797	12.219709	0.061616484	0.00030210978	8282.5042386055
167	4318.3535	59.450695	4388.2505	4242.189	4305.9	37.58157	4370.2056	4238.584	1000.0	1000.0	834999	326.41833	70.32311	326.4179	70.32622	6.0024967	-326.60916	12.237799	0.061552648	-0.00013682089	8334.335879325867
168	4365.4067	56.21793	4439.1733	4282.1206	4338.007	21.480894	4374.2603	4288.021	1000.0	1000.0	839999	326.91803	70.564896	326.9181	70.56877	6.001347	-327.10986	12.039888	0.06191676	-7.1839e-05	8385.600672483444
169	4306.794	75.323296	4412.796	4196.2646	4361.8413	42.214165	4444.933	4293.0435	1000.0	1000.0	844999	327.70163	70.58738	327.7014	70.5906	5.99931	-327.9064	12.019999	0.060551398	5.4712058e-05	8434.693380355835
170	4299.0166	36.833244	4337.3604	4231.1055	4383.0264	39.39784	4457.861	4311.4785	1000.0	1000.0	849999	328.38895	70.57964	328.389	70.5812	6.00199	-328.57275	12.044979	0.06207467	-0.000111766814	8483.817677259445
171	4387.822	35.613037	4438.055	4332.9473	4299.711	48.699814	4359.9526	4176.764	1000.0	998.6	854999	329.09174	70.4749	329.09174	70.47694	5.9904838	-329.2862	12.041146	0.059918836	0.0005872183	8533.098645210266
172	4324.089	37.226868	4376.113	4271.697	4419.7344	57.226116	4536.5337	4340.7456	1000.0	1000.0	859999	329.78284	70.25004	329.78284	70.25252	6.0060306	-329.9724	11.970797	0.061400075	-0.0003474393	8584.919528245926
173	4320.5034	43.643948	4400.678	4277.236	4344.975	45.532017	4430.86	4270.4263	1000.0	1000.0	864999	330.40475	70.46584	330.40482	70.471405	5.99734	-330.6104	12.146578	0.06061614	0.00017445297	8636.31556224823
174	4275.698	65.8596	4366.3047	4175.7754	4332.5063	29.025282	4381.3906	4265.9644	1000.0	1000.0	869999	331.50146	70.1496	331.50143	70.15371	5.993105	-331.71573	11.814236	0.06022012	0.0004235426	8685.473703861237
175	4272.0747	93.01829	4402.357	4161.262	4331.666	20.743776	4372.7114	4286.3345	1000.0	1000.0	874999	332.34647	70.03815	332.3463	70.041466	6.0045304	-332.53754	12.014069	0.059667297	-0.00025673307	8734.52182507515
176	4353.492	43.122154	4404.734	4304.4834	4288.0664	18.594955	4330.411	4252.0293	1000.0	1000.0	879999	332.73447	70.22288	332.73462	70.22538	6.0046816	-332.91443	11.850116	0.060932398	-0.00026805757	8783.701548337936
177	4327.4814	54.29666	4394.9766	4273.5415	4473.1357	18.63354	4500.531	4429.4795	1000.0	1000.0	884999	333.06534	70.15596	333.06534	70.15825	6.002881	-333.2496	11.843733	0.060903896	-0.00016235578	8835.469102859497
178	4367.3574	44.36585	4412.9097	4305.9194	4382.6465	21.430052	4426.5527	4346.524	1000.0	1000.0	889999	333.6993	69.976395	333.69888	69.97875	5.995044	-333.89987	11.778616	0.06078174	0.00031415926	8887.232976675034
179	4326.047	47.007256	4391.349	4268.1973	4313.8545	17.392305	4337.2017	4284.0933	1000.0	1000.0	894999	334.50052	69.789604	334.50034	69.79316	6.0022297	-334.68924	11.643438	0.06093778	-0.00012180827	8936.317104816437
180	4310.9077	20.452238	4340.937	4286.0938	4292.718	32.03319	4353.13	4245.012	1000.0	1000.0	899999	335.11395	69.55939	335.11407	69.561165	5.9978456	-335.29697	11.65708	0.061145604	0.00014399648	8985.382735490799
181	4173.8877	269.46466	4349.751	3640.8342	4288.8545	28.001926	4327.527	4223.3745	969.2	1000.0	904999	335.7003	69.42883	335.7003	69.42811	6.0020823	-335.87762	11.650561	0.06156339	-0.00011486616	9034.462496995926
182	4339.2646	57.90039	4412.6733	4241.405	4353.2993	20.604303	4395.0923	4320.148	1000.0	1000.0	909999	336.35733	69.47484	336.35715	69.47755	5.9912825	-336.5354	11.366277	0.059280187	0.00053020456	9085.876499652863
183	4315.7163	34.886475	4359.8203	4263.063	4247.5005	22.725954	4299.3496	4207.8096	1000.0	1000.0	914999	336.7719	69.734474	336.77182	69.73844	6.004078	-336.9395	11.384698	0.06014837	-0.0002285954	9137.642331838608
184	4344.079	51.246437	4420.561	4265.3774	4342.575	20.637642	4389.1636	4300.6826	1000.0	1000.0	919999	336.90552	70.014305	336.90506	70.01828	6.002627	-337.0569	11.412042	0.061039183	-0.0001450056	9187.027044534683
185	4271.95	54.1111	4362.647	4196.576	4336.3145	25.52299	4401.5327	4273.0195	1000.0	1000.0	924999	336.99533	70.25922	336.99524	70.26347	6.0008745	-337.1464	11.329005	0.060093187	-4.025998e-05	9236.209203481674
186	4300.3403	50.10983	4384.48	4232.47	4456.191	14.830687	4479.6914	4415.0723	1000.0	1000.0	929999	337.49515	70.289696	337.49512	70.29134	5.998046	-337.6683	11.36395	0.059378203	0.00012765545	9285.325442314148
187	4304.5063	54.885372	4390.226	4253.849	4428.716	22.703337	4469.332	4392.957	1000.0	1000.0	934999	338.03976	70.23909	338.03998	70.23949	5.9938483	-338.21136	11.381863	0.05988028	0.000376017	9336.343585729599
188	4312.6133	73.36128	4414.5005	4201.5635	4441.12	30.105133	4482.5415	4365.5244	1000.0	1000.0	939999	338.8611	70.16536	338.86133	70.16531	6.0006824	-339.03705	11.270052	0.05901139	-2.4534702e-05	9388.212944030762
189	4375.063	60.025852	4487.3125	4317.268	4438.813	43.738426	4529.429	4364.755	1000.0	1000.0	944999	340.0634	69.82595	340.0631	69.83047	6.0013213	-340.2486	11.009694	0.058192573	-6.690033e-05	9437.957307815552
190	4398.536	53.18678	4485.093	4322.4565	4539.3853	44.62863	4635.3394	4448.603	1000.0	1000.0	949999	340.76254	70.37698	340.7627	70.377754	6.00044	-340.92758	10.938064	0.05877241	-1.5990543e-05	9487.22599697113
191	4394.9756	36.471626	4454.4336	4360.984	4450.6606	21.39391	4494.87	4420.243	1000.0	1000.0	954999	341.10147	70.49059	341.10147	70.49597	6.0021224	-341.27005	11.11926	0.058916774	-0.00011059821	9536.264104127884
192	4353.8447	60.675148	4460.835	4275.592	4271.6772	16.296663	4294.699	4239.705	1000.0	1000.0	959999	341.5722	70.46939	341.57227	70.47034	6.001425	-341.7228	11.070301	0.060010828	-7.21298e-05	9586.89957165718
193	4397.616	36.30671	4455.355	4342.353	4436.711	15.206833	4462.165	4401.291	1000.0	1000.0	964999	341.93176	70.43767	341.9317	70.441025	5.9938784	-342.09396	10.829338	0.058698975	0.0003707249	9638.732688426971
194	4373.3735	40.302742	4438.874	4324.3066	4491.076	69.71571	4635.055	4331.4546	1000.0	1000.0	969999	342.5511	70.39545	342.55103	70.39579	6.0119185	-342.7025	11.053014	0.059910767	-0.0007026922	9688.807082176208
195	4403.837	89.952835	4539.381	4288.4146	4362.4824	35.889538	4421.3267	4315.6147	1000.0	1000.0	974999	342.6121	70.65501	342.6121	70.65851	5.995716	-342.74973	10.865898	0.06059921	0.00027507712	9738.11565375328
196	4430.5	66.03265	4491.9155	4302.061	4368.6396	14.76836	4392.273	4335.229	1000.0	1000.0	979999	342.9604	70.75625	342.96045	70.7584	5.995014	-343.10968	10.940996	0.059889954	0.00030990038	9787.30931353569
197	4418.8945	35.27699	4462.214	4366.3735	4356.5303	20.659904	4394.7544	4323.502	1000.0	1000.0	984999	343.67926	70.40912	343.67938	70.412	6.0031796	-343.8258	11.011618	0.059638195	-0.00017447019	9837.537334442139
198	4407.286	76.214096	4481.08	4265.4233	4474.064	54.353382	4569.3384	4369.4985	1000.0	1000.0	989999	344.2328	70.48946	344.2328	70.4922	5.9969645	-344.39145	10.831813	0.06038642	0.0001959866	9889.346673727036
199	4402.104	35.349323	4467.0386	4369.423	4466.5513	18.352089	4501.036	4438.1694	1000.0	1000.0	994999	344.9097	70.54894	344.90982	70.552025	6.0021276	-345.07593	10.919279	0.058152508	-0.00011451531	9939.923048496246
200	4431.2915	104.539734	4532.851	4239.6104	4456.364	18.293447	4494.637	4425.0356	1000.0	1000.0	999999	345.75574	70.45648	345.7555	70.45839	6.009028	-345.91086	10.775142	0.05982627	-0.0005384511	9989.243727684021
