Epoch	AverageEpRet	StdEpRet	MaxEpRet	MinEpRet	EpLen	AverageVVals	StdVVals	MaxVVals	MinVVals	TotalEnvInteracts	PolicyLoss	ValueLoss	Entropy	AvgKL	StopIter
1	-299.8578	33.48331	-259.81464	-360.98276	1000.0	-0.79134864	0.45310065	0.4368754	-3.2459254	5000	-0.11624236	151.42798	2.27104	0.01868315	79.0
2	-296.43402	20.53688	-269.94528	-327.7608	1000.0	-25.40274	6.685028	-1.9493407	-50.06598	10000	-0.11450423	123.446724	2.2684677	0.010612355	79.0
3	-178.08936	62.758923	-93.61848	-275.79977	1000.0	-27.392519	6.699229	-5.3868465	-62.955505	15000	-0.115112856	102.55441	2.2464168	0.009036746	79.0
4	-176.4126	33.02499	-123.80096	-226.32948	1000.0	-18.10898	3.997416	-5.050052	-34.53743	20000	-0.11649321	115.95616	2.2282484	0.011711731	79.0
5	-124.271194	33.66072	-77.34153	-170.98495	1000.0	-16.372013	3.9276497	-4.6470532	-32.00974	25000	-0.117939524	79.13837	2.1879017	0.017087592	79.0
6	-63.03488	42.068024	-12.723309	-134.21805	1000.0	-12.4863205	3.64283	-2.3888173	-32.54223	30000	-0.12100145	69.5312	2.160716	0.02070932	79.0
7	-37.792828	40.36011	15.381463	-93.6109	1000.0	-6.9057374	2.5154858	-0.7411057	-16.4111	35000	-0.121445045	88.42361	2.1263485	0.023667865	79.0
8	-52.73941	65.396904	48.14293	-129.11948	1000.0	-5.02903	4.4768324	2.5022345	-35.437733	40000	-0.11516223	69.91601	2.0896168	0.026441632	79.0
9	25.522009	44.51912	71.49926	-50.46249	1000.0	-4.596954	6.7233963	6.359907	-34.498535	45000	-0.12389546	63.52507	2.0398548	0.026854327	79.0
10	21.16473	24.440493	45.42433	-23.29775	1000.0	2.0394523	5.886334	13.719149	-22.560526	50000	-0.12102258	63.8295	1.9981977	0.035204023	79.0
11	48.905693	33.0925	103.116974	0.4732381	1000.0	3.5149796	4.895783	14.433695	-19.013273	55000	-0.12405808	60.286774	1.9427447	0.036692232	79.0
12	101.05281	43.486065	187.19966	71.38683	1000.0	4.851421	4.8138795	16.034567	-17.056885	60000	-0.13052152	73.705414	1.8786438	0.040520195	79.0
13	154.59212	34.64058	214.68622	119.419	1000.0	11.302257	3.6513984	24.942669	-5.3018184	65000	-0.12516466	60.7828	1.8465371	0.03508381	79.0
14	209.46536	42.387165	257.84222	135.00037	1000.0	15.546897	4.7922087	27.01992	-17.482138	70000	-0.12703316	69.141914	1.7803903	0.036719106	79.0
15	162.58253	119.87118	318.77948	2.7891471	1000.0	14.401572	11.082267	35.560726	-12.6860285	75000	-0.12951405	62.205105	1.7253549	0.056260694	79.0
16	140.78677	89.181656	239.15886	27.856483	1000.0	12.423813	16.379162	39.820915	-14.182934	80000	-0.12041573	55.8812	1.6838063	0.036582984	79.0
17	74.7939	109.47232	243.6921	-28.366755	1000.0	6.009866	16.441809	39.615208	-13.822312	85000	-0.11427376	33.826176	1.67031	0.019556388	79.0
18	165.75314	163.88246	362.00314	-44.105087	1000.0	11.434604	14.658458	36.405457	-12.05529	90000	-0.11980432	79.7706	1.6028441	0.03545429	79.0
19	309.46417	56.183796	395.8212	225.23009	1000.0	26.7914	10.331217	47.685696	-8.300674	95000	-0.12603135	110.98488	1.4812663	0.037359785	79.0
20	286.79105	104.15573	428.9609	132.76437	1000.0	25.941185	14.397298	54.224472	-2.8120215	100000	-0.124957375	130.55383	1.4187878	0.04682423	79.0
21	225.61699	160.92355	498.39368	86.38724	1000.0	22.515396	19.717852	56.791466	-8.289994	105000	-0.11738347	113.47658	1.3783283	0.049842473	79.0
22	348.09702	129.69244	473.0578	160.02913	1000.0	29.464766	17.76524	55.852417	-9.75063	110000	-0.124703415	114.7674	1.2932888	0.050227914	79.0
23	359.89832	182.96695	535.7162	48.50681	1000.0	33.881405	20.74706	64.69291	-10.109356	115000	-0.12116486	114.85364	1.2433473	0.036209162	79.0
24	248.8529	188.36725	526.17847	-14.236088	1000.0	21.837435	30.279928	65.25675	-39.775867	120000	-0.10685001	99.33405	1.1977705	0.026276972	79.0
25	500.45303	92.28921	660.6357	414.63257	1000.0	44.66249	8.448631	61.758255	-3.9097848	125000	-0.124923624	157.42737	1.0769244	0.049134035	79.0
26	334.91333	223.16634	681.2827	80.95461	1000.0	33.449425	21.436579	73.99546	3.662977	130000	-0.1269692	215.25752	1.1025993	0.06189773	79.0
27	383.97528	185.76564	621.3774	146.83946	1000.0	40.769783	26.99569	80.59188	-9.023237	135000	-0.11558242	116.14979	1.0149251	0.03284966	79.0
28	322.61697	266.58197	696.0058	29.849497	1000.0	25.695877	29.901861	69.029564	-38.29026	140000	-0.10859487	120.36394	1.003277	0.03394937	79.0
29	426.46597	211.29352	702.93945	228.18771	1000.0	37.301987	27.732267	74.892105	-12.617779	145000	-0.11648801	167.91174	0.90139425	0.038327653	79.0
30	242.25288	194.58038	451.65164	6.237697	1000.0	20.760447	29.325655	76.53678	-7.917888	150000	-0.10275546	117.62958	0.9426629	0.021946391	79.0
31	405.80786	159.14737	617.1799	199.4001	1000.0	41.52845	29.980556	83.53022	-8.476842	155000	-0.11377785	111.121376	0.80596584	0.030117834	79.0
32	305.21988	283.94385	771.17883	-92.48151	1000.0	22.920244	33.801373	76.08581	-37.504284	160000	-0.11081443	185.2387	0.73871243	0.03984018	79.0
33	481.3942	157.97382	644.54047	199.22816	1000.0	42.495888	31.409815	92.199265	-7.2649045	165000	-0.10920681	175.54663	0.6905689	0.030143304	79.0
34	437.7443	298.2844	786.5761	35.65827	1000.0	39.59111	30.233816	83.385506	-3.3773744	170000	-0.118812375	154.84407	0.64643776	0.05688881	79.0
35	524.13104	144.19234	738.1351	292.73013	1000.0	49.410618	32.929993	90.086395	-8.703612	175000	-0.111512125	194.72173	0.559099	0.036994237	79.0
36	513.4564	247.88396	748.932	183.3149	1000.0	51.945267	29.48158	93.14326	-0.6270946	180000	-0.11977013	166.91382	0.51111937	0.042452063	79.0
37	564.4981	177.9898	834.686	353.50293	1000.0	49.24203	32.49501	90.24472	-7.7459993	185000	-0.11372515	196.23848	0.46161583	0.038061116	79.0
38	351.26685	145.36406	590.8968	187.04425	1000.0	34.018536	36.829453	101.48767	-10.138128	190000	-0.103430934	231.42418	0.50465846	0.01936991	79.0
39	644.6612	167.70593	872.0223	421.95352	1000.0	52.19876	27.98555	95.89525	-12.106407	195000	-0.12081909	234.49245	0.31143075	0.05245271	79.0
40	474.0499	237.75922	833.9609	128.94759	1000.0	50.778873	35.72978	100.85222	2.031574	200000	-0.112374574	210.8492	0.32118157	0.041090995	79.0
41	740.97797	327.30463	1128.0122	357.7808	1000.0	57.710976	36.190483	106.12585	-31.364782	205000	-0.12465607	400.01895	0.103567526	0.057600603	79.0
42	279.18573	186.4997	619.99225	83.70799	1000.0	32.955395	38.173176	121.310974	-0.6909406	210000	-0.10075907	135.16708	0.2913504	0.004510289	79.0
43	456.38638	199.12921	781.03754	233.55185	1000.0	33.95698	31.645597	93.74229	-0.13533318	215000	-0.11067884	278.87936	0.20933843	0.07532683	66.0
44	573.0745	303.44525	995.1642	105.44558	1000.0	51.43635	35.66247	107.75948	-2.7031248	220000	-0.11889817	262.2852	0.10654583	0.051827587	79.0
45	540.01526	226.10713	751.758	208.11682	1000.0	51.24057	38.739025	119.40481	-0.20608814	225000	-0.10857461	214.8694	0.04906903	0.03239511	79.0
46	357.30203	235.49066	720.3213	94.23515	1000.0	36.913467	37.172615	105.59763	-0.01968804	230000	-0.10055709	169.95084	0.07011157	0.013126013	79.0
47	617.87256	343.0453	1057.4296	194.0811	1000.0	46.73435	36.170567	100.516335	-1.9669218	235000	-0.11054414	250.02345	-0.07755098	0.07625089	59.0
48	533.1597	277.81702	1001.62604	171.02615	1000.0	50.78543	41.63123	119.26374	-0.7746414	240000	-0.10758647	255.2792	-0.10663457	0.06694581	79.0
49	844.8638	182.52025	1055.2083	586.39014	1000.0	73.357765	34.2142	115.821396	1.1566992	245000	-0.115923695	355.6895	-0.3290496	0.053661305	79.0
50	752.7493	278.609	974.9923	264.82343	1000.0	72.547714	40.332012	130.85977	-0.028924897	250000	-0.11143672	256.8761	-0.36234197	0.032958996	79.0
51	710.18	284.5998	996.4929	194.98807	1000.0	67.817566	41.519035	125.68685	-1.3204333	255000	-0.11190591	313.77823	-0.39378107	0.03959286	79.0
52	850.4984	231.93439	1047.9832	417.23553	1000.0	79.68004	34.20522	126.91044	7.5915523	260000	-0.11573296	250.82835	-0.54491526	0.06940759	79.0
53	692.5817	272.76132	1153.4928	372.5782	1000.0	63.314487	43.6372	134.85025	-0.99134386	265000	-0.10878555	386.0836	-0.5316157	0.027505325	79.0
54	1064.405	221.44496	1280.4274	643.9036	1000.0	91.057014	22.936472	125.66854	7.2074714	270000	-0.10228071	295.16177	-0.70040315	0.08443883	43.0
55	760.0369	283.7056	1068.6575	237.22481	1000.0	81.96905	42.471703	149.92552	8.989446	275000	-0.10907539	325.73187	-0.67358536	0.041967772	79.0
56	681.55194	212.86507	1027.5979	360.60257	1000.0	63.058487	42.65029	120.66545	2.1092522	280000	-0.10959495	429.36755	-0.7193562	0.05647464	79.0
57	901.1439	240.05414	1152.6447	470.39862	1000.0	83.51465	36.79554	133.12503	7.249558	285000	-0.11821779	282.98444	-0.8305441	0.05045373	79.0
58	765.06995	388.51077	1214.4264	194.59914	1000.0	70.96098	43.89639	132.34328	3.0120196	290000	-0.11137488	334.8857	-0.879133	0.049847383	79.0
59	832.97595	366.33603	1235.9956	348.08096	1000.0	75.608665	43.78008	135.6778	3.0226097	295000	-0.116026014	442.5378	-0.9676396	0.066720046	79.0
60	944.1251	351.56952	1292.5679	441.7437	1000.0	92.14099	42.17227	147.49916	-7.1480827	300000	-0.107840836	303.50525	-1.0961468	0.07575983	49.0
61	1136.0149	138.80046	1285.1144	921.3734	1000.0	106.88271	33.3319	151.51633	2.484758	305000	-0.04064382	350.27917	-1.120027	0.07663235	11.0
62	549.64813	337.75424	917.7238	141.17969	1000.0	72.702675	45.46922	145.20232	11.553278	310000	-0.037755188	353.79175	-1.0181184	0.0832198	8.0
63	1054.5258	263.1261	1329.0494	585.9606	1000.0	93.24671	35.29992	140.26442	10.485458	315000	-0.054739807	315.2755	-1.1292533	0.07742856	13.0
64	821.62823	473.37405	1409.7659	181.1463	1000.0	79.5491	53.16914	153.60239	4.55933	320000	-0.10413005	510.2525	-1.0946187	0.046737023	79.0
65	899.95215	395.336	1340.7385	198.26427	1000.0	90.223114	49.06025	155.28932	-12.2648535	325000	-0.10463478	393.1251	-1.1733378	0.06810556	79.0
66	808.3395	265.2373	1227.7578	446.37607	1000.0	79.8437	55.84762	154.88521	-19.80361	330000	-0.1097167	533.4546	-1.287009	0.051637623	79.0
67	1086.4949	240.93144	1371.4778	701.80414	1000.0	95.66723	42.070408	157.35359	3.8712475	335000	-0.11982043	496.56064	-1.3522803	0.05971798	79.0
68	1062.7657	377.28598	1427.5306	401.60132	1000.0	105.80335	42.38217	163.28981	23.270477	340000	-0.058965553	482.8253	-1.3804264	0.07554662	13.0
69	941.35956	541.6205	1565.7343	-51.75644	1000.0	94.774925	56.175755	164.75484	-18.437513	345000	-0.10977253	511.6031	-1.4743493	0.07598313	62.0
70	1217.7386	91.42184	1337.801	1117.038	1000.0	120.1871	28.213501	175.38446	4.0139365	350000	-0.08931123	328.16675	-1.5105246	0.07539069	30.0
71	1245.011	84.84485	1375.4344	1108.0338	1000.0	122.709076	19.942577	166.02762	43.64452	355000	-0.12049153	387.7854	-1.618849	0.04897666	79.0
72	813.0068	506.8207	1334.5331	-129.5625	1000.0	98.09215	43.26173	163.30522	22.631092	360000	-0.068671554	575.3432	-1.5709858	0.075086154	14.0
73	1096.2869	220.24849	1401.951	817.94244	1000.0	99.8798	42.314365	161.58665	3.168427	365000	-0.113531955	556.9837	-1.6311934	0.054733373	79.0
74	1142.824	340.12	1480.8815	588.229	1000.0	110.21877	38.53748	160.71135	21.049967	370000	-0.06185028	550.1763	-1.6545662	0.078099914	14.0
75	760.38135	465.48505	1293.4254	-8.933829	1000.0	85.52273	57.69886	165.56233	-15.290399	375000	-0.10857953	417.51538	-1.7059586	0.05748716	79.0
76	1135.6735	197.21687	1396.1116	790.36774	1000.0	104.121124	38.5231	150.64941	6.3453665	380000	-0.11551776	436.032	-1.7932175	0.04660406	79.0
77	967.8258	278.65356	1263.9934	568.03986	1000.0	88.94893	52.65536	154.22154	-19.28801	385000	-0.11126292	673.7905	-1.8443803	0.0653848	79.0
78	1202.3159	195.17043	1406.8557	922.17017	1000.0	114.379974	37.568573	165.62901	13.596741	390000	-0.10499573	482.44046	-1.9766635	0.07911893	77.0
79	855.0378	448.7225	1395.8726	237.58209	1000.0	95.037	52.21941	165.31857	-11.0518465	395000	0.04880496	509.4646	-1.8894994	0.14008726	1.0
80	1020.5661	368.79938	1464.6221	500.96655	1000.0	96.96136	47.467262	159.28125	13.496867	400000	0.046999644	375.13785	-1.892491	0.10268069	1.0
81	1170.6384	234.8893	1459.6125	785.67725	1000.0	117.33495	42.81888	165.75821	9.29879	405000	0.047777824	539.3998	-1.995634	0.09462612	1.0
82	1404.8955	61.780914	1489.5924	1324.5586	1000.0	131.36636	19.23715	169.82465	23.930529	410000	0.059597936	274.84756	-2.058228	0.10891462	1.0
83	1438.8665	71.42721	1540.0479	1350.4291	1000.0	141.10239	6.938637	169.61792	105.15272	415000	0.09390731	136.38345	-2.099084	0.18056126	1.0
84	1042.9436	396.51022	1433.5258	294.84885	1000.0	125.81062	34.089844	180.81134	47.399113	420000	0.05980999	485.4284	-2.0663562	0.11086355	1.0
85	1194.5336	121.09777	1361.7833	1002.1832	1000.0	121.53383	31.46308	172.32591	30.31831	425000	0.06569309	517.6006	-2.091185	0.14576072	1.0
86	1158.7493	248.74944	1540.8912	756.47363	1000.0	112.05715	37.874893	161.21123	18.518467	430000	0.022528952	585.5128	-2.117111	0.08507354	2.0
87	816.19995	447.91595	1267.2616	125.89453	1000.0	82.1582	63.536438	167.6508	-54.26932	435000	-0.11436168	560.89813	-2.1233413	0.043259647	79.0
88	970.9877	478.03482	1434.8364	309.64212	1000.0	93.309616	48.64825	163.65398	3.4010293	440000	-0.11946382	508.5387	-2.1739366	0.065367736	79.0
89	1360.0143	150.90308	1650.9602	1223.952	1000.0	126.681076	30.777393	172.93106	2.7443366	445000	-0.11650904	653.0873	-2.343757	0.050302204	79.0
90	1315.2747	218.04224	1587.0219	1008.4764	1000.0	131.5222	32.99669	181.38928	22.236708	450000	-0.026264166	481.4758	-2.3815982	0.08128315	6.0
91	1092.4807	544.3799	1426.2605	9.457891	1000.0	109.29131	64.1627	181.88263	-25.334179	455000	0.031582918	429.2599	-2.3673437	0.09488042	1.0
92	1065.4202	291.93124	1516.0455	609.8962	1000.0	112.527626	42.673615	171.91946	22.854658	460000	0.0023924003	657.73016	-2.289136	0.08069712	4.0
93	1379.3406	237.07628	1646.8568	1021.85693	1000.0	123.566765	41.749107	174.64868	-38.898464	465000	0.059273005	439.1233	-2.4104168	0.14302751	1.0
94	1085.1982	580.6292	1525.303	-62.387314	1000.0	108.258766	70.2358	175.6234	-45.145428	470000	0.008468224	532.7992	-2.3937283	0.076330595	3.0
95	1226.5981	346.53607	1565.2515	630.4924	1000.0	118.74471	57.10411	178.11688	-32.28493	475000	0.036508795	476.9086	-2.412105	0.0808463	1.0
96	1179.3027	459.24768	1594.277	516.0381	1000.0	120.0562	59.714027	182.81761	-39.081898	480000	0.045612395	524.5953	-2.4099648	0.09324344	1.0
97	907.4453	503.40338	1503.9175	111.835724	1000.0	88.534485	79.096085	185.96783	-52.546303	485000	0.0490463	467.71365	-2.4043667	0.08805707	1.0
98	1355.1135	125.842094	1539.3826	1222.9011	1000.0	123.77677	34.099228	172.33282	-0.97525644	490000	0.04154282	530.70374	-2.4300032	0.08852577	1.0
99	1432.4695	262.24246	1703.7992	977.16736	1000.0	134.8978	26.779509	179.64328	42.91729	495000	0.04457967	541.5808	-2.464458	0.09549696	1.0
100	1001.1375	476.97852	1543.2484	211.29341	1000.0	111.316	63.112953	188.15877	-11.706387	500000	0.06737888	626.4247	-2.429796	0.19515519	1.0
101	1134.2206	461.92767	1574.535	271.12167	1000.0	109.339	59.335945	179.0532	-39.09875	505000	-0.11623931	402.09235	-2.5109239	0.065061495	79.0
102	1357.0432	251.78424	1548.9612	866.1762	1000.0	131.87112	30.902388	172.4572	7.9728055	510000	-0.11553345	416.80063	-2.5857759	0.04450296	79.0
103	1424.8433	293.9852	1650.1703	847.2797	1000.0	138.10434	28.282354	182.24564	26.321936	515000	-0.12245044	447.9129	-2.7143416	0.060691286	79.0
104	932.96106	409.37524	1425.6495	380.42624	1000.0	98.920364	71.93007	184.46877	-51.658173	520000	-0.10379545	576.8432	-2.6614554	0.007804007	79.0
105	1048.5413	247.24359	1229.1716	565.7019	1000.0	89.85046	64.29477	156.47108	-43.076126	525000	-0.11187044	468.9618	-2.7873497	0.061487477	79.0
106	1379.8177	262.33505	1733.5845	1067.0353	1000.0	120.94756	37.43743	164.64288	8.986094	530000	-0.09766636	431.6949	-2.8264303	0.07877893	37.0
107	1349.4258	412.82272	1618.1948	527.81714	1000.0	132.03226	51.210487	178.71559	-17.674753	535000	-0.033476498	375.7702	-2.870774	0.07555546	8.0
108	1085.9264	402.87625	1434.1274	301.58887	1000.0	115.37443	66.38426	191.0809	-39.47328	540000	-0.001987578	723.8149	-2.8237333	0.07638376	4.0
109	1067.5752	291.34155	1524.027	692.4072	1000.0	104.221565	57.452038	168.86494	-47.3243	545000	-0.04623984	549.13983	-2.8174574	0.077833876	9.0
110	830.8986	609.06714	1574.1704	113.84901	1000.0	76.26285	74.064415	168.49289	-33.52775	550000	-0.0370325	498.9387	-2.8134658	0.080105714	8.0
111	1541.1125	158.80414	1664.7134	1228.2888	1000.0	136.83466	29.323133	173.90784	-27.831676	555000	-0.02079218	356.1978	-2.9278176	0.08346172	8.0
112	1543.7175	140.79442	1737.3136	1320.9159	1000.0	153.71735	23.043304	186.54962	-2.9404109	560000	0.017673489	292.96262	-2.9548237	0.09132991	4.0
113	1292.6577	510.4621	1604.1625	277.34076	1000.0	128.59164	67.389496	192.17711	-35.25434	565000	0.04994393	517.2182	-2.9304266	0.12662287	1.0
114	1265.7295	354.14853	1611.2537	686.7246	1000.0	134.16435	42.45834	182.26573	19.951202	570000	0.03566363	586.91864	-2.8734255	0.09184053	1.0
115	1474.0261	194.64032	1616.0271	1094.8793	1000.0	144.12727	24.471315	183.53676	24.086145	575000	0.016761957	363.8895	-2.8982637	0.09518276	4.0
116	1538.17	99.615135	1657.5326	1371.9154	1000.0	149.80962	31.491665	186.51846	-68.55441	580000	0.030703247	350.58197	-2.9189093	0.081075445	1.0
117	1607.7552	56.470062	1707.7457	1553.2234	1000.0	156.6042	12.395007	204.367	17.243246	585000	0.02741929	174.79086	-2.9208965	0.077888675	1.0
118	1572.0328	64.597855	1640.9093	1449.3396	1000.0	162.07335	13.591009	189.33728	23.587782	590000	0.008370331	235.07275	-2.9539816	0.08462938	4.0
119	1496.8864	215.81268	1760.4938	1102.3419	1000.0	155.45053	24.486858	190.5748	38.33855	595000	-0.03772354	499.8512	-2.8929172	0.07850575	9.0
120	1318.41	595.04913	1741.0562	170.02502	1000.0	134.22478	52.82059	200.1157	6.9688673	600000	0.0005769443	462.2281	-2.9494116	0.07642606	4.0
121	1577.8441	212.95636	1829.892	1249.3502	1000.0	151.40688	30.682419	187.94724	24.961079	605000	0.036486186	464.5908	-3.005377	0.09068252	1.0
122	1300.1627	393.82816	1595.4869	545.9348	1000.0	139.6197	57.839104	198.85754	-34.0395	610000	-0.0272603	555.3999	-2.9265687	0.08772687	8.0
123	1008.13153	681.78815	1655.0837	82.56701	1000.0	96.3794	80.32729	178.3187	-51.215755	615000	-0.09946896	723.8866	-2.946888	0.01439998	79.0
124	1196.8138	372.80325	1592.752	486.27335	1000.0	121.944336	59.705822	184.93164	-43.141983	620000	-0.10813301	614.2277	-3.0413542	0.0214911	79.0
125	1512.6757	223.58583	1730.2444	1088.4673	1000.0	139.44402	26.593025	172.17133	27.054615	625000	-0.048496258	399.7296	-3.0622654	0.08278503	9.0
126	1252.6536	572.85376	1781.0525	534.3213	1000.0	118.18035	82.423965	193.49104	-53.972694	630000	-0.017587006	572.3324	-3.1017191	0.07983834	7.0
127	1561.6064	138.9479	1790.1035	1389.7175	1000.0	155.94867	31.538528	212.73177	-12.539873	635000	0.034225184	511.244	-3.0753536	0.095781766	1.0
128	1639.0133	104.33933	1763.9996	1467.0878	1000.0	158.90097	18.823618	200.92674	26.643398	640000	0.044970952	341.0641	-3.1335537	0.118451975	1.0
129	1346.2839	302.4448	1634.1688	902.6594	1000.0	144.37502	48.178204	195.29707	16.860556	645000	0.0035850734	316.3553	-3.0988836	0.07570122	3.0
130	1320.908	578.235	1760.9222	259.08618	1000.0	126.61724	62.881004	181.12141	-22.25327	650000	0.049718272	554.74426	-3.0867753	0.10709326	1.0
131	707.81793	511.58264	1366.027	202.24777	1000.0	75.465065	89.163704	197.64705	-44.417934	655000	0.037925668	732.2504	-3.0421152	0.11761652	1.0
132	1336.5111	731.9497	1794.179	-112.26893	1000.0	109.306175	65.0618	178.89085	-42.956474	660000	-0.04332928	381.22546	-3.0794175	0.08306603	11.0
133	1313.2832	632.30023	1773.2161	65.635796	1000.0	134.49306	72.72966	207.22792	-33.130665	665000	-0.1094385	506.08984	-3.152141	0.040990114	79.0
134	992.44763	690.35645	1818.8828	-1.6287745	1000.0	100.93684	86.134285	197.08029	-37.913116	670000	-0.1059842	805.2278	-3.1937246	0.007452985	79.0
135	1309.5801	652.04956	1757.3125	16.92942	1000.0	123.3364	70.315994	191.87686	-45.975166	675000	-0.1128761	422.3905	-3.2773726	0.05893174	79.0
136	1258.9352	613.041	1742.3427	152.22481	1000.0	119.552284	79.7024	194.06967	-33.76771	680000	-0.100949466	535.3623	-3.3600922	0.03210909	79.0
137	1623.5494	114.754875	1736.2617	1483.6971	1000.0	159.6651	24.434464	195.76341	22.536413	685000	-0.01803543	371.8928	-3.3777142	0.08791079	7.0
138	1448.5347	549.7889	1921.8087	436.73788	1000.0	142.16487	66.9065	210.50925	-36.829758	690000	-0.009150823	715.5689	-3.324428	0.0801201	4.0
139	1440.5403	577.3693	1835.1702	292.04938	1000.0	141.83609	67.027275	207.15657	-32.882088	695000	-0.0942305	385.17242	-3.374455	0.07647661	41.0
140	1452.5942	621.49603	1853.8387	213.32967	1000.0	142.11684	70.490074	203.79486	-36.494305	700000	-0.071032606	380.75238	-3.370215	0.07552782	17.0
141	1607.0438	184.2124	1801.5045	1327.9663	1000.0	163.42245	39.281097	205.97487	-46.93107	705000	-0.107660756	749.8318	-3.47845	0.05170282	79.0
142	1407.9131	710.128	1854.8512	-2.9304473	1000.0	137.8217	68.16634	210.53467	-31.812658	710000	0.00258319	267.4838	-3.4724298	0.08774916	5.0
143	1267.4828	609.2457	1810.8094	229.41632	1000.0	126.66249	83.8077	208.95169	-47.77106	715000	-0.10004647	470.0778	-3.5112586	0.042053506	79.0
144	1480.9103	424.46994	1829.8899	664.7946	1000.0	141.52022	67.15545	204.6702	-48.796436	720000	-0.047414895	680.9904	-3.552046	0.07501883	11.0
145	1669.374	281.91656	1939.9344	1138.264	1000.0	162.9812	34.77458	206.64188	1.5878582	725000	-0.09803892	671.7944	-3.5951922	0.077244595	53.0
146	1195.1119	645.0065	1785.4542	228.75558	1000.0	126.12173	74.857544	214.6709	-0.43106014	730000	-0.06501742	571.3456	-3.5603106	0.075092874	16.0
147	1500.207	287.08472	1769.627	981.78973	1000.0	149.42969	58.49035	215.05244	-30.129436	735000	-0.06658927	790.9904	-3.602632	0.07533796	20.0
148	1565.022	268.58353	1809.6686	1098.3236	1000.0	145.87668	54.006184	200.59958	-46.296432	740000	0.029219858	728.10144	-3.6403937	0.09455204	2.0
149	1403.2004	564.99506	1751.277	277.97983	1000.0	142.40562	62.734207	203.14676	-41.8871	745000	0.033567622	465.50195	-3.5747035	0.09778598	1.0
150	1486.7275	569.1317	2008.7675	623.29156	1000.0	132.672	77.61754	207.78717	-59.658714	750000	0.06613611	839.6942	-3.6583219	0.19422324	1.0
151	1329.8433	508.7531	1919.4473	457.9703	1000.0	130.97145	84.0355	222.17421	-45.309994	755000	0.0045768716	793.7387	-3.6083837	0.083797306	3.0
152	1141.9634	707.1294	1906.076	96.176674	1000.0	109.17905	89.51808	206.48547	-36.154808	760000	0.022936216	812.7114	-3.6156847	0.07794855	1.0
153	1295.6484	584.126	1899.4255	293.47617	1000.0	126.1102	81.638435	220.61107	-38.349655	765000	-0.027258517	1098.4915	-3.5967731	0.08575051	8.0
154	1704.7506	160.04092	1862.6277	1442.4193	1000.0	159.78868	39.28244	224.14363	-31.514328	770000	-0.0023827786	443.8168	-3.6403828	0.07917275	5.0
155	1724.8171	332.5543	1934.6393	1063.0487	1000.0	168.53146	32.966255	213.204	24.086216	775000	0.046020865	453.33826	-3.6731362	0.10468967	1.0
156	686.54456	761.5936	1816.3701	-7.438925	1000.0	56.890675	115.54681	221.27757	-96.91497	780000	-0.023089072	799.1747	-3.5680628	0.07659084	7.0
157	1635.6503	246.86699	1896.1254	1227.0337	1000.0	147.22334	44.68676	207.79045	-41.094513	785000	-0.018080842	980.0566	-3.6578968	0.080716394	6.0
158	1785.6875	116.231	1917.4664	1620.063	1000.0	171.1985	18.97965	223.90749	23.085882	790000	-0.005505126	368.19077	-3.7090461	0.08202478	6.0
159	890.972	610.8706	1703.9663	153.9525	1000.0	106.016235	84.998024	220.21814	-29.61107	795000	-0.03844763	1075.2068	-3.546801	0.07858084	8.0
160	1065.448	341.80725	1652.6973	715.23676	1000.0	96.24519	73.49424	187.8164	-29.70199	800000	-0.061464746	966.3602	-3.6011806	0.079528995	14.0
161	728.1507	445.79138	1419.0695	85.681595	1000.0	68.267654	81.87866	198.96214	-32.663616	805000	-0.09657743	815.0917	-3.6081061	0.021423101	79.0
162	1501.0961	412.85477	1770.1515	697.71216	1000.0	117.523026	55.02723	188.44809	-32.54813	810000	-0.0032654777	753.3149	-3.7104414	0.08623562	4.0
163	1229.1609	601.8026	1785.6661	134.15073	1000.0	115.66892	84.45104	203.72627	-37.960327	815000	-0.016815003	841.821	-3.7267013	0.07779513	6.0
164	1585.9349	373.19135	1952.0912	885.7701	1000.0	148.4343	59.954906	210.60728	-30.64899	820000	-0.042582054	619.4131	-3.7381737	0.07577895	9.0
165	1067.0486	670.47406	1884.757	162.79207	1000.0	111.1529	89.86087	216.64426	-40.81496	825000	-0.11281311	767.78723	-3.76565	0.029191837	79.0
166	1582.4661	464.8361	2045.2699	830.31067	1000.0	137.81497	68.96447	208.0013	-44.25198	830000	-0.043251216	1130.0416	-3.8512242	0.08154557	9.0
167	1266.8264	575.28174	1825.0187	310.1549	1000.0	123.52528	88.9491	220.59468	-48.893997	835000	0.025234483	705.3924	-3.7833254	0.08930529	1.0
168	1238.9711	286.75824	1711.026	939.52203	1000.0	123.826225	75.432205	203.18951	-41.493927	840000	-0.032293968	1136.2137	-3.7516503	0.07573757	8.0
169	1586.5391	150.20303	1727.7041	1341.2965	1000.0	148.40965	39.148262	200.3153	3.1598263	845000	0.026840577	815.7804	-3.8207672	0.08629201	1.0
170	1446.7955	721.55707	1862.4426	12.167377	1000.0	137.57619	71.39742	209.1179	-20.185173	850000	0.04170413	467.3948	-3.796733	0.08917495	1.0
171	1636.9271	204.7621	1943.6722	1384.8007	1000.0	167.69487	36.888462	209.51479	13.535495	855000	0.052631788	671.55646	-3.8261476	0.13529387	1.0
172	1271.5114	725.7164	1960.887	137.8142	1000.0	125.41705	85.94802	222.64708	-32.709877	860000	0.042206753	514.1743	-3.8003688	0.105936304	1.0
173	1577.7047	287.01657	1881.3011	1188.855	1000.0	163.3782	44.75269	212.638	6.4835844	865000	0.05160005	575.3371	-3.8534179	0.12309628	1.0
174	1489.521	600.2613	1849.0273	295.88824	1000.0	143.26965	76.00778	214.34624	-43.995373	870000	0.003465214	835.9725	-3.8316915	0.08985253	4.0
175	1276.8379	778.6694	1918.0215	-12.75272	1000.0	119.76285	87.48291	209.89317	-40.26325	875000	0.0036207328	748.3772	-3.8246017	0.081101835	3.0
176	1278.5625	620.6132	1944.359	460.00153	1000.0	127.925316	80.53257	228.04141	-31.810585	880000	-0.01432219	783.02	-3.7985148	0.084825575	5.0
177	1677.1941	284.82175	1931.4866	1130.8547	1000.0	161.9718	46.80627	213.62883	-32.70102	885000	-0.044891816	797.557	-3.8543773	0.07914047	11.0
178	1421.8201	421.2996	1866.6959	644.66644	1000.0	140.62038	73.38498	214.53519	-34.39115	890000	-0.10458403	750.5509	-3.9089007	0.0534798	79.0
179	1742.0549	247.80873	1980.1545	1298.5352	1000.0	167.30933	32.33028	211.57614	12.085834	895000	-0.022255331	599.1661	-3.959863	0.077879064	8.0
180	1150.7244	635.34357	2009.6864	211.09186	1000.0	103.9781	108.06572	218.08157	-76.095924	900000	-0.088201426	976.9357	-3.9508328	0.015926614	79.0
181	1763.0328	183.29501	2024.9379	1483.2104	1000.0	159.44458	41.54091	212.24467	-28.503677	905000	-0.0059512234	557.2368	-4.0679274	0.11491629	7.0
182	945.8788	722.3457	1907.115	145.91518	1000.0	93.47408	99.71591	223.05289	-43.997684	910000	-0.09930779	670.9155	-4.0278726	-0.0018925063	79.0
183	1428.2885	416.8702	1794.7028	671.85345	1000.0	136.56078	72.99217	209.30118	-35.930824	915000	-0.05654729	599.07104	-4.06619	0.07838877	16.0
184	1612.8121	356.8027	1837.5504	902.61896	1000.0	153.8334	49.76512	216.06197	-30.227787	920000	-0.004326339	739.9802	-4.113101	0.07666201	4.0
185	1272.9186	636.78876	1826.0101	373.97885	1000.0	119.79537	92.97525	227.12164	-42.77768	925000	0.0219011	475.1151	-4.0715084	0.076944105	1.0
186	1848.6647	150.98123	2015.4319	1594.4603	1000.0	176.579	15.4920435	209.36595	23.142008	930000	0.033576623	451.5152	-4.155376	0.08439469	1.0
187	1553.7322	469.15387	1847.9042	626.0046	1000.0	161.95358	65.949326	226.72626	-25.048721	935000	0.07380084	544.8752	-4.0910463	0.15031478	1.0
188	1588.3909	257.5816	1895.5659	1182.9209	1000.0	162.64438	49.876736	233.42882	-24.130648	940000	0.056594934	1116.5767	-4.090382	0.1337997	1.0
189	1556.8453	467.9632	2055.1675	798.45905	1000.0	138.7992	73.320206	222.17389	-38.5643	945000	0.052394506	996.875	-4.1287	0.15744707	1.0
190	1450.7759	204.01187	1738.1362	1102.6322	1000.0	153.47667	65.405754	227.30864	-34.40043	950000	0.05000652	839.0263	-4.111858	0.15062414	1.0
191	1631.4436	409.70856	2062.542	984.2539	1000.0	149.09082	54.15838	203.2645	-32.39505	955000	0.028820775	725.7646	-4.157769	0.076594606	1.0
192	1700.4094	121.02564	1873.1421	1550.7833	1000.0	176.87115	33.86748	217.21573	16.485178	960000	-0.00352525	744.6694	-4.142434	0.07868373	4.0
193	1233.8177	570.31915	1704.3005	307.501	1000.0	129.95	71.24869	221.21744	1.9328649	965000	-0.030123841	964.7982	-4.1262326	0.0781177	7.0
194	1480.1882	415.14905	1917.5718	707.7967	1000.0	139.65935	64.1814	203.99535	-32.54364	970000	-0.022490475	599.79315	-4.1304874	0.076415636	7.0
195	1062.1345	516.6465	1814.7983	250.11266	1000.0	105.1793	86.84532	202.70311	-35.71155	975000	-0.09821534	864.9484	-4.1586633	0.0069166063	79.0
196	1470.14	414.6751	1915.9204	732.3056	1000.0	135.57855	54.721363	198.39009	-45.297943	980000	-0.10970652	966.9304	-4.2845397	0.033865746	79.0
197	1579.4019	474.66614	1979.0155	682.7856	1000.0	142.6345	65.15503	208.06137	-27.787157	985000	0.03349801	800.7886	-4.276051	0.0902604	2.0
198	1203.5476	489.6021	1775.699	597.54016	1000.0	120.68143	91.40333	229.0239	-34.344776	990000	0.03812605	759.326	-4.238126	0.09308507	1.0
199	1152.0577	610.4037	1873.2468	119.900764	1000.0	107.11685	80.066086	200.1763	-32.55941	995000	0.049413554	958.727	-4.197611	0.12373335	1.0
200	1355.8953	472.73688	1751.1991	454.6109	1000.0	131.46983	75.88322	208.35098	-37.28013	1000000	0.06634692	620.8107	-4.2988734	0.22649401	1.0
201	1675.0989	78.581825	1751.1908	1566.3063	1000.0	164.22388	23.959099	204.61707	20.759333	1005000	0.029293926	506.099	-4.370745	0.084862426	2.0
202	1468.8798	192.31972	1779.807	1177.0184	1000.0	150.64412	54.360535	205.36832	-21.034225	1010000	0.022064473	889.0422	-4.290635	0.08634677	1.0
203	1665.0156	126.528915	1826.8705	1483.9304	1000.0	152.56952	28.991858	200.51466	13.69319	1015000	-0.0035928567	671.9926	-4.334419	0.076523386	4.0
204	1442.2239	643.2535	1963.714	236.72342	1000.0	142.73248	62.403084	205.78993	-6.866421	1020000	-0.012094163	764.8801	-4.3260612	0.081175596	5.0
205	1590.6055	340.04703	1910.4196	962.679	1000.0	155.55885	61.565586	219.32492	-30.38526	1025000	0.021609845	625.3728	-4.3573427	0.08176539	2.0
206	1424.1937	696.20514	1820.7395	34.79836	1000.0	142.33595	78.271095	221.45131	-35.536816	1030000	0.023310957	517.1136	-4.328245	0.07958096	1.0
207	1506.2728	605.5916	1932.3616	304.2945	1000.0	150.1836	70.725075	215.81923	-29.837517	1035000	0.012797965	740.79675	-4.3227606	0.07779773	2.0
208	1771.2885	50.28441	1837.6328	1692.3312	1000.0	176.81885	21.43677	216.26602	18.06437	1040000	-0.028384857	268.51254	-4.3608146	0.08448581	8.0
209	1610.9202	192.16603	1868.3601	1341.2677	1000.0	163.22673	50.28025	207.28485	4.409854	1045000	-0.02671606	673.7385	-4.36859	0.075377025	6.0
210	1736.4355	166.99539	1922.0371	1444.8857	1000.0	172.18716	27.11689	210.63927	36.305042	1050000	-0.016242133	591.96906	-4.3667436	0.07985115	7.0
211	1737.347	62.29148	1789.0487	1645.9014	1000.0	175.49966	33.461674	222.48047	0.6493627	1055000	-0.10156075	680.9462	-4.4546914	0.08184561	78.0
212	1656.2233	456.7318	1942.159	746.2979	1000.0	163.31139	47.945187	216.41405	-9.051697	1060000	-0.062252004	724.5782	-4.4901257	0.0771906	15.0
213	1591.3761	383.57745	1975.3563	864.24365	1000.0	157.80072	62.006523	228.39067	-33.38962	1065000	-0.057357207	652.95135	-4.4622436	0.07613452	14.0
214	1454.0469	672.81134	1923.3772	136.81976	1000.0	142.35919	76.65834	221.65378	-32.018524	1070000	-0.10536897	478.1978	-4.4907355	0.05553964	79.0
215	1609.3431	299.27316	2024.4031	1101.21	1000.0	170.3123	33.979527	214.81517	29.54832	1075000	-0.118500195	759.18414	-4.568344	0.04410092	79.0
216	1352.9835	590.9916	1860.3469	213.15855	1000.0	138.10202	73.86521	207.83635	-47.032352	1080000	-0.0036223328	762.1103	-4.535131	0.08848037	4.0
217	1738.358	201.21272	2010.769	1470.7919	1000.0	157.27713	46.20254	205.90149	-32.115948	1085000	0.014383383	613.3812	-4.62981	0.08533287	2.0
218	1833.6517	107.48636	1965.9133	1687.6552	1000.0	181.9449	20.877552	219.69511	40.68256	1090000	-0.04401584	500.66394	-4.609391	0.07684578	12.0
219	1463.4631	564.42737	1949.3782	455.16132	1000.0	140.3808	85.20189	222.59319	-60.22993	1095000	-0.10586842	1074.762	-4.633221	0.012131854	79.0
220	1749.1217	211.45242	1937.3323	1369.516	1000.0	172.57103	27.41462	223.10432	17.789198	1100000	0.008910332	562.1828	-4.697269	0.08057672	3.0
221	1608.7017	508.15848	1990.1279	616.0947	1000.0	151.79774	75.76397	218.3489	-71.25343	1105000	-0.009885978	481.1773	-4.6350956	0.08545327	6.0
222	1179.5369	664.55133	1798.987	-88.733765	1000.0	128.21274	87.614456	226.10774	-53.850494	1110000	0.019577237	1143.5726	-4.6061845	0.09948485	1.0
223	1636.2773	388.687	1924.5833	895.5763	1000.0	151.19244	62.02308	217.01712	-33.21189	1115000	0.031737715	833.6943	-4.6990623	0.111772716	1.0
224	849.37274	736.35803	1787.3136	5.599454	1000.0	83.725784	98.64492	226.9826	-31.38456	1120000	-0.016732384	985.758	-4.553954	0.081567734	5.0
225	1124.6184	203.31708	1415.4177	868.2381	1000.0	101.88226	83.1265	211.22789	-33.237534	1125000	-0.032775097	1022.7053	-4.606788	0.080771685	7.0
226	986.91016	739.86945	2034.1191	68.35429	1000.0	92.49563	83.886154	201.71318	-32.011143	1130000	-0.03686683	1019.7964	-4.5762124	0.081649065	7.0
227	1506.0804	422.0364	2137.873	923.17285	1000.0	134.1637	67.780975	217.00186	-43.008553	1135000	-0.015376289	994.774	-4.6613	0.08151669	6.0
228	832.3792	616.8903	1634.1604	129.55928	1000.0	86.43966	93.58993	242.88307	-33.46597	1140000	-0.022451237	908.2279	-4.5189605	0.076815836	6.0
229	622.8871	587.7875	1579.7957	-105.74854	1000.0	58.5667	85.315506	210.38509	-38.87473	1145000	-0.10466565	734.4292	-4.562214	0.016002938	79.0
230	1242.5531	649.4494	1841.7457	308.27036	1000.0	103.35957	76.80022	209.49983	-35.490726	1150000	-0.0206677	701.39417	-4.6934557	0.07958834	5.0
231	1768.3083	229.57846	1980.2959	1320.9843	1000.0	157.8371	43.642735	215.83762	-31.60734	1155000	0.052969214	854.6767	-4.782661	0.14024243	2.0
232	1343.4144	636.775	2101.6794	190.44133	1000.0	119.14619	96.833374	230.362	-45.45323	1160000	0.04529842	1137.5042	-4.7059164	0.10949912	1.0
233	1714.0172	336.3121	2047.7106	1065.5875	1000.0	174.8769	40.49476	239.20934	4.3146176	1165000	0.07433155	726.02484	-4.7698255	0.19239509	1.0
234	1481.3561	209.34248	1795.931	1187.5342	1000.0	154.11322	66.41803	230.72675	-35.40525	1170000	0.03558616	861.6098	-4.688702	0.08369734	1.0
235	1449.6871	368.38907	1714.4192	734.79944	1000.0	139.0637	68.93611	209.30794	-31.70378	1175000	0.060738232	818.1744	-4.725642	0.13080771	1.0
236	1504.4182	610.27563	2093.1746	381.26303	1000.0	138.14243	70.10432	214.51683	-29.97809	1180000	0.052792016	1171.9509	-4.712798	0.16172776	1.0
237	1431.9489	650.9705	1972.1359	160.66324	1000.0	141.7555	79.971634	238.37395	-43.129818	1185000	0.06672738	780.47406	-4.7147136	0.19427456	1.0
238	1384.9976	403.54736	1698.9681	602.9375	1000.0	147.88106	68.82746	226.34735	-49.978703	1190000	0.03567138	441.4582	-4.677338	0.11152892	1.0
239	1773.7991	68.659546	1863.0325	1698.7231	1000.0	169.40297	23.144054	214.1878	11.244351	1195000	0.043876104	304.1426	-4.7562056	0.10103531	1.0
240	1435.0964	577.4504	1867.5148	314.01648	1000.0	154.17085	62.497787	223.491	1.0806293	1200000	0.065994605	651.94214	-4.687267	0.15922187	1.0
241	1465.2732	736.7213	1995.237	5.4764843	1000.0	140.46715	74.21987	209.31805	-26.836613	1205000	0.05322434	540.2852	-4.7413893	0.13723008	1.0
242	1210.6732	740.5531	1823.2511	87.26649	1000.0	122.90385	89.937645	222.91048	-30.196098	1210000	0.039501518	625.4227	-4.6537743	0.079961844	1.0
243	1821.1195	51.344246	1915.2792	1763.8567	1000.0	175.40187	18.190907	222.00314	12.802523	1215000	0.064486235	300.7107	-4.7913566	0.13584505	1.0
244	1800.4908	124.43514	1969.2656	1673.0409	1000.0	181.27682	21.549168	220.94847	41.857563	1220000	0.06322732	473.0123	-4.826994	0.17288858	1.0
245	1913.817	93.37478	2034.3317	1766.8141	1000.0	187.18124	10.142234	230.15077	102.11204	1225000	0.06843264	304.2813	-4.8876433	0.15258272	1.0
246	1539.1116	703.4855	1943.9412	135.49852	1000.0	162.78786	68.62043	229.38953	-6.7154274	1230000	0.0654325	372.6079	-4.7946854	0.14479963	1.0
247	1841.5476	151.90775	2023.6786	1620.3473	1000.0	186.15825	25.054522	226.14516	4.5511036	1235000	0.026637157	534.6039	-4.868632	0.10110628	2.0
248	1418.1042	504.4882	1899.5697	489.35822	1000.0	158.42215	57.114517	223.46017	27.026583	1240000	-0.016130438	841.7141	-4.7935405	0.0840457	4.0
249	1390.6902	657.8981	1889.4236	91.02761	1000.0	139.08444	71.029976	207.13037	-35.814175	1245000	-0.018658683	967.9929	-4.805095	0.08457293	6.0
250	1330.692	686.8117	1961.7604	103.47374	1000.0	122.94549	86.291405	211.82059	-45.173973	1250000	-0.046854705	801.4993	-4.7701316	0.07721492	11.0
251	1905.9785	105.04881	2025.4167	1717.6603	1000.0	181.34035	18.926704	228.76521	22.284494	1255000	-0.020676138	400.154	-4.848111	0.08027802	7.0
252	1571.3619	385.8858	1900.7117	813.566	1000.0	168.9781	59.655457	231.29959	-4.2137947	1260000	0.04632375	960.1062	-4.836772	0.11090893	1.0
253	1677.1328	450.37952	2000.3527	791.7555	1000.0	159.99898	67.47971	231.4234	-41.978855	1265000	0.045011055	639.4755	-4.872545	0.08634529	1.0
254	1784.2529	156.83519	1981.374	1551.7712	1000.0	187.20978	25.899534	239.23912	43.98901	1270000	0.047004245	604.1727	-4.9033527	0.098526195	1.0
255	1080.3844	892.53265	2067.229	-17.816612	1000.0	109.99857	98.052284	225.82954	-36.353336	1275000	0.055881128	915.1521	-4.7456207	0.1289159	1.0
256	1295.1423	933.64764	2181.44	-136.58258	1000.0	122.157776	94.682625	246.19366	-33.895718	1280000	0.034239583	869.0979	-4.8257236	0.11505122	1.0
257	1818.9235	259.1242	2038.8813	1333.0181	1000.0	175.56065	60.533443	253.78384	-31.647182	1285000	0.02070308	655.5582	-4.941576	0.082111046	2.0
258	1453.4609	513.412	2094.835	809.4931	1000.0	153.1951	84.00736	240.8043	-33.89059	1290000	-0.06659441	1088.4423	-4.818783	0.07763441	19.0
259	1394.2576	386.61	1927.6934	986.3229	1000.0	134.95418	80.34031	233.55626	-43.097145	1295000	-0.10818984	1516.8964	-4.880814	0.03486552	79.0
260	1684.5652	282.48895	1916.3099	1131.8698	1000.0	156.78275	56.691483	226.54597	-34.687595	1300000	-0.06807811	819.0472	-4.9466963	0.07627375	17.0
261	1378.8422	604.8651	1879.4827	256.54633	1000.0	140.69087	77.68423	234.49945	-37.573082	1305000	-0.03590114	1118.2893	-4.9098825	0.07646543	7.0
262	1812.2083	291.31467	2016.3105	1235.8785	1000.0	170.20616	55.027557	231.8953	-38.288105	1310000	0.0026458793	397.83102	-4.974322	0.075993836	3.0
263	1747.0367	234.64386	1982.7053	1357.8927	1000.0	183.99648	44.21295	234.7549	-75.88869	1315000	-0.027180329	1028.68	-4.930893	0.075501926	7.0
264	1416.4402	711.5191	1995.0077	76.25862	1000.0	146.39005	75.60912	238.62451	-26.399551	1320000	-0.026092138	990.1266	-4.8931303	0.07796534	7.0
265	878.3016	745.4575	1863.2885	46.339825	1000.0	86.83931	99.951195	239.15027	-33.94486	1325000	-0.047147676	1003.8428	-4.871778	0.07646941	11.0
266	1270.8353	724.3176	2077.7854	139.56285	1000.0	112.79133	86.87992	225.94307	-35.518764	1330000	-0.031784955	1036.2269	-4.9014444	0.0792766	7.0
267	1816.5599	210.68245	2047.3077	1460.7849	1000.0	178.9907	27.658987	239.00697	19.686323	1335000	0.016246624	770.949	-5.011616	0.0783525	2.0
268	1671.8035	213.388	1974.178	1389.349	1000.0	177.40126	32.27379	241.58873	47.45556	1340000	0.047207672	970.0062	-4.9775524	0.11678924	1.0
269	1836.3987	148.65596	1993.6575	1605.9324	1000.0	179.45123	23.132235	224.62582	28.11858	1345000	0.05706573	460.7639	-4.9838142	0.119882055	1.0
270	844.43085	653.5688	1530.4734	-2.565705	1000.0	109.53775	79.87192	232.75633	0.53167385	1350000	0.060496777	1347.6602	-4.872534	0.14632115	1.0
271	1348.6846	788.6527	2125.8003	75.29554	1000.0	120.71501	88.81521	248.63324	-26.436216	1355000	0.022385241	955.914	-4.9492626	0.08181505	2.0
272	1888.9941	168.27763	2031.5773	1559.8457	1000.0	184.89995	27.57231	242.92303	-7.2317743	1360000	-0.02783249	501.4114	-5.0380664	0.085875854	7.0
273	1665.0115	562.40625	2050.1948	564.7248	1000.0	168.237	66.49828	249.6424	-17.748104	1365000	-0.04685423	715.0925	-5.003482	0.075555734	11.0
274	1564.7332	544.6029	2124.7922	669.13745	1000.0	153.0996	81.02676	233.18102	-29.236647	1370000	-0.10696746	873.4621	-5.0759234	0.061446093	79.0
275	1991.0725	72.410576	2055.6494	1867.2355	1000.0	192.38016	13.901247	239.96527	63.713364	1375000	-0.01755812	282.4673	-5.1211185	0.07529731	5.0
276	1992.9945	169.13481	2243.0579	1716.0712	1000.0	199.52533	21.276905	249.42781	17.163517	1380000	0.036124837	480.6869	-5.145258	0.08690885	1.0
277	1879.1995	190.14827	2167.4622	1634.3315	1000.0	199.82205	25.743631	257.5285	23.159187	1385000	0.060504045	520.2474	-5.105783	0.16968013	1.0
278	1658.5619	488.36545	2252.7742	870.76355	1000.0	165.22711	65.36497	234.70874	2.6030169	1390000	0.04388427	961.4846	-5.0761914	0.09754664	1.0
279	1545.9736	511.04596	2006.6104	568.0969	1000.0	161.22302	76.38984	243.09515	-26.905827	1395000	0.002980003	699.7925	-5.087564	0.08258177	3.0
280	1885.7731	164.10478	2176.2434	1703.3895	1000.0	180.53395	21.96682	222.92453	16.412075	1400000	0.011714434	528.09534	-5.1341944	0.077633165	3.0
281	1598.721	717.45355	2065.861	174.61876	1000.0	162.27113	72.48991	230.89758	-18.829319	1405000	-0.012131525	549.8862	-5.094532	0.08393976	6.0
282	1781.0107	276.18964	2073.4573	1326.9617	1000.0	185.1194	43.828487	245.29924	-28.485743	1410000	-0.012260788	757.6663	-5.1311026	0.08767278	6.0
283	1906.191	217.37611	2154.5361	1537.6855	1000.0	182.28853	38.287476	236.0622	-34.36791	1415000	0.024933537	794.5747	-5.137059	0.08142827	2.0
284	1616.7164	463.2868	2004.7156	714.90784	1000.0	164.0015	76.35476	245.96559	-74.34729	1420000	0.03049936	653.1447	-5.132252	0.086865224	1.0
285	1911.4385	56.638107	1984.3815	1821.3613	1000.0	189.54144	10.162546	227.4468	78.21554	1425000	0.05836224	199.2041	-5.104515	0.13675936	1.0
286	1377.1614	630.48175	1987.1603	324.74478	1000.0	141.32578	92.89107	247.32326	-38.661633	1430000	0.068273105	1101.24	-5.1291475	0.22162469	1.0
287	1263.9578	802.6782	2052.7332	172.45853	1000.0	106.413	120.0867	232.97113	-141.4757	1435000	-0.0019063377	820.4374	-5.0575233	0.076277696	3.0
288	1615.6104	685.67444	2051.956	252.59412	1000.0	157.0385	72.003265	233.98279	-38.7958	1440000	-0.015335635	628.8888	-5.1513915	0.085167676	6.0
289	1736.1888	413.96274	2074.1714	969.1469	1000.0	171.9457	66.25875	245.35347	-44.036053	1445000	-0.034176473	834.7284	-5.2032623	0.0795719	9.0
290	1972.4714	123.380196	2174.2712	1831.156	1000.0	189.83546	13.173757	242.71478	130.24626	1450000	-0.032480795	310.6794	-5.216941	0.08402668	9.0
291	1606.6732	700.65326	2069.99	212.35767	1000.0	160.90906	82.721825	249.32733	-36.543915	1455000	0.023941703	561.5951	-5.2034516	0.09013169	1.0
292	1667.0629	562.58057	2189.9724	868.7859	1000.0	161.80386	84.92291	239.78761	-35.555367	1460000	0.0038327996	936.1644	-5.246868	0.076021776	3.0
293	1980.9551	140.37918	2184.091	1791.4275	1000.0	187.1837	55.761723	252.06648	-30.76622	1465000	-0.029993348	872.447	-5.2566576	0.07854214	9.0
294	1598.2158	448.4645	2038.2848	779.4188	1000.0	167.42586	82.36371	250.39285	-40.363045	1470000	-0.031602155	1226.2974	-5.160315	0.081035055	8.0
295	1185.1931	869.84186	2226.6665	126.74907	1000.0	104.07212	101.71289	233.80939	-39.202106	1475000	-0.054290704	1087.329	-5.133422	0.07508867	15.0
296	1652.7112	386.6775	2069.5645	1071.5265	1000.0	161.16672	80.02317	260.88638	-34.90644	1480000	-0.039461646	802.3287	-5.188424	0.07516149	12.0
297	1154.7678	868.153	2266.165	-4.4556317	1000.0	103.7486	106.81701	268.71652	-36.085617	1485000	-0.095067516	1201.4885	-5.2445555	0.03186794	79.0
298	854.11926	446.25137	1355.3337	290.0608	1000.0	81.56463	104.28416	265.37506	-33.453617	1490000	-0.089340955	662.0619	-5.2303185	-0.011367365	79.0
299	1394.8711	896.43536	2194.4258	257.57556	1000.0	109.24023	90.17668	217.87552	-36.04392	1495000	-0.055020787	792.1498	-5.314707	0.0803647	10.0
300	1068.7448	541.78375	1721.4807	174.05571	1000.0	102.73947	107.23563	240.89377	-31.330994	1500000	-0.08356248	1458.5143	-5.3282948	-0.014140057	79.0
301	1711.9355	561.17664	2187.0588	641.87897	1000.0	152.48532	69.82429	225.51123	-25.33305	1505000	0.024121484	786.38	-5.4205627	0.07633053	2.0
302	1616.3848	462.65167	2175.5237	790.7119	1000.0	162.36926	79.11625	239.45421	-29.667484	1510000	0.037403975	931.1472	-5.3771696	0.099083975	1.0
303	1455.7852	577.51807	2197.1208	781.8266	1000.0	136.9401	91.92314	234.48473	-26.906195	1515000	0.049102608	1419.5082	-5.37367	0.15388188	1.0
304	1267.4763	914.62646	2147.3167	66.29776	1000.0	123.59377	98.11273	244.49492	-26.387728	1520000	0.03782059	872.7871	-5.3487864	0.10196645	1.0
305	1000.11896	692.8764	2286.1772	228.52144	1000.0	91.2278	106.86264	248.97635	-48.002926	1525000	0.034877963	1271.2303	-5.2759748	0.12344187	1.0
306	1667.8422	540.7126	2217.8452	629.45435	1000.0	154.48074	73.21242	242.90103	-32.907608	1530000	0.0012265187	1035.2722	-5.39799	0.10388195	4.0
307	1526.7567	443.87527	2024.4618	781.71124	1000.0	146.05705	91.25598	249.77599	-36.98259	1535000	0.017612841	1374.4174	-5.391901	0.08802522	2.0
308	2062.4902	150.43472	2332.5623	1923.9231	1000.0	192.10208	22.04553	250.12263	15.897454	1540000	0.03629809	484.10254	-5.4431076	0.09056826	1.0
309	1607.4763	446.68274	1946.8533	750.6258	1000.0	172.0606	78.88437	250.6443	-32.739452	1545000	0.0650959	1462.8342	-5.4337134	0.19293316	1.0
310	1366.4016	767.7826	2061.177	136.95543	1000.0	126.39054	94.77713	232.14478	-30.401817	1550000	0.008558956	703.82043	-5.435163	0.09473711	3.0
311	1563.0118	500.94693	2039.1119	622.2856	1000.0	147.72768	84.752365	227.79669	-30.84782	1555000	0.03289514	1220.8721	-5.4431596	0.1057229	1.0
312	1683.6992	435.99078	2229.6978	1169.408	1000.0	151.44022	77.72551	224.9555	-30.199453	1560000	-0.02106694	1142.505	-5.511401	0.08262322	6.0
313	2177.8267	97.12911	2347.1052	2048.8064	1000.0	200.14445	14.6067915	251.42473	52.67366	1565000	-0.024735572	453.45724	-5.596683	0.07907693	7.0
314	1601.7582	737.48175	2287.9983	296.881	1000.0	161.21523	100.595894	293.42975	-29.465197	1570000	0.03706457	671.32544	-5.521265	0.125807	1.0
315	1844.8656	330.33078	2200.42	1234.9718	1000.0	188.35957	65.13272	253.77943	-24.749746	1575000	0.03694849	768.0368	-5.5622034	0.106620006	1.0
316	1205.1901	851.53937	2188.3923	52.599926	1000.0	121.60199	109.00469	247.16304	-40.728096	1580000	0.041563008	833.8716	-5.462877	0.104095764	1.0
317	1940.2496	165.53064	2168.0105	1666.8073	1000.0	185.52162	35.93716	235.26662	-27.291456	1585000	0.042824592	631.1678	-5.598741	0.12035707	1.0
318	1876.9502	221.45927	2052.1172	1453.1404	1000.0	189.09288	48.62474	253.35812	-25.879705	1590000	0.06117516	577.3744	-5.5971966	0.15053828	1.0
319	1704.2673	322.4316	2006.1658	1077.9384	1000.0	175.00885	64.14921	234.52303	-28.26187	1595000	0.043305103	837.09937	-5.562412	0.119569205	1.0
320	1672.1383	276.4379	2130.6948	1348.8812	1000.0	161.75278	72.02669	230.32736	-30.000757	1600000	0.036510784	819.3901	-5.5588126	0.12539804	1.0
321	1923.4316	137.71138	2091.881	1724.1252	1000.0	186.45128	28.409786	229.93384	14.738472	1605000	0.037590124	664.2182	-5.5854955	0.116119675	1.0
322	2057.5364	90.43793	2180.6367	1941.8099	1000.0	200.28917	10.847993	234.96843	146.33687	1610000	-0.0020995906	350.1338	-5.6121006	0.07754981	5.0
323	2066.3057	158.55702	2205.6838	1824.5529	1000.0	206.97821	19.219646	246.65208	15.593326	1615000	0.04844825	526.09674	-5.6053324	0.10460357	1.0
324	2080.2446	142.1254	2262.656	1876.0771	1000.0	205.0744	39.435116	264.57388	-9.000873	1620000	0.023857461	553.3864	-5.6373854	0.07907833	1.0
325	1576.8547	650.76654	2197.1267	599.2285	1000.0	162.26782	93.221985	247.77486	-17.361214	1625000	0.03868932	782.30994	-5.5854397	0.12880884	1.0
326	1341.0471	789.9435	2198.8342	283.656	1000.0	127.30965	105.283844	244.10141	-37.123272	1630000	0.026266405	1021.8608	-5.5155745	0.111602515	1.0
327	1098.5759	941.8558	2161.4966	-37.392258	1000.0	104.441925	108.98888	250.44989	-31.205	1635000	-0.010871561	1081.8395	-5.431336	0.09105847	4.0
328	1552.5852	883.31415	2402.3381	281.64218	1000.0	135.40883	102.32447	260.81995	-37.8624	1640000	-0.056082994	905.7118	-5.593954	0.07713713	17.0
329	2070.7107	274.6956	2364.3142	1568.9493	1000.0	209.40497	31.286358	260.5062	12.915996	1645000	-0.092341945	773.909	-5.6516767	0.075393446	44.0
330	1160.7056	888.9233	2210.6047	81.87832	1000.0	118.092125	116.07275	262.6811	-43.543556	1650000	-0.09168431	1000.7736	-5.580195	0.019117456	79.0
331	1568.8304	718.94464	2337.8635	606.0495	1000.0	138.45744	96.851425	246.9319	-30.057041	1655000	-0.02249744	1101.3123	-5.6369476	0.07764686	7.0
332	1017.9255	835.6018	2202.9175	37.63806	1000.0	99.24393	110.845276	273.09164	-31.703691	1660000	-0.094604544	1310.312	-5.649618	-0.001726193	79.0
333	1582.1597	730.7892	2080.955	157.13704	1000.0	148.45479	88.80941	264.8273	-35.040756	1665000	-0.055491198	903.1496	-5.7734942	0.07644189	12.0
334	1929.01	425.37845	2222.6853	1089.431	1000.0	180.58977	65.858925	248.67761	-25.355503	1670000	-0.013472339	441.9499	-5.80721	0.08656779	6.0
335	1275.0901	762.85004	2129.2754	-34.242493	1000.0	118.97905	113.1975	248.76006	-30.665571	1675000	-0.023778476	1122.7219	-5.720892	0.08207005	7.0
336	1526.8748	697.08014	2156.313	484.40912	1000.0	143.5453	108.44957	260.19742	-91.893486	1680000	-0.031573866	606.2759	-5.713851	0.07626409	7.0
337	991.084	1063.4614	2449.9036	0.2795336	1000.0	88.84586	110.40869	250.2459	-42.036564	1685000	-0.03149453	924.2654	-5.651399	0.07972876	9.0
338	1424.6677	812.55084	2089.3328	72.68743	1000.0	142.58325	103.093445	272.5604	-27.936424	1690000	-0.09971005	1268.9838	-5.785345	0.02181744	79.0
339	1780.3385	623.7315	2197.1355	537.9691	1000.0	159.6651	82.96166	260.56354	-25.082237	1695000	-0.032126967	1134.1542	-5.8767166	0.07735547	7.0
340	1387.0571	645.6086	2132.177	485.7181	1000.0	131.58897	105.20984	257.24045	-28.128666	1700000	-0.014786938	881.2626	-5.823557	0.09143917	6.0
341	1749.1237	561.8474	2211.9275	657.7701	1000.0	170.03	76.20443	261.17062	-25.688402	1705000	-0.017001575	1028.8584	-5.8487372	0.08909962	5.0
342	813.93414	823.42	2066.1523	-13.19103	1000.0	78.401764	108.78085	280.6629	-27.826769	1710000	-0.08413712	916.3594	-5.755873	-0.029525097	79.0
343	1711.1135	362.8939	2229.5378	1144.1577	1000.0	137.57556	82.29898	231.54433	-31.61958	1715000	-0.049566332	1114.3002	-5.8880444	0.082682945	11.0
344	1444.0228	728.1898	2321.6077	106.9115	1000.0	133.00429	103.82535	246.6061	-26.107813	1720000	-0.01791178	1316.7931	-5.8780217	0.07701061	6.0
345	2032.9099	506.80365	2360.7805	1031.4382	1000.0	181.79367	69.70289	265.59058	-23.754484	1725000	0.037396252	775.7935	-5.949332	0.08403319	2.0
346	1477.0248	724.0982	2304.5762	606.0685	1000.0	146.59743	112.943924	274.29996	-29.337135	1730000	0.054124866	1446.2249	-5.8532662	0.18461983	1.0
347	327.5873	456.92233	1223.6234	-10.4958	1000.0	35.582172	95.31695	271.7333	-37.3979	1735000	0.00025312253	597.5457	-5.599781	0.09297335	2.0
348	1794.9756	355.40872	2233.2217	1401.5884	1000.0	111.59515	66.54994	198.6361	-27.69347	1740000	0.026138568	1243.8336	-5.894866	0.09585907	2.0
349	759.3124	853.7833	2427.1394	15.272562	1000.0	67.50832	111.18167	269.20535	-26.586754	1745000	0.0267833	1126.5574	-5.687661	0.12871583	1.0
350	1467.6539	638.38635	1984.5917	247.3473	1000.0	129.15344	100.74257	262.0473	-24.66967	1750000	0.025114609	1491.4897	-5.80795	0.083981	1.0
351	1417.5996	834.00104	2187.8208	261.5139	1000.0	132.1139	113.319435	262.55188	-71.48463	1755000	0.028142938	1055.9292	-5.7319584	0.08395546	1.0
352	1732.0603	894.0593	2347.6614	-44.59679	1000.0	159.81445	86.587105	255.35674	-27.293463	1760000	0.059352845	601.221	-5.8730655	0.18553674	1.0
353	1581.7109	807.04156	2290.2407	119.70277	1000.0	156.78215	105.99843	274.9219	-28.247822	1765000	0.0023543888	1084.6598	-5.860343	0.078733474	3.0
354	1858.2502	593.4553	2302.0774	691.48975	1000.0	176.76688	82.96269	251.32204	-31.260752	1770000	0.015649829	871.3928	-5.87425	0.09335924	2.0
355	1358.5901	826.33417	2194.8813	213.1394	1000.0	137.32791	109.37745	267.7905	-34.805107	1775000	-0.03247271	1776.1877	-5.8095274	0.08200918	9.0
356	2033.991	148.14223	2169.6926	1762.766	1000.0	189.4105	47.121857	256.6056	-22.631746	1780000	0.01300974	658.1941	-5.9135103	0.08031299	2.0
357	2144.2332	93.34572	2238.8894	1982.1414	1000.0	206.85037	39.270355	251.23326	-19.457062	1785000	0.0288833	842.9596	-5.924315	0.09677086	2.0
358	1619.6855	769.23914	2306.7327	289.57736	1000.0	162.5519	101.95287	262.99918	-29.055014	1790000	-0.020814292	1057.072	-5.884794	0.08182658	6.0
359	1623.9412	782.29395	2288.0962	170.80096	1000.0	153.95975	102.732346	266.72803	-49.99757	1795000	-0.08746835	1815.5872	-5.940245	0.033677228	79.0
360	2118.52	83.18183	2226.298	1994.2333	1000.0	208.15414	20.402487	274.72772	55.352497	1800000	0.030346045	613.9222	-5.9810677	0.08100618	2.0
361	2132.6316	260.0889	2418.2773	1641.981	1000.0	203.2622	57.011543	270.79883	-27.039835	1805000	0.042346954	673.91797	-6.0097547	0.11161711	1.0
362	1665.4836	763.0209	2338.2349	246.93657	1000.0	160.98192	108.41891	274.452	-17.966162	1810000	0.043039072	1257.8124	-5.9484553	0.16690315	1.0
363	1506.387	759.47986	2301.159	319.69504	1000.0	147.28204	108.85973	262.2764	-24.976309	1815000	0.0059380326	1167.7863	-5.935239	0.08071032	3.0
364	1468.0769	783.0633	2463.0237	640.911	1000.0	137.21603	107.98579	263.04086	-26.35363	1820000	0.0014327711	1205.7112	-5.8828487	0.10793169	4.0
365	1752.9117	651.8935	2393.2688	530.6456	1000.0	165.54942	94.3534	264.32996	-34.9526	1825000	-0.03301931	892.7586	-5.9297423	0.07623669	10.0
366	1571.0281	888.9478	2377.7964	-69.85829	1000.0	145.33565	106.23785	279.45328	-29.784508	1830000	-0.034903668	1126.3579	-5.936972	0.07912429	9.0
367	1972.5393	275.93912	2252.3455	1488.8271	1000.0	189.30324	76.14734	272.72235	-36.224693	1835000	-0.0969442	1201.4705	-6.0208306	0.043972544	79.0
368	1915.8123	739.8323	2389.7163	443.57376	1000.0	179.32774	82.77117	254.3345	-25.113094	1840000	-0.0054090302	691.2975	-6.0295053	0.08174272	5.0
369	1087.1942	909.3643	2396.138	80.80968	1000.0	99.646164	122.52363	278.48093	-24.823608	1845000	0.027111502	1080.6108	-5.925965	0.112687245	1.0
370	2142.5376	148.9062	2303.4019	1889.7445	1000.0	211.08267	38.230553	267.31885	-23.981335	1850000	0.014010867	975.6484	-6.043782	0.076661795	2.0
371	1801.4818	798.3441	2498.306	261.47787	1000.0	176.40108	92.96921	265.65427	-36.399883	1855000	0.0060265358	1492.6215	-5.9721346	0.07595837	2.0
372	1280.2058	795.98346	2225.6016	45.345806	1000.0	126.20955	116.005135	273.64532	-29.00221	1860000	-0.0877158	1037.9572	-5.901363	0.0065952805	79.0
373	1814.8625	682.9867	2319.175	486.51767	1000.0	165.4253	88.615974	266.33112	-27.628658	1865000	-0.0040686964	789.1116	-6.0294166	0.10584579	4.0
374	1925.6277	809.43585	2504.4446	322.9529	1000.0	178.70012	92.044495	270.34293	-33.694065	1870000	0.023505174	1033.3206	-6.018079	0.079632245	1.0
375	2100.843	282.7245	2394.6196	1750.4064	1000.0	203.96465	72.14771	267.88702	-30.9013	1875000	0.035226695	1061.388	-6.057304	0.10549072	1.0
376	1874.5515	722.8898	2450.177	507.15842	1000.0	184.10698	90.72532	289.2242	-30.142994	1880000	0.054208502	903.3342	-6.026004	0.13621446	1.0
377	2078.6306	219.2656	2409.53	1818.6475	1000.0	219.86494	34.83062	275.40646	16.195738	1885000	0.045347486	925.7587	-6.06211	0.12317091	1.0
378	1115.7513	906.62695	2334.6562	203.96722	1000.0	102.617966	125.490204	279.36392	-44.28841	1890000	0.06209175	1559.88	-5.8666463	0.10921145	1.0
379	2214.9875	136.46576	2383.088	1966.5582	1000.0	201.83473	30.385696	271.05832	-1.6427805	1895000	0.12459651	592.8376	-6.1040244	0.57211643	1.0
380	1538.3381	698.308	2132.3918	214.74376	1000.0	169.73666	99.59415	278.94394	-35.58512	1900000	0.04541881	710.0975	-5.9316773	0.13911396	1.0
381	1389.1116	777.819	2090.281	-92.39671	1000.0	142.2628	91.77822	229.1674	-24.5284	1905000	0.042702507	707.7009	-5.923736	0.14347368	1.0
382	1517.1469	809.7374	1982.2942	-96.36954	1000.0	149.85812	82.16512	243.06912	-26.231646	1910000	0.032268275	425.599	-5.943949	0.107979834	1.0
383	1901.026	122.34366	2065.5925	1753.834	1000.0	193.71672	13.074122	235.93317	97.85929	1915000	0.04579422	435.96744	-6.0216184	0.096266635	1.0
384	1534.3965	752.3239	1954.5773	30.636017	1000.0	155.12039	80.03897	236.67326	-22.43835	1920000	0.064599045	469.6493	-5.909882	0.21284218	1.0
385	1846.5592	52.61232	1894.884	1745.9496	1000.0	192.05852	12.728573	233.89294	130.60216	1925000	0.042536695	321.4948	-6.0121765	0.09738978	1.0
386	1730.8922	442.2396	2077.8696	865.4399	1000.0	167.25702	68.74348	230.99673	-27.655132	1930000	0.07451017	456.5729	-5.9798455	0.20576893	1.0
387	2007.2914	78.68908	2132.408	1883.6838	1000.0	197.97446	11.341719	232.60825	21.259302	1935000	0.04846799	255.1906	-6.057871	0.11591034	2.0
388	1382.1825	691.01666	1956.0154	191.44304	1000.0	147.65483	93.85619	235.26958	-23.161116	1940000	0.031064266	594.2399	-5.969702	0.09054386	1.0
389	1655.7301	436.11203	2119.9531	1058.8705	1000.0	152.23946	77.14148	215.64436	-25.414062	1945000	0.029659325	796.2221	-6.01603	0.085770436	1.0
390	1729.6357	396.01172	2168.892	990.1988	1000.0	176.72557	62.238274	237.61862	-28.810585	1950000	0.03623237	657.6821	-6.024139	0.091991745	1.0
391	1659.5977	314.29782	1968.0182	1073.7969	1000.0	166.0058	67.21803	238.29677	-27.440662	1955000	0.032941233	832.6192	-5.979907	0.08614452	1.0
392	1749.0095	603.8368	2121.1318	544.9689	1000.0	159.43059	68.348404	232.63353	-26.275444	1960000	0.04823591	576.8865	-5.9980135	0.10671817	1.0
393	1827.1389	114.05726	1984.9984	1695.4036	1000.0	190.58597	34.45571	241.00145	9.440436	1965000	0.046292946	630.3833	-6.029213	0.11241622	1.0
394	1865.1445	271.77612	2085.5342	1332.4264	1000.0	178.22456	49.40934	224.9545	-17.982018	1970000	0.07129436	698.7497	-6.0638213	0.1944568	1.0
395	1876.7533	325.44604	2150.2253	1241.6063	1000.0	181.61398	60.98746	243.3762	-22.16667	1975000	0.007436608	479.1196	-6.0875783	0.09436684	4.0
396	1603.9066	728.5123	2318.22	360.18832	1000.0	155.40094	95.31066	245.40962	-24.748806	1980000	0.024893912	822.29156	-6.0077047	0.10304218	1.0
397	1533.5383	864.8226	2196.9949	-104.91914	1000.0	152.4903	95.54318	250.19502	-31.120892	1985000	0.023878444	991.4744	-6.0365257	0.08451535	1.0
398	2161.8542	44.69524	2216.9175	2094.621	1000.0	202.64713	32.440044	253.6697	-31.223907	1990000	0.013189765	619.5179	-6.159762	0.0766017	2.0
399	1202.2296	697.706	2208.2175	354.44882	1000.0	125.02577	114.98479	260.97345	-34.99922	1995000	0.021378513	962.5184	-5.9721704	0.1017622	1.0
400	532.7352	777.88116	2055.857	-47.238293	1000.0	47.944218	97.40134	227.99342	-30.37793	2000000	-0.07133337	755.2162	-5.951665	-0.01456355	79.0
401	2079.0496	74.85863	2193.9436	1979.4584	1000.0	177.7806	15.222868	245.38289	20.330061	2005000	0.009535919	858.3428	-6.207637	0.0935079	3.0
402	961.6406	488.11133	1583.0981	117.27696	1000.0	94.06926	112.17877	256.20694	-45.03065	2010000	0.027937934	1166.2017	-5.998864	0.095368385	1.0
403	1914.9496	75.19257	2027.8385	1834.1001	1000.0	178.88084	16.431147	246.5912	34.74069	2015000	-0.014881615	399.86728	-6.1968427	0.07856546	6.0
404	1916.1619	286.7584	2268.5605	1441.8927	1000.0	178.80672	62.312466	259.31946	-25.41166	2020000	-0.023186304	1023.8591	-6.1709476	0.08072119	7.0
405	2055.7458	115.10341	2222.3772	1920.6837	1000.0	204.07318	14.669975	254.26395	46.028625	2025000	0.011356996	443.5086	-6.207686	0.07949607	3.0
406	2000.3486	90.61624	2123.9233	1849.1262	1000.0	207.74892	12.6200695	266.06308	107.41016	2030000	-0.013153449	439.4678	-6.1691923	0.07718257	6.0
407	1633.604	430.51678	2162.97	847.10925	1000.0	169.58153	81.15507	264.08102	-25.469118	2035000	0.030347254	890.2438	-6.1326284	0.10856701	1.0
408	2045.5052	131.4934	2203.6597	1880.8778	1000.0	194.0188	13.525892	260.56873	103.35147	2040000	0.0369961	570.84955	-6.1810937	0.08063384	1.0
409	1349.8197	825.28296	2196.6853	6.1918964	1000.0	131.89165	104.698944	250.77515	-26.483702	2045000	0.05428578	971.0252	-6.075061	0.15028085	1.0
410	1140.2479	813.51465	2369.1523	296.234	1000.0	109.565315	107.949265	264.4407	-23.980478	2050000	0.022224586	1392.0756	-6.068686	0.121814676	1.0
411	1647.4482	746.172	2158.2778	163.72047	1000.0	160.5548	75.50016	267.0116	-22.338451	2055000	0.011742915	710.6814	-6.1533327	0.088304974	2.0
412	1833.5237	313.87253	2132.2944	1263.6871	1000.0	181.2156	59.844124	251.20786	-29.941437	2060000	-0.095772974	537.6791	-6.228068	0.07530687	65.0
413	1630.2595	585.48956	2059.224	479.71783	1000.0	165.08138	76.41699	244.68314	-27.463213	2065000	-0.0015896946	639.60236	-6.2120204	0.079333365	4.0
414	1579.6316	683.95044	2096.3965	234.41763	1000.0	159.47464	78.39794	246.92902	-24.719181	2070000	0.032537464	781.8578	-6.238626	0.095812246	1.0
415	1691.5095	404.5859	2052.4849	929.0783	1000.0	160.50224	77.29379	258.26114	-23.806736	2075000	0.03837658	776.9154	-6.2116666	0.11745906	1.0
416	1403.1721	744.0122	1958.6865	-12.163998	1000.0	152.19737	83.5314	241.84158	-23.095068	2080000	0.02864201	880.8366	-6.1618466	0.09201628	1.0
417	1770.29	326.33316	1964.0197	1121.344	1000.0	168.04155	58.820892	237.03847	-23.571188	2085000	0.047617663	713.02686	-6.238334	0.14806375	1.0
418	1632.1091	578.0438	2034.3486	493.5998	1000.0	164.72227	70.183	229.67505	-19.448048	2090000	0.03418663	739.4139	-6.2460146	0.09924727	1.0
419	2027.0901	107.76278	2199.3943	1925.8353	1000.0	193.10217	13.162198	236.6324	111.85697	2095000	0.051135432	380.036	-6.3003674	0.1128941	1.0
420	2013.1902	119.831184	2165.7266	1871.3496	1000.0	206.75066	13.489298	253.29398	151.14899	2100000	0.060003344	573.5957	-6.3170533	0.1435028	1.0
421	1781.2332	573.6199	2249.918	668.07544	1000.0	177.5929	75.80326	253.67227	-34.841682	2105000	0.04220561	739.2452	-6.3032703	0.10394255	1.0
422	1607.6127	795.3204	2239.7776	51.304844	1000.0	163.50269	86.20845	257.75082	-25.786623	2110000	0.050427306	617.3549	-6.27537	0.16827929	1.0
423	1695.6113	392.46167	2120.257	1214.4163	1000.0	170.31618	76.53536	250.63643	-20.864672	2115000	0.036675945	836.475	-6.261511	0.1181902	1.0
424	1925.4746	100.38302	2111.199	1815.252	1000.0	190.84116	36.510944	264.91006	-23.919504	2120000	0.011282036	627.0843	-6.324644	0.07802068	2.0
425	1932.4648	80.22311	2091.293	1873.8152	1000.0	196.43115	28.157099	252.34583	-24.394247	2125000	0.0048102536	670.6873	-6.332548	0.07890503	4.0
426	1802.3265	478.54623	2110.1646	851.06854	1000.0	175.69072	63.45734	245.39798	-49.739555	2130000	0.048297904	756.30896	-6.2963305	0.13703755	1.0
427	2009.8625	164.98734	2262.2505	1778.2458	1000.0	198.49043	20.018599	245.70154	19.016909	2135000	0.039952558	586.01324	-6.342293	0.12940711	1.0
428	1819.1207	591.8399	2242.7441	681.0447	1000.0	179.5243	70.24248	254.32607	-9.788574	2140000	0.037853587	671.9697	-6.3265796	0.095086314	1.0
429	1208.2461	1008.59985	2208.733	-36.898487	1000.0	126.22655	107.54945	257.1052	-22.470522	2145000	0.042972542	688.3627	-6.279407	0.17650741	1.0
430	1718.0178	828.7797	2329.779	76.55362	1000.0	167.77917	84.87673	267.12918	-20.441908	2150000	0.0035655862	652.49817	-6.336226	0.08636209	4.0
431	2089.727	70.63959	2184.2122	1976.9149	1000.0	211.37074	15.907893	266.33093	51.78681	2155000	-0.0219025	272.51474	-6.4096875	0.07817113	9.0
432	1734.075	514.45135	2149.5366	758.05914	1000.0	179.31383	79.07635	270.7412	-24.649513	2160000	-0.041983385	800.404	-6.3235955	0.0814301	13.0
433	1937.8943	416.10507	2263.0522	1118.0865	1000.0	187.69948	60.88022	258.21915	-21.211445	2165000	-0.034195624	633.29504	-6.358449	0.07886121	9.0
434	1480.6704	653.50854	2084.5771	335.17758	1000.0	145.81032	102.78665	267.52017	-35.94952	2170000	-0.08524061	961.451	-6.3207946	0.010334457	79.0
435	1752.7568	520.37164	2139.2493	774.39435	1000.0	168.51099	74.29989	239.54614	-21.907007	2175000	-0.06349593	1045.6655	-6.362347	0.07828241	17.0
436	1861.1078	414.517	2310.879	1078.5002	1000.0	182.3789	67.63566	251.9252	-28.440176	2180000	-0.09899296	788.5008	-6.4219933	0.058192883	79.0
437	1536.2086	623.01355	2145.359	461.46304	1000.0	156.79396	90.64293	257.05103	-24.03331	2185000	-0.09333678	945.24	-6.394703	0.028838309	79.0
438	1833.968	773.61957	2458.2136	308.47556	1000.0	165.6629	78.111664	244.20255	-26.106617	2190000	-0.03826465	914.067	-6.4864264	0.08599645	10.0
439	1514.0908	812.8017	2230.748	20.148018	1000.0	155.27295	102.31886	285.33194	-22.350134	2195000	-0.015574142	923.877	-6.399893	0.07700735	6.0
440	1852.1296	585.6557	2202.305	684.39343	1000.0	177.9652	73.36495	256.00208	-20.321629	2200000	0.015599394	575.8201	-6.459108	0.110060446	4.0
441	2213.2485	103.630264	2338.3018	2055.0522	1000.0	214.3912	14.148829	264.34393	60.549774	2205000	0.03562419	360.90598	-6.512421	0.10055516	2.0
442	1381.384	898.34766	2241.1226	103.65851	1000.0	135.91852	119.41088	263.1681	-34.68645	2210000	-0.007356086	856.0588	-6.366741	0.089849465	5.0
443	1842.4421	960.0448	2458.5261	-70.38834	1000.0	167.453	90.667946	249.83383	-26.433096	2215000	-0.042546913	648.1014	-6.459316	0.07800028	10.0
444	1619.9576	770.38684	2117.1406	98.809395	1000.0	164.75331	109.19577	290.8954	-25.800222	2220000	-0.023985825	865.7532	-6.4329734	0.083531015	8.0
445	1355.0833	897.1184	2188.3887	64.34458	1000.0	133.06544	109.698875	260.7133	-26.306816	2225000	-0.027156055	1068.7399	-6.411639	0.07939144	8.0
446	1360.8254	551.9196	2175.0361	611.74774	1000.0	129.43146	104.1282	253.93637	-41.470306	2230000	-0.015349766	1234.3123	-6.390954	0.08885957	6.0
447	1366.1891	664.8314	2293.1758	403.08856	1000.0	120.82671	102.63352	241.0955	-32.76588	2235000	-0.08251632	1219.0874	-6.461185	0.078813724	73.0
448	2078.6519	132.3882	2183.191	1838.0444	1000.0	193.59377	42.730377	263.5776	-41.424824	2240000	-0.026510315	788.5251	-6.5409217	0.0786928	7.0
449	1435.4529	753.32996	2254.1733	459.28162	1000.0	141.49397	108.87538	260.66418	-36.14642	2245000	0.003436758	952.7308	-6.451895	0.0798769	3.0
450	1243.4905	840.82355	2364.4146	168.33432	1000.0	114.41111	109.56445	248.40219	-28.96167	2250000	0.03346178	1070.4805	-6.479087	0.13881539	1.0
451	1431.5657	760.61414	2503.235	226.44107	1000.0	121.34005	107.814705	255.16086	-32.467896	2255000	0.027493527	1062.79	-6.4780717	0.108581886	1.0
452	1413.7264	551.7976	2152.9915	493.38077	1000.0	135.932	106.64748	283.8765	-32.854164	2260000	0.016361501	1222.6672	-6.4491706	0.076365314	1.0
453	1838.4495	643.3896	2516.242	736.0519	1000.0	165.65398	78.09193	249.59448	-20.104536	2265000	0.018301103	1877.496	-6.4975815	0.09743133	2.0
454	2284.4858	187.87689	2600.0183	2068.7383	1000.0	218.03055	21.626438	294.61182	52.891968	2270000	0.030466065	530.9258	-6.5277166	0.07863063	2.0
455	2057.6785	233.5411	2264.6196	1608.3893	1000.0	217.2087	55.21432	307.92426	-16.747519	2275000	0.0682386	969.276	-6.5380354	0.2697278	1.0
456	1586.1741	722.9983	2200.062	232.15955	1000.0	163.06815	96.30773	263.89932	-30.946156	2280000	-0.09127633	748.06555	-6.5123196	0.04260705	79.0
457	1840.6511	745.7112	2327.4927	360.63754	1000.0	171.54674	80.82867	249.37476	-21.54844	2285000	-0.044807795	665.0806	-6.584082	0.07918428	11.0
458	1917.0398	314.90063	2141.96	1301.4481	1000.0	189.33466	76.447784	267.42368	-18.161346	2290000	-0.08029194	633.2728	-6.63748	0.07535174	67.0
459	1683.932	773.17957	2267.342	220.81683	1000.0	164.74443	93.48206	246.40378	-20.149452	2295000	-0.0368791	832.93024	-6.584364	0.084148094	10.0
460	2209.857	116.53602	2365.1	2010.6208	1000.0	214.39728	12.716621	260.5089	71.64027	2300000	0.023147345	606.5892	-6.6268806	0.09586761	2.0
461	1667.2341	892.05853	2613.1094	412.94745	1000.0	162.0389	109.35501	280.201	-25.852606	2305000	0.031540483	1239.3573	-6.6002445	0.09959018	1.0
462	1952.6465	394.46732	2355.9458	1215.8928	1000.0	201.88416	68.712135	277.9073	-17.312256	2310000	0.06235702	953.8826	-6.619509	0.17811765	1.0
463	2099.4556	217.19673	2406.4023	1801.9529	1000.0	214.89792	21.640366	264.86984	16.430706	2315000	0.033360988	607.8797	-6.594199	0.101385556	1.0
464	2177.7822	224.96924	2396.7632	1778.1501	1000.0	214.765	20.002308	264.38165	34.2509	2320000	0.054666143	647.1026	-6.6650577	0.13931102	1.0
465	2189.864	159.64935	2484.406	2025.2957	1000.0	219.20212	15.33854	275.67245	109.79453	2325000	0.05503435	825.3135	-6.688664	0.15595181	1.0
466	2291.4263	124.677055	2416.0452	2139.9824	1000.0	224.98485	18.032883	290.31604	71.73832	2330000	0.056300722	582.0645	-6.7362623	0.15221381	1.0
467	2164.1284	373.40817	2466.5386	1427.7074	1000.0	216.36365	61.096954	284.05026	-45.75248	2335000	0.052017964	823.79803	-6.7470174	0.11368723	1.0
468	1920.5199	637.80334	2325.8213	653.03357	1000.0	198.26387	78.64931	279.64597	-0.27862793	2340000	0.06511747	789.45984	-6.7567267	0.16504546	1.0
469	1227.3214	709.8421	2431.8193	326.6049	1000.0	118.10554	120.57295	271.062	-20.261549	2345000	0.04117715	1535.0786	-6.619925	0.15362583	1.0
470	1599.2328	804.5493	2504.9255	635.5726	1000.0	141.0735	107.23486	276.27023	-25.420382	2350000	0.014463764	975.017	-6.697239	0.07800662	1.0
471	2025.0332	792.66766	2560.749	448.08167	1000.0	192.67093	86.78576	281.94357	-23.073105	2355000	-0.011252385	981.9624	-6.71825	0.084801786	5.0
472	1960.5941	313.97385	2160.801	1337.0375	1000.0	209.35472	77.387886	304.73013	-25.099808	2360000	-0.023242744	930.3344	-6.700261	0.08304824	7.0
473	1360.1184	428.02228	1905.7726	648.9845	1000.0	121.99258	116.491936	278.57877	-22.250765	2365000	-0.028333941	1440.7266	-6.6477633	0.07759354	7.0
474	1911.4323	796.9803	2437.4583	328.32712	1000.0	178.92586	82.307274	259.2073	-22.952415	2370000	-0.015043617	912.504	-6.7233315	0.07566179	5.0
475	1918.249	622.9772	2374.4124	707.1308	1000.0	190.80313	87.43803	280.66864	-25.214664	2375000	0.030099817	1050.0707	-6.7101116	0.091671236	1.0
476	1667.2305	680.9645	2496.7732	529.8208	1000.0	154.69371	110.1332	275.41806	-30.82798	2380000	0.03927706	1237.304	-6.6737156	0.15075336	1.0
477	1597.6968	660.677	2343.3428	372.21832	1000.0	145.06715	112.961975	270.3648	-25.745247	2385000	-0.015271515	1364.7262	-6.6725397	0.07574834	6.0
478	1006.9152	523.6563	1571.5267	184.76643	1000.0	91.76653	115.7603	276.08344	-43.227085	2390000	-0.07732266	1144.3992	-6.671075	-0.0042595076	79.0
479	1945.7415	495.24872	2454.3877	1307.5846	1000.0	168.56491	75.8772	254.03261	-19.77965	2395000	-0.024512868	1173.019	-6.7539845	0.07526197	6.0
480	2328.1477	159.69812	2535.3994	2077.701	1000.0	222.64203	24.279804	294.9101	3.3121035	2400000	0.028454553	573.564	-6.7891045	0.09212854	1.0
481	1965.571	778.6982	2467.4019	420.25357	1000.0	201.20316	88.03671	288.5693	-10.990864	2405000	0.0048444495	791.5118	-6.777674	0.091931716	4.0
482	2158.4304	286.35596	2455.7017	1624.1888	1000.0	221.20537	62.791115	291.7285	-17.904686	2410000	0.027582087	907.0804	-6.788059	0.075154215	1.0
483	1782.7113	772.5378	2356.408	309.7278	1000.0	180.31578	101.77203	289.34048	-31.075943	2415000	0.0433024	839.3288	-6.74975	0.16556521	1.0
484	1248.2742	828.784	2241.194	270.60565	1000.0	127.12028	114.279434	267.3489	-14.484818	2420000	0.010065545	1428.0748	-6.6828423	0.078018375	2.0
485	1947.1094	393.3384	2331.0676	1311.6619	1000.0	175.99284	69.15224	286.64713	-24.58061	2425000	0.0028335475	1001.7486	-6.754428	0.100063585	5.0
486	1970.3264	418.33408	2348.9626	1161.0399	1000.0	191.3886	71.63073	273.64917	-18.870995	2430000	0.029557947	1184.0378	-6.783336	0.10552716	1.0
487	1742.636	579.713	2275.4712	769.2356	1000.0	169.50262	93.44095	290.2791	-21.95296	2435000	0.036948863	1003.2776	-6.770004	0.09533459	1.0
488	2211.9536	59.446716	2304.125	2138.0667	1000.0	209.07686	36.8542	269.40173	-17.127424	2440000	0.03855933	1078.946	-6.8494163	0.115616225	1.0
489	1851.9951	538.87195	2383.1157	939.26935	1000.0	179.4918	90.49237	267.4317	-17.605158	2445000	0.049761403	939.5002	-6.764092	0.14211245	1.0
490	1388.2318	881.28925	2317.0303	36.576424	1000.0	140.40018	109.43313	270.0004	-34.5378	2450000	-0.007336741	1600.7083	-6.724946	0.07975316	5.0
491	1778.6674	635.2573	2373.9475	952.66235	1000.0	162.9606	94.541824	301.2796	-21.985079	2455000	0.022143425	981.2525	-6.756367	0.07535315	1.0
492	1726.1412	700.6969	2255.753	431.1034	1000.0	168.97842	99.436226	283.4963	-18.424826	2460000	0.033038072	794.7013	-6.760633	0.11124435	1.0
493	1501.7653	1028.5948	2323.6375	-448.7489	1000.0	186.0801	67.43452	270.8877	-19.250126	2465000	0.043072514	1417.144	-6.8890986	0.25003463	4.0
494	1931.947	610.7113	2519.8274	808.92303	1000.0	179.9754	86.86449	267.2264	-26.880806	2470000	0.0084236935	926.5796	-6.804887	0.105495825	3.0
495	1911.1996	665.07043	2389.2725	591.4175	1000.0	192.29892	83.961754	290.74292	-20.663805	2475000	0.014579027	866.6311	-6.7922015	0.10784834	4.0
496	908.97833	731.6009	2199.3232	95.22679	1000.0	87.92417	117.488434	281.23157	-43.538383	2480000	-0.010032895	860.5766	-6.671986	0.08282669	5.0
497	1872.0198	584.65424	2490.325	867.7129	1000.0	160.00102	89.04063	248.92564	-21.441105	2485000	-0.013410565	1062.8586	-6.8082314	0.075813524	5.0
498	1756.2585	885.19836	2656.513	354.91458	1000.0	164.83028	108.379555	298.14435	-20.334494	2490000	0.016648224	1040.8033	-6.81495	0.0869072	1.0
499	1863.9681	480.08505	2428.2622	1094.0144	1000.0	191.20467	96.229195	279.23822	-48.641663	2495000	-0.08850959	1365.2515	-6.9351954	0.03245154	79.0
500	1792.8972	644.6797	2389.482	648.9514	1000.0	169.80423	97.26772	279.86517	-20.37425	2500000	-0.07115733	1092.1658	-6.893275	0.08196493	30.0
501	1757.3002	591.2965	2402.264	787.10205	1000.0	162.42488	102.25928	266.8466	-27.952042	2505000	-0.03559193	1289.0254	-6.918156	0.075170435	10.0
502	1615.2164	594.37585	2310.1653	925.7369	1000.0	150.80313	111.80067	308.3392	-18.410774	2510000	-0.0057355575	960.1054	-6.896125	0.07548832	4.0
503	1268.0521	915.5837	2502.578	-72.30344	1000.0	112.97269	119.71692	269.54257	-21.727297	2515000	-0.0084102405	1659.5096	-6.875143	0.09218923	4.0
504	2483.9338	127.23521	2693.188	2337.0315	1000.0	224.8306	34.38632	289.69644	-15.786652	2520000	0.029221375	994.7287	-7.001814	0.0836579	1.0
505	2107.1987	373.4168	2460.1382	1384.8549	1000.0	223.32382	75.75544	313.09076	-15.289824	2525000	0.039534315	975.118	-6.9539485	0.10414646	1.0
506	1911.0062	723.14844	2616.2144	740.0455	1000.0	179.12881	97.060844	270.11945	-27.238363	2530000	0.0303568	1119.6523	-6.9413047	0.120526634	1.0
507	2083.5625	545.4215	2481.8276	1016.2479	1000.0	208.87689	76.40446	302.09137	-17.767935	2535000	0.009799524	980.2635	-6.9831696	0.09013339	4.0
508	1907.8826	917.62415	2524.7449	92.62942	1000.0	188.17291	95.99607	309.67813	-15.291785	2540000	-0.006280377	1164.4056	-6.9422374	0.08130873	4.0
509	1582.2241	828.79297	2483.6997	208.81346	1000.0	152.8937	114.97818	303.18863	-21.213964	2545000	-0.019906022	1571.0898	-6.918636	0.08065473	6.0
510	888.5553	672.06445	2126.6438	98.49611	1000.0	87.2264	117.57242	304.71967	-22.153515	2550000	-0.008518006	1164.047	-6.8465157	0.077194974	5.0
511	1273.6594	304.4561	1809.4727	1019.0397	1000.0	102.869606	103.39348	262.1881	-54.01978	2555000	-0.006563882	1476.726	-6.874679	0.082877435	3.0
512	1500.0752	884.9461	2492.7734	221.64345	1000.0	124.73415	104.2673	284.23297	-39.127304	2560000	-0.013664946	1398.8806	-6.9171405	0.07811519	5.0
513	2026.9834	734.8512	2407.4077	557.5612	1000.0	191.30675	85.26469	300.98846	-15.480695	2565000	-0.01005533	878.3995	-6.9624953	0.07681047	5.0
514	1980.5481	482.1491	2486.8103	1136.3364	1000.0	195.8495	91.46007	299.66522	-16.49819	2570000	-0.086804636	1655.8152	-6.9575357	0.04071979	79.0
515	1987.6039	870.6166	2552.7546	257.4722	1000.0	185.6349	93.314545	321.5739	-17.562778	2575000	-0.054318763	1319.5001	-6.9920344	0.07541448	17.0
516	995.1255	743.6399	2439.7168	366.46298	1000.0	99.4241	122.77386	295.3978	-71.17918	2580000	-0.07317566	1427.949	-6.9083796	-0.022459414	79.0
517	1241.0302	784.0308	2465.6191	333.27335	1000.0	101.76601	109.42086	272.91953	-19.04284	2585000	-0.029781109	1383.8488	-6.9572673	0.08096494	7.0
518	2275.8008	381.3504	2542.0422	1524.1777	1000.0	198.18085	69.443565	268.26428	-20.580553	2590000	0.0020304276	1050.0416	-7.089644	0.08814314	4.0
519	2425.1914	131.93507	2597.1887	2196.729	1000.0	247.45438	15.439934	310.6147	155.31407	2595000	0.039620314	631.5351	-7.1282744	0.09010816	1.0
520	1463.4158	950.7954	2513.0994	256.84897	1000.0	149.97847	124.4388	298.26224	-16.118752	2600000	0.05995878	1505.6904	-6.9341936	0.2661564	1.0
521	1678.2903	692.9683	2598.234	786.24756	1000.0	150.14757	112.362656	291.5395	-15.399127	2605000	-0.012077646	1409.232	-7.063567	0.07530663	5.0
522	2100.599	467.84732	2569.661	1374.9056	1000.0	191.23982	93.82769	308.80988	-21.693226	2610000	-0.014084906	1521.1716	-7.0859327	0.07613809	6.0
523	1912.4343	866.1941	2656.781	423.3884	1000.0	180.31645	109.451706	293.92477	-17.238731	2615000	-0.005380826	1276.898	-7.0627327	0.08999326	4.0
524	1206.4337	739.8285	2602.2559	530.03925	1000.0	120.68065	129.85828	341.00253	-25.082968	2620000	0.01044478	1490.7142	-6.950424	0.0874188	1.0
525	1494.4932	1042.4161	2531.2522	64.10466	1000.0	130.40642	109.96937	266.93634	-16.258312	2625000	0.0044550803	1806.1814	-6.96625	0.07794427	2.0
526	1280.9456	1059.3971	2708.2048	235.0224	1000.0	112.10127	120.14722	284.77036	-22.509363	2630000	-0.027060345	1392.5758	-6.94928	0.08438945	8.0
527	1335.3832	791.5894	2627.035	397.97296	1000.0	125.14617	121.214294	308.16263	-16.807308	2635000	-0.0791212	1853.2732	-7.0134134	0.015752949	79.0
528	1240.5068	892.39197	2354.0308	135.81578	1000.0	101.9547	114.25189	312.55997	-24.006706	2640000	-0.030218938	1698.2316	-7.0021353	0.09277645	8.0
529	1500.6595	868.4258	2658.6729	389.30447	1000.0	131.67152	116.08959	328.7997	-29.338129	2645000	-0.005035319	1889.6942	-7.0306563	0.08918913	4.0
530	830.2289	831.0099	2350.5872	68.976654	1000.0	75.89323	113.96071	322.4481	-20.000456	2650000	0.019880915	1107.5511	-6.9526854	0.13301967	1.0
531	1218.7837	715.9604	2430.0925	342.60263	1000.0	103.44627	110.33641	316.18024	-15.624215	2655000	0.010915383	1121.392	-6.971325	0.09682782	1.0
532	1833.1111	980.71735	2650.794	165.61626	1000.0	156.07996	102.40051	286.76498	-17.103157	2660000	0.02727818	1373.1469	-7.076236	0.12438831	2.0
533	1608.4055	928.9379	2635.73	258.3277	1000.0	154.82118	127.54899	330.44077	-22.887728	2665000	-0.020823391	1544.5066	-7.046122	0.07907738	6.0
534	1364.5778	821.4039	2563.44	434.50305	1000.0	126.778435	124.772385	296.8377	-17.896242	2670000	-0.08210326	1425.5939	-7.06965	0.008509037	79.0
535	1827.1042	973.9125	2704.8462	313.59387	1000.0	170.1823	102.63711	303.24112	-30.138666	2675000	0.009875422	2477.85	-7.2250924	0.08119102	3.0
536	2089.6274	794.23157	2519.4468	501.95056	1000.0	207.42911	95.13703	318.87662	-21.956541	2680000	0.048314143	761.1046	-7.144131	0.23400474	1.0
537	1996.1692	1036.2214	2669.7893	-57.540707	1000.0	190.97542	112.41986	298.06104	-22.233738	2685000	0.05560059	1229.513	-7.0917587	0.19079822	1.0
538	1682.7585	741.16583	2612.5803	642.079	1000.0	170.66023	126.20881	316.9517	-20.531744	2690000	0.016251745	1457.9507	-7.0401673	0.09264452	1.0
539	1209.7808	782.89606	2563.5662	271.02496	1000.0	118.5185	124.236496	297.53128	-21.822483	2695000	0.03152956	1862.5627	-6.9156756	0.1356676	1.0
540	2016.3903	784.69037	2759.7798	1019.35864	1000.0	169.28568	105.31503	295.2117	-22.714405	2700000	0.025958246	1639.7825	-7.069696	0.09324084	1.0
541	2024.6989	744.3125	2702.8892	602.2035	1000.0	197.09265	108.827866	317.19232	-19.265915	2705000	0.027852315	2003.8314	-7.069261	0.086051516	1.0
542	2569.3796	127.42371	2768.2031	2455.2048	1000.0	248.8437	23.311113	321.4381	32.432	2710000	0.05343161	849.0987	-7.184098	0.13298036	1.0
543	1716.5808	1015.1669	2804.4658	-30.198387	1000.0	182.05904	120.48514	321.31052	-17.793642	2715000	0.037906766	1230.2582	-6.992956	0.14339751	1.0
544	1848.8912	820.1072	2644.122	586.6599	1000.0	179.3768	112.809265	302.93506	-21.82839	2720000	0.033077907	1365.5742	-7.042747	0.12821995	1.0
545	2415.7202	92.74884	2553.9856	2305.9084	1000.0	239.56235	34.726006	299.15585	-5.6315684	2725000	0.03302378	1359.8684	-7.1426134	0.10363301	1.0
546	2005.742	796.4023	2528.7349	428.8274	1000.0	208.39682	75.596664	305.0403	16.2396	2730000	0.051566552	645.65344	-7.0816092	0.1432154	1.0
547	2097.2026	391.79852	2448.1177	1355.0609	1000.0	211.5863	80.20849	294.41858	-11.629717	2735000	0.009797327	1673.4702	-7.119051	0.08039756	2.0
548	1391.6028	934.34503	2545.214	409.44556	1000.0	134.50266	116.62176	286.73212	-25.222948	2740000	-0.011783824	1367.7039	-6.977751	0.0837816	4.0
549	2008.0455	638.5565	2635.721	883.16675	1000.0	179.99506	96.2681	296.3951	-20.704657	2745000	-0.01634874	1582.9634	-7.086606	0.08243598	5.0
550	1151.0082	1020.5646	2448.1711	-20.080929	1000.0	118.84937	123.843285	289.5083	-20.112518	2750000	0.0041357437	1121.338	-6.9321733	0.10580559	3.0
551	1993.5336	761.21356	2474.0417	478.00537	1000.0	175.06462	95.478355	300.7892	-48.84442	2755000	0.009830339	1195.647	-7.109119	0.083051585	2.0
552	2226.7944	386.89337	2618.8008	1483.3547	1000.0	218.09065	67.80439	285.31805	-18.651508	2760000	-0.018265646	765.5435	-7.155658	0.08068853	6.0
553	1491.1853	838.4795	2466.369	509.0387	1000.0	139.09206	131.16383	280.06763	-69.57591	2765000	0.0211794	1551.95	-6.892179	0.11718208	3.0
554	1819.8967	776.94934	2537.9363	655.4603	1000.0	163.50316	102.80803	288.7163	-23.984526	2770000	0.030364867	1674.0841	-7.074067	0.095808715	1.0
555	2371.2544	372.46808	2683.8481	1644.1306	1000.0	216.6334	61.247906	274.88293	-26.608072	2775000	0.06479388	859.4676	-7.1904674	0.21043122	1.0
556	1410.4984	962.1257	2528.2354	264.58212	1000.0	145.20406	128.17104	300.3413	-22.68815	2780000	0.020128423	1588.8982	-6.978478	0.103660315	1.0
557	1668.6836	904.0635	2432.0327	328.0478	1000.0	160.41368	109.08517	296.00748	-38.98881	2785000	-0.018547162	1256.9377	-7.0340695	0.083239205	6.0
558	1390.8723	815.8402	2513.8877	210.1464	1000.0	125.24504	124.7236	290.69666	-27.35126	2790000	-0.07394216	1418.0991	-6.983155	0.030594977	79.0
559	2240.6602	296.72156	2557.4346	1690.4052	1000.0	211.7774	73.258995	311.1109	-40.521763	2795000	-0.013422909	1751.298	-7.199717	0.0935107	5.0
560	1539.5221	748.6141	2441.615	514.68744	1000.0	148.9964	119.80932	287.77808	-26.07038	2800000	0.0037778516	1017.1586	-7.0309844	0.0801128	4.0
561	1940.8346	769.9252	2583.5417	586.8935	1000.0	179.28494	100.05129	286.8431	-18.897493	2805000	0.03656157	1246.5911	-7.1164436	0.14001025	1.0
562	1560.2676	795.2188	2600.906	550.1926	1000.0	149.40172	121.7995	293.78778	-19.686378	2810000	0.020682955	1181.1472	-6.9994717	0.10752159	1.0
563	2096.072	649.20044	2544.0732	806.0304	1000.0	199.98915	87.3896	301.52396	-18.647778	2815000	0.025212815	814.2653	-7.157131	0.094203554	1.0
564	1250.4952	1002.06586	2647.528	91.150955	1000.0	129.5726	125.9452	298.60168	-11.532748	2820000	0.021906314	1274.4602	-6.953408	0.11164621	1.0
565	1821.3945	430.4667	2381.896	1291.2897	1000.0	177.62947	97.26977	325.36917	-15.057521	2825000	0.016265849	1354.9618	-7.082665	0.07949399	1.0
566	1949.6758	796.4778	2537.6948	428.14127	1000.0	173.39297	94.75854	301.95795	-18.87457	2830000	0.00014748955	1158.5127	-7.0800595	0.07901278	3.0
567	1665.1443	997.31946	2569.7695	137.3343	1000.0	164.93121	115.92738	310.38333	-18.44182	2835000	0.017110754	1086.2992	-7.035029	0.08677911	1.0
568	1466.0458	761.79675	2232.4448	157.25313	1000.0	140.64874	119.827225	295.27197	-17.192493	2840000	-0.014118875	1585.471	-6.9636016	0.08338512	6.0
569	2137.896	758.00946	2617.651	629.70264	1000.0	185.00612	82.61858	313.38388	-17.181595	2845000	0.019875681	1043.1357	-7.1725874	0.0941	2.0
570	2034.0557	578.1378	2437.2783	894.7387	1000.0	213.21515	83.74115	292.58218	-11.435912	2850000	0.001117314	1765.1586	-7.2379947	0.09111351	5.0
571	1803.7617	834.69495	2654.1584	706.50183	1000.0	182.77953	105.47362	312.09372	-10.705595	2855000	-0.010228852	1582.6764	-7.0799804	0.10127203	5.0
572	1532.1204	934.8893	2568.794	-57.53194	1000.0	150.45375	117.949905	310.05457	-18.383562	2860000	-0.015839938	1676.4504	-7.011678	0.09219844	5.0
573	1587.3763	798.2624	2514.582	305.15106	1000.0	147.83078	117.57979	295.302	-17.968277	2865000	-0.004331406	1492.2803	-7.004326	0.08556431	4.0
574	1763.1074	909.10565	2614.6794	337.82483	1000.0	168.4215	111.428665	303.34567	-17.219467	2870000	-0.0054505737	900.9565	-7.093464	0.093569726	4.0
575	1522.9777	686.0968	2406.813	296.0986	1000.0	148.5556	121.568115	288.52823	-65.982254	2875000	-0.084829934	1871.2404	-7.095177	-0.0030138514	79.0
576	1800.3308	924.32025	2467.2495	50.6508	1000.0	161.69218	102.42021	292.013	-51.135273	2880000	-0.04713782	970.5196	-7.1668234	0.08267809	11.0
577	1232.5005	855.1039	2356.737	246.6018	1000.0	117.276276	123.329384	298.5882	-21.342062	2885000	-0.07767985	1255.4677	-7.0724072	0.0009064329	79.0
578	2245.3657	279.19833	2556.7388	1721.5807	1000.0	208.5253	54.54387	287.73804	-15.105249	2890000	-0.014707382	575.0235	-7.3145657	0.07787661	6.0
579	1993.8113	545.6497	2581.629	1252.5684	1000.0	185.97987	100.789566	285.70685	-39.009	2895000	-0.0022009232	2202.6362	-7.2278304	0.091311954	3.0
580	1839.5121	543.8909	2500.7017	996.0766	1000.0	177.86961	103.691284	306.9606	-19.637636	2900000	-0.0010954142	1362.0884	-7.2117953	0.08738609	4.0
581	1285.8599	947.4744	2440.4614	80.1118	1000.0	123.1404	119.33453	278.6475	-111.64241	2905000	-0.07645552	1288.1237	-7.1356125	0.015735941	79.0
582	1918.2731	803.03076	2585.8684	344.21756	1000.0	175.07843	95.44195	288.49844	-30.134966	2910000	-0.027989643	1326.2294	-7.3119273	0.07925132	7.0
583	1829.886	315.94086	2360.4504	1403.2214	1000.0	163.60129	110.8109	286.4061	-42.635246	2915000	-0.0067782244	1306.7231	-7.231499	0.07772812	4.0
584	2285.125	148.72125	2455.2463	2034.7888	1000.0	228.25975	33.80217	277.12836	-17.607428	2920000	-0.012193424	898.7108	-7.382417	0.08006477	5.0
585	2251.1992	245.2336	2561.091	1906.5471	1000.0	211.91534	71.35435	285.77054	-20.834665	2925000	-0.00056871126	1442.4462	-7.3760023	0.076479055	3.0
586	2177.039	613.8123	2548.03	964.9388	1000.0	207.4076	82.767044	297.70303	-14.810216	2930000	0.032574475	609.79645	-7.303732	0.111645445	2.0
587	1901.7441	881.84106	2729.052	231.32117	1000.0	201.39412	97.04904	301.2756	-7.840767	2935000	0.069851145	1438.3898	-7.312936	0.24379775	1.0
588	2366.5063	146.76118	2581.6638	2175.7056	1000.0	233.6985	20.195564	298.36835	62.039036	2940000	0.05783519	668.65546	-7.4197946	0.12976503	1.0
589	1594.6423	937.7528	2439.6904	120.39784	1000.0	164.14592	116.55374	294.71268	-18.862932	2945000	0.075372405	1121.5435	-7.27943	0.2836434	1.0
590	1175.6416	887.77905	2684.9673	178.59319	1000.0	107.740074	120.57932	284.86514	-18.589508	2950000	0.017297007	1426.6093	-7.201061	0.13342157	1.0
591	1599.9795	948.8777	2562.0222	149.52422	1000.0	152.2282	108.37497	282.6589	-19.256647	2955000	0.018846717	1192.7336	-7.2693405	0.15331247	2.0
592	1967.9607	365.58118	2585.192	1483.6025	1000.0	180.75232	93.94889	275.20554	-19.709038	2960000	-0.024529647	1722.6304	-7.335192	0.093890116	7.0
593	2177.4517	693.921	2670.843	807.64496	1000.0	198.4145	80.394226	301.0387	-26.014519	2965000	0.0047035753	1379.157	-7.376772	0.079729855	3.0
594	1285.9526	1072.4764	2703.7786	31.141111	1000.0	119.08868	128.68463	312.1173	-20.480213	2970000	0.009814804	1375.7306	-7.2120094	0.09047516	1.0
595	1014.04034	549.1842	1749.9362	294.43744	1000.0	97.48919	124.758156	286.86478	-22.86366	2975000	0.0011152449	1344.2773	-7.1555624	0.079940744	2.0
596	932.5648	875.2049	2430.5125	76.62602	1000.0	69.43725	104.7291	276.30246	-19.067186	2980000	-0.007974285	1241.1259	-7.166017	0.087020785	3.0
597	1473.185	772.86584	2577.1199	283.32672	1000.0	125.56777	115.33071	273.7946	-18.461105	2985000	-0.013156064	1610.651	-7.2464166	0.086086944	4.0
598	1792.1344	1047.2808	2717.2483	32.7492	1000.0	156.8133	111.68097	299.4674	-17.772524	2990000	-0.010592494	1464.1282	-7.3078914	0.07837824	4.0
599	1772.0325	990.7118	2645.4934	9.545933	1000.0	177.37253	123.022	329.1882	-21.47574	2995000	0.010332745	1310.8412	-7.3098955	0.080473304	2.0
600	1789.1078	703.9697	2513.6152	531.95355	1000.0	179.443	115.46842	308.37112	-16.63095	3000000	0.01965399	1292.0016	-7.2687235	0.11125691	2.0
