Epoch	AverageEpRet	StdEpRet	MaxEpRet	MinEpRet	EpLen	AverageVVals	StdVVals	MaxVVals	MinVVals	TotalEnvInteracts	PolicyLoss	ValueLoss	Entropy	AvgKL	StopIter
1	-43.56188	39.185623	26.861694	-89.30838	777.6667	0.2041625	0.36780056	1.8101903	-1.1588368	5000	-0.12879659	76.01726	3.149624	0.02789845	79.0
2	-15.370048	22.73414	23.956064	-51.815865	163.08333	-4.7121363	2.9325545	1.857265	-17.157982	10000	-0.13645087	64.97398	3.1033971	0.02056744	79.0
3	-14.606169	25.65152	19.96041	-71.74111	375.33334	-4.483552	3.1768243	5.7367654	-20.155298	15000	-0.13685939	54.4783	3.1094284	0.034742743	79.0
4	-16.857233	51.19213	39.684834	-108.21879	830.4	-3.862935	3.096777	5.2565355	-18.426235	20000	-0.12432523	70.0881	3.1018806	0.016295193	79.0
5	-7.4511933	30.466303	30.759512	-33.43627	817.2	-3.258565	3.850058	8.627408	-32.471527	25000	-0.13254651	57.39499	3.028136	0.030683173	79.0
6	11.444476	31.431868	52.19184	-36.381783	445.85715	-2.5029294	4.461656	13.37242	-26.612566	30000	-0.13456649	68.78616	3.009302	0.046745382	79.0
7	27.960485	24.325203	62.14699	-0.8105648	931.2	-1.0648242	5.13519	19.226236	-29.459654	35000	-0.13704628	35.988983	3.0100589	0.034183867	79.0
8	60.727943	32.552746	111.728745	19.40588	694.8	1.5238664	3.398763	15.937397	-16.255642	40000	-0.13762765	63.854923	2.9643126	0.04421042	79.0
9	30.68864	33.064495	84.47788	-9.998427	706.2857	4.8661094	4.2549763	27.855291	-18.128786	45000	-0.13306463	66.64309	2.9189203	0.04573595	79.0
10	26.527878	20.709858	67.765945	5.6904473	562.4286	4.01661	4.3735	32.21179	-29.728195	50000	-0.13493533	52.62779	2.905704	0.029710755	79.0
11	42.98389	47.27777	132.97958	-0.2278682	611.5	3.4189234	4.0550156	17.735006	-18.915432	55000	-0.13982499	42.574543	2.9101965	0.024377262	79.0
12	37.159626	32.12779	88.32148	4.128627	791.8	5.204581	4.9965024	26.525862	-27.30889	60000	-0.13857286	54.089962	2.846318	0.03267529	79.0
13	82.10147	94.60858	249.52972	-32.84272	768.8	8.837992	10.249013	38.39658	-23.587902	65000	-0.14518617	83.61135	2.8075264	0.031267226	79.0
14	42.75925	34.493454	89.41697	2.2089856	482.66666	9.717621	6.0544314	33.06526	-19.626284	70000	-0.14545046	18.492193	2.7705953	0.03726263	79.0
15	84.31779	54.25316	158.91444	20.782988	737.2	7.884561	3.665989	25.773037	-7.906974	75000	-0.1408496	101.61679	2.7245378	0.04698793	79.0
16	90.531555	56.46615	152.12477	-11.755354	822.4	8.185884	6.698051	32.215614	-29.664816	80000	-0.13986023	74.613495	2.687142	0.038491376	79.0
17	70.53329	35.429466	129.15793	29.31208	562.0	11.485244	4.362761	30.134106	-7.0765543	85000	-0.14176016	45.870975	2.6418238	0.042301185	79.0
18	85.83388	63.126503	194.08675	4.021024	532.0	10.908156	4.44642	30.76582	-8.370845	90000	-0.14586568	64.03499	2.568477	0.044728912	79.0
19	92.083786	47.777287	144.15157	15.026198	598.7143	12.428901	5.7940044	39.69816	-18.851608	95000	-0.15188469	68.52342	2.4734364	0.04222846	79.0
20	54.70906	46.72481	169.01086	10.008769	393.44446	10.478474	8.706494	34.03833	-21.027168	100000	-0.14869396	58.778824	2.4302053	0.037573494	79.0
21	102.880424	58.801212	193.43266	15.814193	599.5	15.642967	5.4323153	34.170288	-14.358526	105000	-0.14912277	58.104527	2.3889878	0.04223757	79.0
22	92.17344	67.28101	167.14053	-6.7270546	468.6	14.778872	5.457742	37.068962	-16.78758	110000	-0.14474335	67.2092	2.3563695	0.038172524	79.0
23	135.132	94.754745	260.86838	3.052588	652.6667	15.949061	6.525545	47.234734	-18.195477	115000	-0.14595774	49.491882	2.294403	0.0443818	79.0
24	134.5952	78.27946	220.5144	13.176547	702.3333	18.177294	6.91179	40.108288	-6.356146	120000	-0.15152551	53.614086	2.2562985	0.048243117	79.0
25	123.27242	46.965694	205.861	53.358112	513.1429	19.241497	8.006173	43.92155	-5.9648805	125000	-0.14561436	74.43734	2.1950164	0.04712077	79.0
26	73.110115	65.869675	198.07071	-9.84642	358.25	17.493912	6.7829275	42.4277	-24.17392	130000	-0.141098	50.037086	2.1782265	0.0351869	79.0
27	146.28389	47.718216	225.99245	84.95188	819.0	16.354294	6.9073286	41.279713	-15.968518	135000	-0.13889866	34.493195	2.1269991	0.044658363	79.0
28	213.02982	25.64352	239.90245	169.90715	837.4	19.43193	8.493106	47.521885	-27.484879	140000	-0.15115456	81.50078	2.0344155	0.045822494	79.0
29	200.88957	82.0403	323.49548	111.03894	830.0	19.20366	7.421361	43.16371	-15.715925	145000	-0.1429529	40.96	2.0468292	0.05037702	79.0
30	216.14046	102.1991	322.25735	28.440426	826.6	21.68427	10.946368	59.24053	-8.407799	150000	-0.14968283	51.196754	1.9371363	0.051390916	79.0
31	157.23282	86.898346	253.44348	35.794205	710.0	26.770897	6.933247	53.549465	2.2252972	155000	-0.14179824	56.47842	1.9232203	0.036902588	79.0
32	207.85078	42.529408	267.07657	147.76991	1000.0	21.061651	7.458148	46.627804	-1.8729105	160000	-0.14983223	62.79106	1.8636068	0.04199422	79.0
33	230.93779	43.942505	281.36172	180.36893	1000.0	19.874477	7.5743327	47.54102	-12.949566	165000	-0.14788222	56.927086	1.8265371	0.04287258	79.0
34	197.2651	110.65698	315.4673	2.7984846	743.4	24.818357	4.8964105	46.97461	-3.1011295	170000	-0.14356837	52.763973	1.7792672	0.04783153	79.0
35	124.46878	75.12252	254.52919	38.53472	474.5	25.12178	7.504067	48.01664	-8.851417	175000	-0.14500213	66.96987	1.7041137	0.045343764	79.0
36	164.13957	86.22779	267.6821	61.046387	565.8333	19.662952	11.644744	50.68114	-19.251131	180000	-0.15163086	89.69377	1.6461234	0.054292273	79.0
37	226.59961	106.87649	361.21008	33.109325	748.8333	27.773493	5.965703	48.68637	-3.153297	185000	-0.149996	71.73569	1.5798426	0.0550906	79.0
38	251.40515	111.70927	397.06537	98.71533	738.2	27.625622	7.157849	53.316025	-1.4043096	190000	-0.14851387	52.205967	1.5369706	0.05656695	79.0
39	219.24393	82.565445	303.94147	68.74767	828.4	28.660162	6.2650847	49.044518	6.934106	195000	-0.14767781	70.425705	1.4836062	0.049311176	79.0
40	262.55524	141.80705	427.47256	85.036	725.6	28.883709	8.000829	56.288292	-2.043505	200000	-0.14174752	88.50346	1.4340941	0.05344034	79.0
41	326.14398	54.65499	414.2531	253.08626	912.0	33.42325	9.52584	68.363205	2.4162123	205000	-0.14241655	66.38887	1.3794245	0.03578868	79.0
42	324.10947	27.716667	362.26205	294.2151	1000.0	32.485653	5.9065	60.038425	8.424577	210000	-0.14745007	38.603863	1.3376303	0.05102068	79.0
43	284.60956	126.17613	377.447	37.61424	828.8	31.444134	4.1165833	46.396587	15.861426	215000	-0.14078444	70.11811	1.2894698	0.038319983	79.0
44	341.59958	59.053307	380.157	224.36717	886.8	34.42477	7.4277987	62.49416	13.857804	220000	-0.15120545	63.197113	1.167322	0.055106763	79.0
45	355.1214	52.079136	426.74945	277.4976	1000.0	33.832523	9.314012	63.00414	10.690577	225000	-0.15111811	50.668446	1.111213	0.056794215	79.0
46	401.7289	46.372684	463.00256	337.6289	1000.0	34.00714	6.7388067	67.51842	14.079876	230000	-0.14961487	57.081886	1.1042601	0.06112066	79.0
47	419.0402	38.545715	470.5246	374.17874	990.8	41.05273	7.6758857	70.59892	9.7361555	235000	-0.14523347	78.63915	1.0310649	0.04969973	79.0
48	400.19107	83.60974	496.4631	244.33191	901.8	42.901367	8.32591	76.17502	12.008147	240000	-0.14709562	49.96925	0.94781953	0.05716098	79.0
49	411.7868	31.1277	445.80328	362.78705	983.8	39.22592	6.4289536	62.47059	18.547647	245000	-0.14808002	45.899414	0.8962326	0.043295264	79.0
50	378.35117	153.85378	488.99216	77.04176	835.8	41.56172	7.907959	61.855053	17.282192	250000	-0.1423696	49.05587	0.8556061	0.036839318	79.0
51	389.37396	46.975044	433.37033	311.6231	983.0	43.166325	7.636945	69.04124	19.263628	255000	-0.14862576	40.816467	0.7598498	0.057034425	79.0
52	481.0624	60.447742	567.15607	408.0248	1000.0	41.793617	6.427895	61.876877	11.887051	260000	-0.15366517	40.048157	0.72102845	0.06318963	79.0
53	413.636	123.31183	522.0785	178.47777	824.1667	46.520836	8.364126	69.57758	17.083279	265000	-0.13747099	79.96452	0.65148175	0.03647352	79.0
54	445.50424	18.531353	472.7204	417.52332	1000.0	44.575497	8.952463	69.95869	18.204205	270000	-0.15021147	50.140438	0.60785407	0.04388117	79.0
55	443.76337	72.90477	538.3612	332.88132	872.8	42.377235	9.706422	70.45455	11.043937	275000	-0.14194793	59.898186	0.56443113	0.045499742	79.0
56	465.72333	186.38483	605.5682	97.9038	837.8	53.032173	5.304189	75.41523	21.08437	280000	-0.13793497	66.53673	0.47493458	0.047552977	79.0
57	497.01822	70.547905	584.9669	404.51065	957.8	48.75948	8.37028	74.335434	15.808798	285000	-0.14369316	45.13225	0.41094503	0.04862008	79.0
58	493.67148	53.198135	579.57513	426.49677	1000.0	50.999577	7.28586	79.09344	26.270155	290000	-0.14735527	42.70479	0.3700789	0.054834936	79.0
59	493.1955	54.03379	578.6588	440.56735	1000.0	51.732834	5.5913672	71.79553	22.337294	295000	-0.15155248	48.412743	0.30732355	0.057159178	79.0
60	438.31357	130.56708	571.13837	191.3318	866.6	50.29018	4.9142523	69.000885	32.493294	300000	-0.14000903	70.403725	0.25844023	0.05605907	79.0
61	515.5875	18.516304	537.6298	491.95572	984.6	51.90543	7.1503587	78.513985	1.9164916	305000	-0.14334413	57.82752	0.18897502	0.04883601	79.0
62	457.88416	131.60484	617.4426	247.75972	831.6667	50.788124	6.797437	81.07925	23.528566	310000	-0.13212168	68.903114	0.1351938	0.032704774	79.0
63	518.62366	49.40163	584.3795	441.72897	968.2	52.638783	5.7246466	80.83201	23.25502	315000	-0.14156543	65.23604	0.07062137	0.061815724	79.0
64	514.967	64.3648	597.40375	401.02594	930.2	52.44254	8.125416	86.28792	10.58643	320000	-0.09207938	47.04334	0.037097864	0.078645155	13.0
65	561.9776	65.290794	607.9593	438.1775	1000.0	51.816437	6.9030733	82.50676	12.056473	325000	-0.14862074	48.583965	-0.030040272	0.05665802	79.0
66	527.2817	73.24846	597.0095	392.66476	1000.0	53.745525	9.768839	80.17522	24.266964	330000	-0.15217216	38.382805	-0.106396824	0.059186462	79.0
67	582.52893	31.978127	622.1607	528.1233	1000.0	54.57105	5.0987697	75.812325	37.106743	335000	-0.15296058	34.913406	-0.18235509	0.053902246	79.0
68	579.69604	54.436245	641.4484	499.4647	1000.0	57.402176	4.5989604	74.91072	33.04431	340000	-0.1489278	69.60885	-0.24318728	0.053579852	79.0
69	482.15402	220.28278	674.1945	162.51094	762.8333	58.667114	5.2436132	81.97367	36.58748	345000	-0.12895976	95.11268	-0.30602822	0.022994218	79.0
70	640.43427	11.293695	650.474	626.1726	991.2	60.912605	4.629665	83.51868	1.1505688	350000	-0.13753216	51.79532	-0.35601813	0.05182944	79.0
71	601.52386	53.551575	667.43353	513.0274	1000.0	59.637177	7.7367296	80.43701	28.519712	355000	-0.13812752	27.35664	-0.38371933	0.076124564	36.0
72	582.74054	132.16786	674.6991	323.51755	898.8	61.659225	4.9486713	84.99262	41.700214	360000	-0.13132474	57.420025	-0.45627022	0.04550283	79.0
73	626.8132	23.820574	665.3008	599.3965	1000.0	61.304993	5.3320217	87.34524	31.565186	365000	-0.1486761	38.5065	-0.50736326	0.06297864	79.0
74	600.9247	56.327488	671.60065	515.99316	982.4	61.54483	7.41815	88.76273	33.833965	370000	-0.1292133	66.36662	-0.60483104	0.0367744	79.0
75	510.612	166.9938	649.2263	190.61403	802.2	61.4647	6.503938	86.093216	21.949146	375000	-0.12835355	78.77857	-0.668537	0.04153217	79.0
76	570.65125	216.70287	738.45636	143.14021	846.8	62.677387	7.6448407	96.77993	-43.366188	380000	-0.13543062	93.2879	-0.7142796	0.04932428	79.0
77	641.1423	47.69938	700.0359	566.098	1000.0	64.8441	8.574312	100.983246	-5.5188704	385000	-0.14461932	42.039764	-0.804276	0.05940625	79.0
78	708.4081	11.732523	727.98517	691.3636	1000.0	66.03898	4.5540066	82.46229	44.817196	390000	-0.1253804	33.0596	-0.82076687	0.07961288	22.0
79	653.7055	54.556705	758.8859	609.60266	974.8	69.36306	5.2107635	94.25761	33.622253	395000	-0.13195565	65.971596	-0.89789534	0.0541017	79.0
80	643.77246	83.25248	742.3734	498.6718	1000.0	63.369076	9.07027	87.94727	15.104836	400000	-0.12400942	30.400557	-0.92554533	0.07503882	22.0
81	549.0713	259.63446	722.87476	38.8133	815.0	67.799675	5.593165	96.905846	40.620132	405000	-0.12519605	81.47032	-0.995968	0.047764227	79.0
82	612.5582	129.80064	721.68024	357.34818	907.0	67.08585	4.981534	83.997116	36.598515	410000	-0.13135007	65.37425	-1.0473454	0.055056285	79.0
83	718.18713	14.1028185	735.16077	697.5243	1000.0	66.22291	5.104069	86.99925	46.48705	415000	-0.073029794	36.299095	-1.0687748	0.07999542	10.0
84	620.23535	167.17299	756.26385	313.62393	879.2	67.686676	9.938446	88.99136	20.076462	420000	0.019793805	58.98065	-1.0653921	0.07988839	1.0
85	711.9723	34.40262	756.0816	659.71063	1000.0	70.984505	5.4750743	96.98217	27.841585	425000	-0.036888313	38.94499	-1.0845394	0.08241897	6.0
86	462.63156	273.1763	750.87823	79.66487	656.1667	68.80014	8.597211	91.69223	20.02627	430000	-0.027779492	113.85953	-1.1113619	0.08466699	6.0
87	632.9727	141.94226	780.87213	370.4326	895.0	64.999664	8.679929	91.35007	32.639584	435000	-0.08577721	79.3505	-1.1081545	0.07530589	14.0
88	704.9976	59.76629	767.2686	611.15265	992.2	68.18401	8.733535	97.753075	-5.4820566	440000	-0.12314994	59.209	-1.1828753	0.053252064	79.0
89	558.3745	264.59933	764.10175	84.92096	755.3333	74.231415	6.777757	96.80096	17.180227	445000	-0.13031484	55.269424	-1.285791	0.038036786	79.0
90	602.6598	300.388	837.6919	8.808261	802.6	62.174114	12.106514	87.10323	10.907246	450000	-0.13980964	76.66955	-1.2794682	0.0665279	79.0
91	564.7705	236.1181	741.35803	103.628075	827.6	71.47854	9.658717	95.237656	27.71412	455000	-0.13095434	60.83633	-1.3600982	0.033966392	79.0
92	519.3869	228.12665	737.43787	174.77359	730.4	67.03166	9.902814	87.249825	0.07690191	460000	-0.11890105	120.5565	-1.4245445	0.03610045	79.0
93	747.08435	39.190918	781.7871	680.02875	1000.0	71.88284	6.9300804	99.664566	20.26255	465000	-0.14391129	28.924646	-1.440691	0.058466114	79.0
94	580.8724	196.89095	771.9918	211.84477	792.0	73.08275	7.5311227	93.41182	40.23327	470000	-0.120444626	105.226074	-1.5418035	0.036368217	79.0
95	749.4567	37.06794	780.8336	682.4664	1000.0	70.778564	6.212222	94.2899	28.310902	475000	-0.09534523	29.874666	-1.5390719	0.07714953	12.0
96	733.2044	53.730232	780.83246	631.88654	952.0	76.62144	3.6719465	93.96059	47.05653	480000	-0.12347274	89.8477	-1.6351415	0.06265736	79.0
97	619.7521	246.57474	805.3544	144.32393	839.8	71.91426	9.960817	102.04273	19.263577	485000	-0.12540744	75.55573	-1.7199129	0.033388488	79.0
98	510.51895	355.06464	847.7714	54.55513	632.4	75.17624	4.753347	90.9981	39.87409	490000	-0.11669811	110.93875	-1.7531031	0.047675233	79.0
99	750.6987	74.8896	829.6751	633.136	1000.0	75.303185	8.158317	104.647316	26.656626	495000	-0.035739888	44.65313	-1.759419	0.07551863	5.0
100	784.1506	87.42923	856.77826	619.1534	1000.0	75.10891	10.827185	98.76206	27.286087	500000	-0.017883765	91.20355	-1.7617465	0.0896238	4.0
101	771.9834	81.651024	896.0789	671.37573	966.6	80.51942	5.23277	113.082855	17.193789	505000	-0.06656002	112.2058	-1.7694088	0.07618785	10.0
102	669.9821	117.596275	816.00085	484.92822	870.2	76.206436	9.319688	103.37148	24.881224	510000	-0.119687125	73.792816	-1.8471102	0.034653846	79.0
103	792.74365	86.07101	946.0255	697.80524	1000.0	74.47115	11.543781	99.81243	-67.47322	515000	-0.13416342	65.34806	-1.8788586	0.06651203	79.0
104	832.5212	49.154217	925.3438	791.099	1000.0	82.56401	7.5992465	113.449196	10.0628605	520000	-0.091464795	58.50466	-1.8935764	0.07730298	12.0
105	575.787	306.20813	864.44446	67.24258	696.4	76.14203	11.259851	107.056526	4.283844	525000	-0.116863474	166.20807	-1.9624459	0.020482568	79.0
106	705.2101	264.1282	944.46783	213.54881	850.6	77.03126	10.92686	106.45463	-45.206917	530000	-0.13866778	118.0012	-2.0132396	0.049404707	79.0
107	811.6586	142.03685	923.5582	535.3558	1000.0	78.585365	13.195071	109.587654	31.631792	535000	-0.062649295	55.993294	-2.0168495	0.07611447	6.0
108	852.81824	21.450073	876.22156	816.20105	1000.0	86.37561	6.2803774	115.40678	63.744373	540000	-0.08354854	52.550507	-2.0252295	0.07788578	11.0
109	766.9535	147.06728	859.5324	473.50653	1000.0	78.30443	15.859762	107.142555	29.9206	545000	-0.10164112	54.512337	-2.0609763	0.07768839	13.0
110	827.0666	187.09187	954.9085	454.6317	912.4	85.1556	4.980671	103.42551	58.65741	550000	-0.1297449	112.235435	-2.1036508	0.06570935	79.0
111	768.6754	135.61885	949.44165	577.11194	1000.0	78.71334	14.699027	107.63113	30.561314	555000	-0.1473847	57.562286	-2.1622362	0.047152013	79.0
112	693.1944	251.42523	949.0301	259.70578	780.6	86.865425	6.936603	111.253	32.55313	560000	-0.12070282	169.11823	-2.2247024	0.023405762	79.0
113	819.2098	167.25955	987.6302	515.522	907.6	85.01882	8.710549	110.26526	35.331543	565000	-0.07790315	110.87835	-2.2285514	0.078248486	10.0
114	776.39276	121.496895	886.92896	558.07825	894.6	86.78009	9.520658	121.102585	32.44244	570000	-0.1227927	167.73247	-2.298148	0.031331886	79.0
115	759.50867	210.39006	978.5105	487.53882	815.6	86.26279	8.937791	113.322266	14.476519	575000	-0.11827633	168.19775	-2.376042	0.046446275	79.0
116	884.95886	73.14851	961.57166	758.7854	1000.0	86.25969	11.801374	118.87129	36.65187	580000	-0.041929565	68.52774	-2.3659348	0.08746333	6.0
117	799.7435	83.452965	935.8998	708.57855	894.8	91.714676	6.2070417	113.69909	56.792683	585000	-0.051368654	189.94458	-2.3830366	0.077066064	10.0
118	840.3586	66.072235	934.1622	765.65247	966.6	85.02286	7.863938	108.43775	4.463583	590000	-0.13297363	121.828674	-2.4558024	0.056446556	79.0
119	842.7303	147.47713	949.26465	557.3652	917.6	87.24744	6.13791	112.53791	-17.38167	595000	-0.124513246	202.8859	-2.5179904	0.02755506	79.0
120	895.8594	119.31951	1007.6009	672.8484	1000.0	83.048256	12.87332	120.00913	45.45329	600000	-0.097495645	57.731438	-2.5184498	0.08158692	12.0
121	921.2333	34.589798	986.9851	885.8662	1000.0	93.78337	5.5924077	115.45576	56.634895	605000	-0.06426387	55.2451	-2.5361574	0.08624053	8.0
122	559.52374	337.6442	895.1341	12.142608	627.8571	93.23205	5.157081	115.31645	28.530714	610000	-0.030990064	183.09311	-2.546582	0.09142646	6.0
123	776.5929	148.76006	962.99316	567.3498	924.4	80.57631	10.07287	104.74275	24.02853	615000	-0.13016035	125.535965	-2.5994112	0.06722102	79.0
124	789.5065	131.10065	967.77856	637.38336	1000.0	78.61298	14.983454	118.616974	37.102264	620000	-0.13831252	47.905617	-2.625681	0.06734944	79.0
125	743.502	328.73346	1007.58374	118.47738	778.6667	89.8516	5.808346	114.63538	60.30667	625000	-0.11616179	169.26967	-2.6836634	0.037025675	79.0
126	810.18976	209.99054	980.4909	400.85657	877.8	89.24927	9.538689	117.91474	28.70394	630000	-0.1269342	166.26956	-2.748205	0.059522975	79.0
127	867.7213	127.16715	975.5452	656.62225	973.2	90.911125	9.235687	127.84051	45.182858	635000	-0.088346824	164.88048	-2.7594428	0.07601399	12.0
128	676.43243	358.2324	1011.93176	59.417164	706.0	90.14789	7.870083	123.85493	37.498608	640000	-0.11614533	268.994	-2.8099506	0.02231421	79.0
129	958.66583	77.6302	1026.404	813.41327	995.6	89.73262	7.167826	126.03558	47.44693	645000	-0.08736532	92.88732	-2.8102643	0.08075414	12.0
130	769.5669	163.88342	1013.3627	578.5256	816.4	93.23261	8.992638	120.919655	5.6237297	650000	-0.11519395	261.38907	-2.869865	0.02381917	79.0
131	748.6296	335.04037	1036.7039	80.87807	800.3333	86.95484	14.551137	130.80327	24.992735	655000	-0.12160387	167.4161	-2.948506	0.033658568	79.0
132	580.5306	254.89345	921.068	183.00223	638.6	92.10898	10.136523	122.11931	51.91385	660000	-0.1164206	146.02406	-3.032516	0.03184257	79.0
133	857.945	299.43243	1053.9285	262.62198	854.2	87.318924	8.395354	115.27443	16.607727	665000	-0.08074534	151.34012	-3.0427737	0.07964811	12.0
134	650.73193	333.33182	1083.5294	95.53995	674.8	91.15331	14.774481	124.95531	52.316433	670000	-0.1257025	269.06766	-3.1436563	0.017301574	79.0
135	974.53467	65.555115	1071.4685	887.74664	1000.0	89.40406	8.7824545	120.99821	5.0771866	675000	-0.061287712	82.745964	-3.1281083	0.078164175	7.0
136	669.6834	321.03348	1007.9817	120.751816	769.5	89.59692	16.89652	124.33077	47.649193	680000	-0.038307037	203.64291	-3.1419673	0.07715498	6.0
137	788.1024	148.64523	964.2672	616.44525	952.8	82.76387	15.810668	112.20336	34.921932	685000	-0.044935554	142.7786	-3.1292114	0.075547054	6.0
138	736.34595	325.06097	1029.2643	248.18117	742.3333	88.83813	7.5835423	123.826706	-19.174757	690000	-0.1201488	254.52264	-3.1762683	0.038517985	79.0
139	1002.8182	38.331757	1052.3593	936.6664	1000.0	94.535515	5.4312706	115.70517	-9.622914	695000	-0.07597251	50.579575	-3.170069	0.07578366	9.0
140	852.11096	124.28089	955.5554	620.8287	978.6	91.22103	14.112219	121.26955	41.45752	700000	-0.06660855	107.493675	-3.181643	0.07919722	9.0
141	927.5923	145.86827	1033.1533	645.59436	923.4	95.28144	5.7351766	119.98384	-30.107838	705000	-0.12715669	144.87683	-3.22344	0.052741174	79.0
142	788.2667	150.44331	1015.33936	593.5754	912.6	85.29433	16.541637	120.32811	47.30022	710000	-0.11587184	114.35085	-3.282358	0.026704907	79.0
143	650.8536	272.28088	1028.4344	320.08875	636.5	95.52394	6.043157	117.28109	21.106796	715000	-0.109515406	284.2191	-3.3594437	-0.0018414122	79.0
144	749.993	275.3187	1047.5374	320.81357	734.0	93.51804	8.20337	128.43187	1.3286655	720000	-0.11655864	162.67633	-3.4005046	0.01644768	79.0
145	547.65924	431.86307	1083.8604	67.05436	560.3333	89.66035	17.76089	129.9282	-46.944775	725000	-0.06969072	263.07788	-3.4086595	0.07769028	9.0
146	975.3363	90.537125	1044.452	800.2126	1000.0	94.08687	12.656259	127.602234	-2.699484	730000	-0.068905525	84.23497	-3.408355	0.07613543	8.0
147	836.18835	236.27538	1098.143	457.65057	823.2	100.8959	10.177246	127.170746	17.051943	735000	-0.068086766	255.04265	-3.4108984	0.07610671	11.0
148	909.9906	221.52388	1040.2975	467.93237	870.6	99.741135	7.030452	134.56625	-75.062584	740000	-0.12397571	121.76045	-3.4800746	0.042155396	79.0
149	872.80646	181.87115	1031.8634	530.3532	986.6	90.67103	16.69979	124.78227	-57.50461	745000	-0.12915225	144.992	-3.5303679	0.053685848	79.0
150	830.5375	327.62732	1046.1991	188.06458	834.0	98.7963	8.254586	138.36517	34.639923	750000	-0.07651372	161.58463	-3.5309741	0.07571018	9.0
151	606.3505	392.92908	994.4381	-7.837196	593.8571	99.70713	6.774418	133.58617	-20.183195	755000	-0.10233575	267.15204	-3.622818	0.0030305083	79.0
152	879.43475	307.89728	1078.2632	268.18817	858.6	95.91398	7.8435593	123.21907	52.340393	760000	-0.081533134	150.63895	-3.6320882	0.07679921	12.0
153	951.7584	124.69524	1073.0308	712.2121	1000.0	93.79425	13.769854	122.14865	46.519276	765000	-0.088873416	62.37173	-3.631211	0.07884244	11.0
154	690.3719	369.35037	1072.5426	114.90963	722.5	95.52521	17.581753	122.233055	34.754517	770000	-0.11569394	195.8979	-3.706921	0.009332477	79.0
155	927.3649	148.2452	1054.8219	674.1056	920.6	96.95226	11.754878	146.92682	21.516903	775000	-0.11301028	203.76277	-3.7601976	0.03604511	79.0
156	997.65576	79.087395	1062.3044	860.6361	959.8	98.27328	8.777396	127.359535	53.567924	780000	-0.089412265	136.24887	-3.7760012	0.07580182	14.0
157	882.2889	231.94846	1098.4315	441.6876	840.8	100.796616	8.999594	127.53498	46.550873	785000	-0.11471347	219.97412	-3.8605824	0.023104357	79.0
158	1036.3394	23.968618	1082.6063	1018.1684	1000.0	100.17495	5.71379	132.33014	63.822643	790000	-0.0026826013	51.303127	-3.857808	0.09737976	3.0
159	920.7759	283.78516	1118.1539	358.7107	871.2	103.22125	8.459533	139.14589	55.794617	795000	0.030890131	163.13898	-3.855686	0.08197809	1.0
160	793.3066	322.7935	1081.2314	130.61806	830.5	93.091034	18.838362	134.75998	-3.26052	800000	-0.0024346963	233.51115	-3.85725	0.09526421	3.0
161	677.29785	386.5564	1119.3339	84.54726	645.6667	99.594444	8.978425	146.2221	36.567627	805000	-0.039784234	327.2188	-3.8660936	0.078619406	6.0
162	1006.39307	109.27763	1112.5356	831.6685	970.8	95.551895	13.402988	133.08786	35.77248	810000	-0.059387367	124.72589	-3.85969	0.0756416	8.0
163	906.0535	276.97556	1143.0952	371.9058	842.2	103.7262	11.967212	129.88834	35.630516	815000	-0.120017506	250.06285	-3.9376733	0.032249253	79.0
164	683.44885	390.36578	1143.2133	100.541534	623.4286	104.16166	8.413277	136.93887	48.868202	820000	-0.116580665	353.92755	-4.034069	0.008420862	79.0
165	718.6159	258.14355	1035.8801	237.47531	727.5	100.07906	13.613656	140.75641	-59.204983	825000	-0.12118142	249.6479	-4.0830493	0.015911836	79.0
166	689.89075	331.0872	1146.7782	254.6686	706.8	85.682365	17.386343	131.8248	-34.450523	830000	-0.12223452	200.15532	-4.0913477	0.057030592	79.0
167	935.2424	207.77408	1172.8862	575.432	875.2	101.341965	9.458757	141.21143	4.5715985	835000	-0.018593498	281.27234	-4.103774	0.0915968	5.0
168	788.53577	198.98154	1134.8046	526.967	767.8	96.837234	13.338313	149.41685	-10.728836	840000	0.029240921	313.88916	-4.0974374	0.10193825	1.0
169	826.8005	370.58762	1090.1528	99.06681	816.8	101.46343	10.617193	136.6991	25.141537	845000	0.050449565	133.01538	-4.105538	0.114848875	1.0
170	437.29242	299.8249	865.6258	94.44553	400.66666	100.012184	18.038755	146.93292	-7.4817743	850000	0.016718084	510.6844	-4.107407	0.081604525	1.0
171	560.8861	315.55902	997.1993	92.96306	603.0	96.98463	17.174282	131.76244	10.663692	855000	-0.01169172	243.70206	-4.0904727	0.09355957	3.0
172	752.79816	320.4963	1146.366	324.7522	711.3333	96.37344	13.146785	134.19112	-13.678342	860000	-0.029286573	223.23434	-4.0949483	0.07500131	5.0
173	1086.8544	35.67641	1154.8638	1060.4335	1000.0	103.09794	7.885883	139.20592	5.147344	865000	-0.067451514	56.18324	-4.093181	0.07886165	9.0
174	685.4129	378.4096	1102.1848	73.45921	613.1667	109.28844	4.789948	137.35089	84.00811	870000	-0.10070014	272.73764	-4.1781406	0.0017414679	79.0
175	1037.8181	147.33601	1154.2853	748.5586	935.2	105.0556	6.1045303	128.59026	49.749786	875000	-0.08913512	185.99983	-4.1901264	0.075092286	14.0
176	1111.0525	23.317905	1152.9038	1086.8713	1000.0	109.2414	5.458072	136.36086	72.99608	880000	-0.052627973	48.518677	-4.194055	0.077067964	6.0
177	649.1698	495.18643	1157.0067	51.825623	575.8571	111.58755	5.2942867	137.61868	0.44557345	885000	-0.095798835	331.46585	-4.274485	-0.032726355	79.0
178	922.0054	317.71863	1160.8273	380.91327	802.6667	107.07174	7.0501847	136.6206	-12.9480915	890000	-0.11365452	242.44615	-4.3114123	0.04268323	79.0
179	968.0514	355.63617	1191.2051	261.28848	844.0	110.37205	7.093434	142.45692	47.034866	895000	-0.09054022	194.17357	-4.319444	0.07852899	15.0
180	919.57404	328.81577	1169.271	236.53726	820.6667	113.72386	6.123969	157.89522	27.957478	900000	-0.11071772	224.87262	-4.4074006	0.024267074	79.0
181	880.6766	363.22372	1107.5784	158.17882	823.6	102.675934	16.432402	135.08218	52.910122	905000	-0.071500376	106.235374	-4.4132457	0.078231655	10.0
182	928.5067	391.0763	1217.8164	162.12312	799.8	111.5911	6.5572586	139.96355	-53.772617	910000	-0.049765322	229.0166	-4.430609	0.07809498	8.0
183	1079.5865	99.486725	1201.7595	941.76263	966.2	107.985	14.496243	135.49768	52.814037	915000	-0.11161894	249.1052	-4.5049887	0.034009617	79.0
184	708.8403	369.68472	1133.2655	161.0369	616.8571	110.21735	7.294053	138.59302	18.994783	920000	-0.10454114	318.35904	-4.598596	0.015954753	79.0
185	967.4352	316.106	1237.9706	356.41092	859.6	100.99581	13.588908	127.90569	-101.06152	925000	-0.057721473	156.46906	-4.5894365	0.080371045	9.0
186	477.10312	365.8776	1193.2637	48.460434	454.2857	105.238716	15.727788	145.09035	-5.7442627	930000	-0.09721545	330.72556	-4.65705	-0.031871915	79.0
187	1160.4648	39.64944	1199.7252	1091.2235	1000.0	104.44262	7.2047825	127.30184	0.85313785	935000	-0.00011407013	74.823875	-4.6611395	0.07852289	3.0
188	1121.1516	29.505249	1165.5807	1086.0692	1000.0	113.31525	6.4364104	147.55371	66.76816	940000	0.026859913	48.12184	-4.6558623	0.09887102	2.0
189	784.8726	436.57343	1163.142	101.02728	686.4	112.51392	8.780439	132.42104	48.86977	945000	0.029491497	211.38565	-4.6670094	0.08296871	1.0
190	782.3838	440.8136	1255.5774	188.51962	645.8333	112.90782	6.5526657	139.73958	49.374138	950000	0.044204377	311.37604	-4.67081	0.119876474	1.0
191	674.15515	413.4517	1205.5079	141.0854	568.6	112.54402	10.057484	142.07207	15.448761	955000	0.027006784	288.3147	-4.6725283	0.100835875	1.0
192	730.06946	418.70514	1198.5084	112.072525	640.1429	111.58835	14.258181	137.52376	2.9984038	960000	0.026453394	415.6282	-4.6709814	0.104633436	1.0
193	889.00696	346.19803	1225.4938	278.7637	842.6	101.74241	17.106749	147.32927	14.748539	965000	-0.0023129012	156.80066	-4.667855	0.084446006	3.0
194	1089.5472	200.33482	1263.8057	708.6183	900.2	115.430176	8.5566635	140.28078	-13.439616	970000	-0.0056918417	283.7602	-4.680275	0.081217125	3.0
195	513.3885	281.84656	918.2825	164.45059	459.0	110.36966	16.756283	151.4733	-72.10567	975000	0.011401327	561.17163	-4.678239	0.083189785	1.0
196	1144.8502	31.227888	1192.8413	1107.95	1000.0	98.90482	10.253105	151.84045	15.496342	980000	-0.04666977	64.87704	-4.675422	0.08209203	6.0
197	1083.1744	134.29497	1214.5535	828.6167	949.0	113.14147	8.732654	138.1047	59.25353	985000	-0.048546977	162.43929	-4.672361	0.075589016	7.0
198	884.7676	185.79712	1143.7949	588.30145	766.2	108.66299	14.504106	141.15567	-33.914448	990000	-0.10379868	344.8858	-4.749616	0.004671599	79.0
199	1062.189	96.30046	1155.826	888.1257	951.4	108.44585	13.632446	146.0314	33.036552	995000	-0.07762565	157.84958	-4.7701855	0.07931358	11.0
200	883.59344	176.49953	1194.4789	657.4876	800.6	105.3006	17.060606	138.64374	-27.57458	1000000	-0.10403878	390.78656	-4.8361273	0.005887625	79.0
201	1055.2103	193.43558	1246.4542	805.6303	934.8	105.79805	15.806559	139.10477	26.086946	1005000	-0.12338194	191.95227	-4.896008	0.059639473	79.0
202	818.1868	328.5803	1238.4789	287.42422	759.0	101.46635	20.852503	152.35823	61.22156	1010000	-0.09256439	269.8454	-4.9743705	-0.00048351908	79.0
203	949.7546	404.90598	1264.2882	209.86949	778.0	114.08938	7.493133	142.78883	34.07575	1015000	-0.11867399	337.0979	-5.0325537	0.06154945	79.0
204	849.3374	357.37732	1322.0413	232.12228	687.3333	118.94643	8.0417	150.72777	16.246393	1020000	-0.11030491	451.4704	-5.1034803	-0.005706058	79.0
205	1146.4225	130.70543	1290.9617	901.60223	1000.0	107.23927	15.215298	143.9089	-137.78162	1025000	-0.046249554	98.05135	-5.103084	0.077449515	7.0
206	679.5951	378.31064	1237.1858	225.74994	543.5	121.13555	6.9070997	146.08105	-9.218936	1030000	-0.029211292	644.9349	-5.1112556	0.07767654	5.0
207	1175.0261	124.52821	1301.4639	939.5769	1000.0	103.16783	17.263268	142.22331	31.068567	1035000	-0.047323335	115.07264	-5.1066384	0.09102475	7.0
208	1239.7614	45.563793	1298.7179	1172.7214	1000.0	121.85565	8.3276005	158.18332	53.73512	1040000	0.043072395	86.564316	-5.115546	0.09423618	1.0
209	1000.0197	398.4786	1305.519	227.2357	840.2	119.6408	16.59622	154.81763	66.91101	1045000	0.06995963	185.2552	-5.1092315	0.19461918	1.0
210	1169.7527	105.76076	1319.7051	1013.32904	967.2	122.65409	7.058958	150.8545	77.89662	1050000	0.03680669	214.65147	-5.1122966	0.102419615	1.0
211	1227.1062	91.08584	1344.2644	1069.3573	966.8	122.83375	6.65159	146.421	64.21496	1055000	0.0008551588	208.32265	-5.1198545	0.09728947	3.0
212	1086.0378	313.8482	1319.9941	496.76187	828.2	125.7981	5.840598	155.2678	43.68974	1060000	0.025299978	321.63797	-5.1168485	0.09000547	1.0
213	959.0944	430.62485	1316.0691	267.0693	739.4	125.57401	6.392083	150.48868	11.566086	1065000	0.028080579	320.11877	-5.117372	0.10544558	1.0
214	1272.9792	21.70257	1298.6179	1241.1252	1000.0	125.68987	5.610372	148.67294	91.87199	1070000	0.045495406	62.580425	-5.112655	0.07949829	1.0
215	1226.1438	165.68756	1348.4735	899.50183	933.8	129.16855	5.194512	152.89061	57.169193	1075000	0.07413936	181.16557	-5.1192408	0.25457692	1.0
216	1061.905	350.34595	1357.7208	394.5125	854.8	123.53987	14.1162405	150.35078	41.786026	1080000	-0.020485956	181.8566	-5.112807	0.0826851	4.0
217	552.3787	402.15955	1214.8041	98.21093	531.0	107.61572	24.957056	151.55098	54.5418	1085000	-0.10376292	375.58865	-5.2038608	-0.029340547	79.0
218	926.778	359.80374	1324.7474	391.6297	721.3333	107.56767	11.077404	133.56406	-32.217655	1090000	-0.116483554	365.9901	-5.271453	0.033055697	79.0
219	1194.4006	162.44025	1308.7992	878.90845	972.6	113.54411	19.421091	146.39972	46.589195	1095000	-0.12189474	220.81766	-5.3175454	0.052603424	79.0
220	1235.3616	194.0433	1380.6517	856.2689	932.4	129.82143	6.942895	151.30006	-42.986816	1100000	-0.111945264	197.80428	-5.3789525	0.045164093	79.0
221	1218.8909	175.30263	1353.4867	878.23334	934.4	131.07172	5.064878	152.39186	80.532585	1105000	-0.1239203	127.81753	-5.4270015	0.039552845	79.0
222	1275.1622	46.202168	1353.191	1221.184	1000.0	128.99588	5.272786	149.21826	61.97951	1110000	-0.0092251655	71.875465	-5.4258413	0.08403404	3.0
223	1308.9978	51.81817	1375.9229	1235.8885	983.0	127.83805	4.510122	143.13496	84.83335	1115000	-0.0035279973	184.99559	-5.427089	0.075540595	3.0
224	1120.9114	281.76672	1351.6846	606.3091	846.6	130.5985	5.516958	151.06943	36.317814	1120000	0.02451335	293.11694	-5.4289927	0.10176207	1.0
225	1223.78	143.90941	1314.9097	938.3375	1000.0	120.10826	18.634922	153.17645	22.978712	1125000	-0.019237142	71.57924	-5.4286895	0.08460117	4.0
226	1266.1526	137.15271	1407.5269	1009.06665	943.8	128.66885	5.2965064	152.46292	23.982862	1130000	0.030260587	201.2039	-5.4372025	0.08890296	1.0
227	760.4793	467.7003	1298.9286	117.192795	672.4	122.22997	21.455791	155.91945	21.032272	1135000	-0.029298434	283.7184	-5.4311085	0.07972392	6.0
228	1274.1368	121.93099	1372.3878	1040.917	1000.0	119.92338	13.829261	149.84383	14.068123	1140000	-0.08102888	107.2423	-5.447837	0.07944051	12.0
229	1057.211	476.15652	1329.0331	106.505775	816.6	131.02237	5.3126345	157.49208	80.68021	1145000	-0.11676425	176.12054	-5.530901	0.038266562	79.0
230	1310.4692	55.589104	1373.4149	1229.7133	1000.0	130.23186	5.2328734	151.798	77.0557	1150000	-0.09657957	81.27964	-5.534831	0.07828175	13.0
231	1217.5575	227.86493	1350.4087	762.89575	914.0	132.95747	5.3976946	163.4968	31.357311	1155000	-0.09425357	276.031	-5.604735	0.01237477	79.0
232	909.82117	490.4295	1392.083	131.81017	685.5714	127.314	5.9255614	146.92416	33.09603	1160000	-0.10123268	368.6302	-5.6848674	-0.00903278	79.0
233	1249.9237	146.23743	1402.8365	980.605	942.4	127.968376	5.6661887	149.09312	64.96934	1165000	-0.11537605	214.92473	-5.724414	0.04007383	79.0
234	1097.5045	368.97922	1413.8857	457.20905	867.8	122.42248	20.426456	155.62032	56.00701	1170000	-0.07460817	204.28224	-5.732844	0.07603724	14.0
235	1332.6975	39.026623	1399.3308	1297.2185	998.8	131.90492	13.6919155	161.1429	-86.097336	1175000	-0.04014698	178.95131	-5.7426105	0.07546904	6.0
236	1097.5466	395.79727	1417.5385	326.40695	813.4	133.09747	5.1042438	156.41016	66.70302	1180000	-0.0072864927	326.12405	-5.746071	0.08482469	3.0
237	1049.4823	469.812	1391.3405	111.74708	780.0	131.41087	9.88081	157.89351	-109.43728	1185000	-0.023440989	305.74115	-5.754091	0.08005815	4.0
238	1333.8918	75.07651	1385.2078	1186.0228	974.8	132.8189	6.3574796	160.00523	-50.220375	1190000	-0.04028595	206.8774	-5.7485275	0.082875535	7.0
239	1247.0295	191.96902	1458.5867	929.4212	959.8	126.99131	20.821297	167.21281	29.144737	1195000	-0.05420392	166.97997	-5.7503347	0.07731445	9.0
240	1029.6035	474.11823	1468.2935	209.3769	834.4	125.067375	23.436045	156.95796	9.1695385	1200000	-0.05000836	213.11646	-5.7527027	0.07584757	7.0
241	1205.6145	412.0176	1445.4739	382.87128	857.6	137.50972	7.403957	168.62437	81.8443	1205000	-0.0472237	196.80786	-5.760315	0.077131554	7.0
242	1285.7902	281.18146	1479.8546	729.60547	905.0	138.93887	5.6961546	161.92827	86.690475	1210000	-0.071738586	217.7134	-5.769797	0.07802175	14.0
243	1244.6335	267.38943	1439.8347	714.36	899.0	141.42766	5.989676	163.38483	46.318493	1215000	-0.07744933	176.32504	-5.792101	0.08022308	12.0
244	1220.5309	248.30215	1502.511	855.0637	933.6	127.964775	21.64651	158.39029	-17.17727	1220000	-0.071942575	204.21346	-5.810614	0.07559452	12.0
245	811.95593	305.82523	1356.4535	546.9021	650.8	129.18628	22.387577	169.7371	-3.876848	1225000	-0.10341044	417.14404	-5.877313	0.0036988063	79.0
246	1102.2137	342.45605	1432.3328	572.72687	815.5	128.11877	16.497452	153.66916	-20.953718	1230000	-0.10753103	339.46603	-5.9344196	0.05088174	79.0
247	1426.3529	34.5608	1468.9691	1380.9988	1000.0	134.13063	6.8064466	166.63483	94.4648	1235000	-0.0030497215	85.123665	-5.9361625	0.080045916	3.0
248	1129.5725	396.0949	1472.5913	475.22275	866.4	133.36143	22.341896	197.90918	52.30847	1240000	0.060347315	274.16556	-5.9348674	0.13647309	1.0
249	934.1626	505.85745	1413.5575	229.69221	668.1667	139.13348	7.8552737	176.63951	67.65028	1245000	0.028151758	502.13855	-5.9446893	0.08741978	1.0
250	1448.8154	27.987192	1497.7301	1423.9474	998.0	136.33302	8.217853	163.63084	41.62731	1250000	0.023174549	230.89708	-5.9401035	0.084931195	1.0
251	1319.2003	192.2219	1481.673	948.5611	1000.0	128.4554	26.456696	168.36076	26.917025	1255000	0.03434611	116.074585	-5.9360275	0.089506626	1.0
252	1446.2057	34.555317	1486.4388	1397.5449	1000.0	143.14937	6.2049704	167.59476	94.28698	1260000	0.061393756	93.84902	-5.9413023	0.10935271	1.0
253	1182.2949	471.90103	1484.7078	241.06659	833.0	145.779	5.760425	170.53114	100.49466	1265000	0.0531975	199.57742	-5.9469438	0.13642631	1.0
254	947.9042	425.72958	1343.4818	156.66441	754.8	130.20868	22.558289	156.4227	34.277485	1270000	0.02071603	262.41165	-5.941109	0.09059925	1.0
255	797.9929	360.3957	1442.6368	450.1606	555.6667	134.65407	8.334181	153.49785	-22.377653	1275000	-0.0056363107	619.16187	-5.9512696	0.0909734	3.0
256	1244.1824	305.56512	1429.2922	636.36145	899.2	129.67847	9.729411	178.4877	-2.089159	1280000	0.0048472006	181.8602	-5.9491553	0.07915841	2.0
257	1424.1133	107.509766	1562.7577	1230.369	1000.0	136.0791	11.702272	164.38393	-38.495304	1285000	-0.029002551	149.0087	-5.9563603	0.09381428	5.0
258	1432.9075	46.79778	1484.7017	1364.3672	1000.0	145.49695	6.994151	171.93236	76.95404	1290000	-0.028235758	73.79368	-5.9615026	0.0763407	4.0
259	1379.1337	93.66004	1473.343	1247.1527	1000.0	137.9897	21.119814	163.04018	52.698013	1295000	-0.02018691	102.05017	-5.9605484	0.09665394	4.0
260	1378.213	83.55578	1471.4991	1227.803	976.6	142.78452	5.027209	166.31323	100.887726	1300000	-0.10617897	223.2914	-6.0339165	0.035329983	79.0
261	1446.3162	50.05831	1543.7896	1401.4736	1000.0	140.46725	5.154737	160.04012	75.71861	1305000	0.0034251648	68.5818	-6.0429115	0.0844936	3.0
262	1435.3162	48.27363	1510.4551	1389.198	1000.0	144.77515	4.393999	170.88887	89.17879	1310000	0.016612293	76.5409	-6.0384727	0.10491726	2.0
263	1468.1477	44.29659	1546.748	1410.949	1000.0	145.112	4.6146207	169.54517	110.16222	1315000	0.0030509755	65.05666	-6.046574	0.104733154	4.0
264	1290.8948	213.35657	1478.6624	885.2144	1000.0	133.65439	26.022856	174.47887	71.709206	1320000	0.015756277	130.28505	-6.0396123	0.079091184	1.0
265	925.3743	661.53754	1510.2561	85.6113	635.4	134.99577	19.912464	172.3362	39.287056	1325000	0.024132928	286.6217	-6.0465317	0.09389101	1.0
266	1295.594	259.4814	1520.9854	877.3769	947.0	128.57396	29.898617	165.9518	36.059975	1330000	0.004079881	217.2412	-6.0501046	0.09755232	3.0
267	1424.9304	99.8665	1535.6879	1255.726	1000.0	141.5929	17.297512	174.53209	58.53338	1335000	-0.025662104	131.5706	-6.0511093	0.08118326	4.0
268	1370.028	252.52881	1558.0819	873.47723	1000.0	135.77347	26.424013	168.95122	49.68125	1340000	-0.038742457	107.79214	-6.0465164	0.08099923	5.0
269	1438.5732	76.7634	1572.4945	1354.9204	1000.0	148.46729	5.605705	179.2028	92.99687	1345000	-0.0756341	130.75499	-6.048154	0.08336262	9.0
270	1436.6897	194.2128	1575.0542	1051.0908	1000.0	137.49068	24.184662	183.13786	62.59825	1350000	-0.03240008	94.81454	-6.054416	0.08122038	5.0
271	1290.3398	252.21533	1507.2623	865.50494	945.6	140.54083	26.888636	178.62524	57.23038	1355000	-0.0018464928	200.04965	-6.0597205	0.0773745	3.0
272	1094.3766	486.22064	1476.8391	82.14253	742.5	147.44678	7.196761	172.65929	46.45207	1360000	-0.10100767	381.34976	-6.1209364	-0.004877112	79.0
273	1363.4344	118.85768	1545.186	1227.4664	943.8	136.38742	23.92427	179.24066	-9.24044	1365000	-0.10901721	412.175	-6.1718397	0.011647923	79.0
274	1454.8721	141.9537	1633.5216	1209.0819	1000.0	138.0808	22.308222	179.87813	13.9925165	1370000	-0.068077244	129.57391	-6.17468	0.07851172	9.0
275	1229.8785	550.4834	1594.7723	134.98851	819.0	150.87164	11.351795	177.46078	75.06935	1375000	-0.049430586	286.27066	-6.1891694	0.077422984	9.0
276	1352.7815	191.44196	1509.7458	980.8625	1000.0	134.48198	31.338308	178.78183	35.45401	1380000	-0.07937604	148.73387	-6.194197	0.07889104	12.0
277	1211.7092	299.64893	1516.1931	809.90216	898.4	135.74615	24.98064	174.11821	-7.15326	1385000	-0.099299096	356.2174	-6.274598	0.008974785	79.0
278	997.69806	484.7392	1569.6868	243.77841	762.5	125.393974	28.551601	172.29178	-1.8748779	1390000	-0.10307651	420.38855	-6.312156	0.03676611	79.0
279	1257.5813	381.88922	1570.0822	527.3265	874.2	138.5057	19.971354	177.2166	26.674263	1395000	-0.083513126	268.1057	-6.3220387	0.07766575	16.0
280	1242.2115	478.42123	1601.3357	298.73868	813.0	148.14937	7.906493	176.065	39.355343	1400000	-0.109307595	435.2416	-6.3889947	0.026530541	79.0
281	1413.6255	100.33137	1562.5945	1253.8048	974.8	141.0222	25.90992	184.25595	0.572407	1405000	-0.12325237	236.0445	-6.4228735	0.03586539	79.0
282	1534.7643	75.29382	1598.004	1387.8503	983.8	150.0157	8.791879	181.25378	-14.197457	1410000	-0.11496245	247.38655	-6.4694405	0.049204163	79.0
283	1503.9065	161.9308	1658.9598	1207.9182	1000.0	145.85823	26.705137	177.44115	18.579418	1415000	-0.0640068	115.16485	-6.46395	0.07659897	8.0
284	1338.885	424.74612	1662.6246	499.45276	865.6	158.0382	7.5604744	184.19656	32.830105	1420000	0.00508805	304.8601	-6.46794	0.07550408	2.0
285	1487.9673	79.545876	1598.4446	1357.6498	1000.0	150.10738	18.668915	196.54918	57.28647	1425000	0.01600049	104.583	-6.4632764	0.07604363	1.0
286	1293.0408	233.87277	1534.6743	1004.4633	1000.0	129.65248	37.175354	179.38477	32.767887	1430000	0.03661349	190.9827	-6.459033	0.080251075	1.0
287	1471.6233	76.77017	1585.703	1355.2175	1000.0	146.74307	15.663973	178.8449	63.370438	1435000	0.03283892	146.69173	-6.4665494	0.08131974	1.0
288	1509.4828	72.77284	1577.551	1379.1798	977.2	150.29399	5.826334	171.07654	57.31644	1440000	0.067544274	206.0541	-6.4705086	0.22548935	1.0
289	1482.6598	37.998398	1540.3595	1445.3352	1000.0	151.29031	6.3968554	167.67995	74.92584	1445000	-0.008961499	68.22524	-6.470828	0.0759151	3.0
290	1263.4685	296.33	1487.481	746.62213	855.4	150.4449	7.179318	168.41217	71.63984	1450000	-0.003076389	430.0062	-6.4777756	0.09486211	3.0
291	1370.1531	169.14224	1487.9994	1037.4575	939.0	146.24539	7.588156	171.67923	-108.910904	1455000	-0.038363874	214.9517	-6.4735365	0.079222865	6.0
292	1012.9546	383.76175	1479.9929	561.72687	765.2	132.85663	27.380432	165.87737	24.237062	1460000	-0.10707228	332.45752	-6.5429993	0.0038197292	79.0
293	1423.6667	230.1483	1602.0159	974.9024	923.0	140.01202	10.06488	164.93597	27.514774	1465000	-0.06025693	260.7619	-6.5589876	0.084379695	10.0
294	1402.8011	143.60403	1490.1057	1116.1854	941.0	150.06984	7.3999915	170.83089	80.966515	1470000	-0.050982133	216.23383	-6.5663095	0.08160337	8.0
295	1186.0455	492.66663	1567.2137	198.01001	787.8333	148.2481	6.346042	178.7077	66.522964	1475000	-0.10161983	355.4802	-6.6423345	0.022086218	79.0
296	1419.6707	101.58642	1508.8662	1229.2034	993.8	141.2593	19.75422	166.78316	-128.74998	1480000	-0.10457262	231.6499	-6.713665	0.027480658	79.0
297	1499.7529	24.449957	1529.6926	1465.121	982.8	145.71346	6.8073916	172.68831	66.453415	1485000	-0.11651927	311.4801	-6.7376413	0.04970391	79.0
298	1547.4939	63.213318	1626.873	1449.7546	1000.0	150.98947	6.129103	181.50873	83.68889	1490000	0.04163959	93.32669	-6.7378383	0.16911131	3.0
299	1435.4879	254.31871	1645.955	941.718	1000.0	144.33763	26.62656	178.75134	46.94157	1495000	0.02327493	96.93324	-6.7337947	0.10272572	2.0
300	1611.0323	35.6565	1664.1466	1571.2018	1000.0	156.70888	5.709458	188.33488	119.9358	1500000	0.03254441	93.35552	-6.742861	0.09487235	2.0
301	1210.856	483.46036	1680.0786	499.31915	766.6	161.53116	5.554144	182.85484	125.86448	1505000	0.029045463	477.7423	-6.73864	0.11653303	1.0
302	1365.3079	431.7402	1609.4308	502.7732	869.8	153.08977	7.974692	173.1215	63.250523	1510000	-0.035072707	294.25955	-6.741122	0.08158622	6.0
303	1481.9017	194.10965	1657.0865	1103.9271	946.4	155.41118	6.1049104	186.59851	102.47912	1515000	0.010396077	278.17575	-6.7462125	0.08561306	1.0
304	1526.8491	134.40181	1606.8029	1259.51	959.8	155.89232	7.013908	192.87619	56.90551	1520000	-0.019808132	318.0264	-6.747292	0.07658159	4.0
305	1139.9752	445.4825	1546.1943	326.47678	846.4	146.13397	24.045923	195.33849	40.74924	1525000	-0.021869346	444.6399	-6.740132	0.084799014	4.0
306	1247.2986	460.43866	1658.1638	455.7836	777.8	148.14209	11.957116	198.04504	35.3977	1530000	0.024123281	430.1422	-6.7514157	0.09517647	1.0
307	913.40625	501.5623	1487.4539	95.66416	628.2	146.49832	21.903118	198.13097	37.573997	1535000	0.0013013679	533.8728	-6.744109	0.12191946	3.0
308	1013.2665	580.66766	1542.1283	99.45665	687.0	144.506	17.854708	186.20833	28.327513	1540000	0.017224308	364.93234	-6.742128	0.07760011	1.0
309	866.1397	554.6158	1681.5741	371.17508	531.1667	149.3217	9.947703	182.31998	25.460339	1545000	-0.009645811	794.6521	-6.7478976	0.07741264	3.0
310	1352.318	382.6131	1647.2758	638.0133	878.0	145.16557	21.260748	193.51773	29.902906	1550000	0.027453167	245.42183	-6.74347	0.08450875	1.0
311	1053.1956	451.81485	1624.0479	586.5367	661.0	151.08302	21.9321	196.04541	8.220613	1555000	0.023470584	566.6141	-6.7418494	0.09907465	1.0
312	1342.7136	181.9446	1631.0901	1111.5404	1000.0	131.44417	29.931349	183.87007	48.226486	1560000	-0.025016759	242.6106	-6.7351313	0.07871675	4.0
313	1370.0117	259.79993	1540.309	860.7038	892.4	145.66647	18.353695	179.30653	11.636621	1565000	-0.11266494	410.6616	-6.816	0.011690328	79.0
314	1507.0215	132.48674	1636.5554	1297.7513	1000.0	142.78668	25.066782	183.96956	53.070244	1570000	-0.05696413	169.92302	-6.8137007	0.079657465	7.0
315	1401.2664	253.89482	1591.6714	898.78894	888.4	157.59862	7.02334	186.14981	67.29449	1575000	-0.105135255	447.4388	-6.8901625	0.0077876067	79.0
316	1497.2966	207.97491	1676.7914	1094.4331	1000.0	143.78984	30.847902	180.88448	33.615097	1580000	-0.064301096	92.423195	-6.8894405	0.078779526	7.0
317	1395.265	454.66992	1674.032	490.31058	864.4	160.77606	6.32544	180.83653	53.663986	1585000	-0.034292433	271.10693	-6.896383	0.077002406	6.0
318	1611.1149	49.158863	1704.9529	1562.3615	1000.0	159.36607	6.790611	182.86433	87.07335	1590000	-0.04909254	133.5886	-6.8968725	0.081005044	6.0
319	1319.3044	573.2432	1619.3251	173.04689	822.4	162.52892	5.9268723	189.95647	66.22132	1595000	-0.023442391	274.3804	-6.898216	0.09409336	6.0
320	1616.1771	42.260395	1678.5363	1554.8625	1000.0	160.7963	6.1172085	193.86984	102.970406	1600000	-0.04522512	89.12827	-6.90118	0.07604584	6.0
321	1416.3516	178.87634	1667.8883	1130.0615	922.8	156.54788	22.325668	183.27594	49.614925	1605000	-0.021970795	497.09695	-6.9034986	0.08340435	5.0
322	1414.3772	464.02963	1676.0967	488.35617	856.8	152.62296	12.537268	188.34729	50.305977	1610000	-0.07936819	244.58208	-6.9057865	0.079120114	15.0
323	1229.6057	548.671	1648.4104	200.73065	822.4	151.77756	28.909306	193.49341	-19.681513	1615000	-0.06766502	221.42455	-6.9138727	0.07525599	12.0
324	1544.1542	212.01369	1706.5521	1125.4734	932.2	163.27162	6.0630884	188.68343	45.278725	1620000	-0.06832643	279.96786	-6.932522	0.07839903	14.0
325	1672.8727	49.74988	1735.392	1583.1467	1000.0	164.01515	6.6498218	192.2301	90.37319	1625000	-0.0138533525	114.18613	-6.9408007	0.08004767	3.0
326	1682.6266	63.361866	1773.4685	1607.9425	1000.0	169.07042	6.2033834	193.07361	123.17958	1630000	0.025642047	156.48953	-6.940722	0.09525156	2.0
327	1016.9554	536.14044	1629.355	254.43086	716.2	155.89102	35.0855	193.4261	-60.121387	1635000	-0.003773063	572.0649	-6.9364185	0.115203224	3.0
328	1502.6377	370.2282	1752.7687	765.72955	893.4	159.8615	9.279763	192.28465	72.29748	1640000	-0.039277535	437.7966	-6.943028	0.086408444	7.0
329	940.18866	499.71713	1620.805	385.07666	559.6667	162.3433	9.367918	207.31812	-22.995625	1645000	-0.09672518	659.0189	-7.0065	-0.020535879	79.0
330	1275.8025	586.741	1677.638	143.95976	816.6	151.3066	23.431341	191.84592	-54.758686	1650000	-0.07833008	264.24915	-7.011108	0.07690003	13.0
331	1062.9674	606.2093	1682.7537	194.37405	689.2	153.977	30.443193	195.82693	-37.625366	1655000	-0.10204945	500.1127	-7.1096616	0.005460615	79.0
332	1271.5458	524.65875	1786.8289	294.96857	796.1667	148.13881	32.571056	199.41612	-76.82889	1660000	-0.0974169	535.0075	-7.171514	0.017312702	79.0
333	1387.8505	430.57147	1737.5568	718.156	800.8	165.40726	9.457477	227.94485	6.5625114	1665000	-0.106020376	469.05634	-7.2386017	0.044265434	79.0
334	952.3191	519.3656	1682.6301	176.64705	595.1667	153.4173	32.822075	196.64044	-53.034107	1670000	-0.09961823	815.3449	-7.338604	-0.044358756	79.0
335	1210.5557	489.43564	1692.4816	310.4586	708.4	152.75612	22.738327	193.32007	-32.50982	1675000	-0.11194856	902.6191	-7.3711185	0.026422387	79.0
336	1602.2926	277.20215	1826.1077	1055.8743	1000.0	148.3932	30.008236	200.05318	36.164345	1680000	0.00517707	163.7382	-7.365047	0.097998925	3.0
337	1545.0671	344.27893	1766.8385	866.21265	882.2	171.65544	8.396063	211.14748	-26.048952	1685000	0.044312097	645.62555	-7.371249	0.15509647	1.0
338	1542.905	289.31934	1736.4966	969.6508	895.6	166.49525	9.296765	197.86043	-18.09214	1690000	0.029236093	463.1665	-7.3649735	0.103760354	1.0
339	1721.4916	22.171932	1748.4714	1684.3845	1000.0	166.7778	9.455602	200.3373	19.058405	1695000	0.054057404	90.36959	-7.3660703	0.12347213	1.0
340	1242.5769	582.6916	1727.3687	306.23807	735.2	175.23973	6.918945	208.35306	66.54288	1700000	0.06080137	425.5773	-7.366867	0.23430732	1.0
341	1656.8962	41.217613	1708.9397	1589.4736	1000.0	169.68967	7.328865	194.36017	24.089716	1705000	0.009939072	116.189224	-7.3624187	0.077163465	2.0
342	1687.8385	61.33747	1789.6006	1626.7375	1000.0	168.30562	5.6627316	195.74261	115.526085	1710000	0.044636812	104.09721	-7.362321	0.09938002	1.0
343	1684.9232	64.3819	1747.3876	1561.4763	1000.0	170.66818	5.517269	191.07387	133.8987	1715000	0.084158376	94.966896	-7.3609085	0.17899568	1.0
344	1654.7223	125.82022	1727.1788	1403.3873	967.6	170.8437	6.4478693	187.20256	28.280628	1720000	0.07818611	226.43637	-7.359683	0.23259348	1.0
345	1660.5032	112.19169	1768.7494	1458.8589	1000.0	164.82237	23.517237	188.89548	36.615288	1725000	0.021280292	157.01149	-7.3564687	0.088693246	1.0
346	1564.596	321.4145	1793.6975	928.1237	1000.0	155.204	34.91459	191.52022	56.637337	1730000	0.009513819	109.22208	-7.3544874	0.08539306	2.0
347	1695.2922	41.88475	1739.482	1622.3203	1000.0	172.6275	7.975034	189.06935	116.3674	1735000	-0.018824024	87.76505	-7.364775	0.08648311	5.0
348	1675.1621	42.95297	1743.0928	1625.017	1000.0	169.19193	17.897703	186.20267	57.899254	1740000	0.022481188	111.37626	-7.3637295	0.1004376	2.0
349	1464.7297	575.9155	1807.8511	315.1609	837.8	171.75633	5.5109363	189.33452	97.50599	1745000	0.037661213	336.9724	-7.3690205	0.13569956	1.0
350	1742.9209	73.58831	1804.1323	1598.6387	1000.0	174.90938	6.083518	193.9354	119.61593	1750000	0.027791852	124.16218	-7.3622804	0.09843514	2.0
351	1750.1252	73.78747	1858.7411	1642.4916	1000.0	176.81245	5.451775	195.29985	137.48753	1755000	0.052930847	97.88207	-7.3611155	0.13815606	2.0
352	1770.9348	57.72206	1823.1731	1662.7922	1000.0	177.7937	5.6457973	194.0744	114.752	1760000	0.03773509	75.159546	-7.361985	0.079258226	1.0
353	1540.9574	409.12793	1823.9348	734.01025	882.8	171.20547	28.707928	204.52602	17.558933	1765000	0.05112729	330.658	-7.355624	0.17946203	1.0
354	1645.068	260.6604	1825.4106	1126.9489	923.6	173.6145	7.1068063	191.67168	40.39294	1770000	-0.01994277	329.51584	-7.3625445	0.07555951	5.0
355	1619.0442	317.12347	1811.536	986.2732	1000.0	160.1798	35.805424	203.3879	55.755608	1775000	0.008085724	92.094536	-7.3564124	0.07825688	2.0
356	1761.5574	85.52689	1873.5518	1655.8165	970.0	179.12732	7.4531302	205.96663	100.96948	1780000	-0.008203892	653.4364	-7.366486	0.0881576	3.0
357	1807.348	59.80634	1854.5603	1689.6409	1000.0	175.61224	9.4338045	222.53922	116.950226	1785000	-0.0061759474	156.3715	-7.36497	0.08339571	3.0
358	1235.9971	628.9204	1879.8671	423.38284	675.1667	181.52142	8.995037	225.67992	33.87088	1790000	-0.032970667	811.01447	-7.3705735	0.07816548	7.0
359	1216.1876	653.29694	1832.183	105.80073	725.0	161.62332	35.454826	207.9679	9.716981	1795000	-0.09769056	737.9729	-7.452225	0.0049316804	79.0
360	1557.4531	664.5637	1912.4417	229.7896	831.6	172.98305	14.128379	214.55559	-58.27763	1800000	-0.08934995	372.19388	-7.465336	0.07677313	26.0
361	1797.3002	66.75129	1893.5087	1707.772	1000.0	185.15656	8.4637575	220.71353	74.59299	1805000	-0.0050947294	125.81035	-7.4597626	0.08370656	3.0
362	1005.85187	677.7332	1868.2976	250.46063	556.0	178.02444	22.31952	208.03902	-37.107204	1810000	0.028760413	880.916	-7.4622045	0.09540309	1.0
363	1561.6293	477.67657	1875.1406	610.15906	869.6	170.84952	11.259688	213.42711	-23.10337	1815000	0.026577009	348.3872	-7.4612813	0.088750325	1.0
364	1203.4264	808.4071	1916.8641	103.62744	650.2	177.05798	7.038103	209.38567	58.157825	1820000	0.034233484	525.9737	-7.4664483	0.11285081	1.0
365	1883.3041	19.915598	1902.8762	1846.4879	1000.0	180.86989	8.552883	207.72913	102.696205	1825000	0.024204101	81.088264	-7.4692774	0.07716458	2.0
366	1397.3824	505.7953	1847.3416	646.6229	853.6	171.41803	39.040325	209.55511	57.824383	1830000	-0.006049571	584.54675	-7.458879	0.08799877	3.0
367	1324.9987	660.87494	1887.2223	317.3075	718.0	180.16983	8.777375	203.56146	-11.439718	1835000	-0.009248552	532.4595	-7.462717	0.07533996	2.0
368	1702.2493	184.55942	1871.1642	1364.0149	974.0	169.69414	32.811977	202.99185	43.660027	1840000	-0.03956932	462.55154	-7.4661117	0.07815732	7.0
369	1635.4042	355.8595	1856.8646	930.2035	1000.0	161.00986	42.731834	204.4928	18.280052	1845000	-0.06668663	142.3902	-7.465282	0.08371675	10.0
370	1656.7347	345.1717	1872.2639	967.8821	1000.0	164.86142	39.33521	216.03848	61.720024	1850000	-0.07982878	83.52574	-7.4703283	0.08117624	13.0
371	1862.9902	19.084898	1885.4535	1831.0735	1000.0	184.2935	6.2873635	207.47319	121.82126	1855000	-0.058429286	87.22899	-7.4852185	0.08965319	8.0
372	1844.7418	33.927513	1891.8291	1790.022	1000.0	188.82448	6.6930795	210.73991	141.77408	1860000	-0.011225837	80.42123	-7.4868064	0.08552322	4.0
373	1643.1758	408.0902	1931.4366	834.47894	980.2	169.50569	39.91001	204.32957	66.09533	1865000	0.0006695908	284.4057	-7.4779677	0.075121105	3.0
374	1860.6028	102.87591	1951.6536	1666.3057	972.8	185.68867	10.814865	202.0276	-36.035225	1870000	-0.038875815	326.47806	-7.482767	0.07848774	9.0
375	1675.3207	348.12054	1934.9332	986.392	902.0	186.49614	18.015652	206.94289	18.186504	1875000	-0.099096954	463.42114	-7.556939	0.014333285	79.0
376	1226.1091	592.5521	1918.6658	497.8774	660.8	185.02875	7.962921	210.2506	37.877693	1880000	-0.09231373	955.8	-7.647933	-0.011555096	79.0
377	1762.653	216.52237	1965.3705	1349.4314	1000.0	169.16045	34.409172	215.25558	30.169664	1885000	-0.010186943	130.80522	-7.64663	0.07768812	3.0
378	1856.0642	31.707733	1885.9365	1803.3174	1000.0	187.7079	6.0534797	211.16733	132.41095	1890000	0.049574364	114.18206	-7.649525	0.103069045	1.0
379	1801.361	144.68423	1929.8015	1518.1995	962.6	187.5585	7.1373124	211.86255	82.81868	1895000	0.07012775	317.8255	-7.652269	0.21584111	1.0
380	1706.9045	381.65674	1953.7375	946.6415	904.4	187.6658	7.110641	214.21773	131.79065	1900000	-0.09832027	385.30234	-7.703731	0.025650864	79.0
381	1542.6797	400.91357	1903.9644	993.09656	913.6	171.29597	39.144215	215.51263	24.268368	1905000	-0.09685747	382.50626	-7.7650814	0.013473138	79.0
382	1696.2357	382.98035	1947.0972	936.4496	1000.0	167.92137	40.846012	214.10416	-25.949049	1910000	-0.11618918	131.99545	-7.7962413	0.056571253	79.0
383	1902.1204	84.073364	1991.8677	1777.952	1000.0	188.89862	6.897253	217.7861	113.320786	1915000	0.0063610785	138.24863	-7.802469	0.07722639	3.0
384	1511.8671	518.6839	1872.7479	509.05017	811.0	191.60155	9.416141	215.03085	35.571056	1920000	0.029855762	495.66556	-7.800864	0.12611872	1.0
385	1605.8513	625.4677	1973.1345	356.72284	840.2	187.28384	8.6396475	210.0275	20.265665	1925000	-0.01955711	375.1718	-7.7981243	0.07859359	5.0
386	1638.7991	486.39017	1918.9716	667.9119	865.2	188.7154	8.804877	213.72853	131.51952	1930000	-0.038006827	284.23352	-7.8019032	0.08513039	8.0
387	1901.9236	86.06962	2030.9587	1767.7804	1000.0	188.3727	6.3155613	210.49092	95.8886	1935000	0.034800433	97.96376	-7.8018236	0.088696554	2.0
388	1655.2129	419.74387	1906.3223	819.77435	887.0	190.75432	8.100519	211.0757	39.434303	1940000	0.056225684	286.37564	-7.797767	0.18621121	1.0
389	1178.7225	548.2107	1935.5978	581.05164	626.3333	186.21695	8.805914	203.79967	-47.54618	1945000	-0.009515334	1100.4468	-7.8018436	0.07702924	3.0
390	1796.9385	171.36732	1893.7845	1454.7495	1000.0	169.26955	28.87443	206.27904	6.3075852	1950000	-0.03506702	191.78322	-7.790055	0.0774391	5.0
391	1849.3145	87.12249	1990.4948	1757.574	1000.0	185.38226	9.035639	206.4191	123.20494	1955000	0.028743308	130.3899	-7.782389	0.090233676	2.0
392	1693.5433	464.04654	1975.1935	767.26636	885.2	188.88383	8.66601	208.93346	19.489456	1960000	0.047356375	383.38806	-7.7882013	0.1289733	1.0
393	1698.4661	431.91885	1946.6509	835.9008	890.4	186.83952	20.794165	212.58736	43.469078	1965000	0.025681661	451.8886	-7.78468	0.095982336	1.0
394	1919.6365	67.48204	2026.2264	1843.1252	1000.0	188.00099	8.84169	214.2566	120.506355	1970000	0.04579224	116.82399	-7.790082	0.10043423	1.0
395	1926.0735	66.2216	2030.1832	1864.8324	1000.0	194.36992	6.952511	212.86005	138.75302	1975000	0.11286664	127.76478	-7.782925	0.22678576	1.0
396	1893.263	52.831978	1967.9762	1811.7731	1000.0	193.5884	7.6216483	217.40085	135.59166	1980000	0.08236341	90.19097	-7.787197	0.17902516	1.0
397	1861.7699	195.39088	2005.831	1490.191	952.0	188.38828	25.493576	218.63889	61.87499	1985000	0.025324669	407.26456	-7.783135	0.09344949	1.0
398	1654.2483	386.57172	1927.286	900.8492	891.2	191.19176	22.93988	216.44978	12.240001	1990000	-0.0012917793	432.91116	-7.77655	0.084557876	3.0
399	1929.5563	30.15169	1965.4058	1880.3741	1000.0	186.32028	7.2030067	209.99411	49.097977	1995000	0.020670854	77.23535	-7.777121	0.08797106	2.0
400	1981.2185	35.988743	2016.144	1915.2278	1000.0	194.6775	5.5256877	212.12418	161.49704	2000000	0.048131566	106.187836	-7.7779126	0.097943954	1.0
401	1357.2067	522.0424	2000.092	662.32324	798.4	175.7495	52.679905	220.88185	22.433197	2005000	0.046005554	732.87	-7.771932	0.15809345	1.0
402	1468.2172	449.0065	1918.5912	911.56836	873.8	167.54312	41.98526	221.10628	-12.49785	2010000	-0.038919166	562.0806	-7.771428	0.07775525	8.0
403	1615.5446	697.17487	2035.617	226.21466	822.2	185.06862	11.819452	238.80109	10.076145	2015000	-0.04922584	322.14056	-7.7810373	0.0757518	8.0
404	989.19727	810.026	1998.1697	210.11804	506.4	181.37009	37.17995	220.1058	12.859278	2020000	-0.09137002	756.2688	-7.850105	-0.035706595	79.0
405	1298.9895	473.9877	1917.6584	465.79382	750.6	175.61438	37.896725	213.00366	-132.54391	2025000	-0.098493695	934.012	-7.907064	-0.003766666	79.0
406	1531.1261	296.35248	1932.3179	1137.2255	864.2	169.5856	33.24245	245.57556	-14.847847	2030000	-0.10673303	632.1923	-7.963514	0.042762917	79.0
407	1671.3059	332.8566	1927.7972	1048.944	1000.0	159.35	40.303165	215.04604	57.84342	2035000	-0.03288275	230.49225	-7.9598703	0.085317634	5.0
408	1687.3883	360.1465	2014.321	1171.2488	864.0	187.56271	10.214391	214.69154	44.15987	2040000	0.019208975	680.0744	-7.9690533	0.07752803	1.0
409	1783.9631	210.90582	1991.6339	1526.546	962.2	180.21768	28.928423	219.24886	57.604683	2045000	0.038312964	410.76917	-7.9638047	0.12205685	1.0
410	1564.905	779.6063	2002.8113	7.9591074	802.4	190.4237	10.108807	230.5449	89.27353	2050000	0.029638024	146.46504	-7.9675984	0.0926519	1.0
411	1319.9738	788.74915	2005.7379	279.54062	673.4	197.23566	8.936754	252.36801	57.12944	2055000	0.020384386	645.1329	-7.966014	0.08309375	1.0
412	1946.7809	58.72678	2022.8748	1850.4635	1000.0	194.03342	8.217266	224.72073	105.953064	2060000	0.03702546	142.47243	-7.965628	0.09025052	1.0
413	1781.5553	340.81366	2007.2852	1106.8901	1000.0	181.01398	39.21192	236.2173	53.22034	2065000	0.06759852	167.954	-7.957647	0.15455224	1.0
414	1375.9137	686.1726	2023.1808	212.2361	731.2	196.51065	9.364348	231.59843	55.15827	2070000	0.021618402	788.5315	-7.960819	0.08235194	1.0
415	1731.9117	403.64523	2016.7615	930.89246	1000.0	167.62178	44.67823	218.89034	11.723115	2075000	-0.008418209	189.84189	-7.9526596	0.082939796	4.0
416	1961.1033	15.905309	1976.3757	1941.7714	1000.0	194.0123	6.9132986	225.08936	146.9022	2080000	0.03277286	120.81101	-7.9536204	0.096113645	2.0
417	1939.8805	49.66992	2014.3533	1879.2676	1000.0	196.60838	11.300639	220.09946	63.483753	2085000	0.048544727	189.11156	-7.954486	0.1256751	1.0
418	1630.8202	616.03326	1981.2802	401.63373	850.4	195.30397	8.891071	224.32964	90.1831	2090000	0.039863456	421.79926	-7.952814	0.099404395	1.0
419	1797.958	273.52344	1979.4312	1253.0991	1000.0	175.69951	41.423855	218.21707	57.46974	2095000	-0.0048734206	120.7968	-7.950424	0.08942417	4.0
420	1978.4153	23.765368	2014.1969	1948.0802	1000.0	196.36852	5.7888927	215.47305	152.62772	2100000	0.024903404	102.17468	-7.951097	0.07729801	2.0
421	1995.972	21.438934	2024.5845	1974.1725	1000.0	200.3334	5.9625554	218.71213	165.32011	2105000	0.050067186	112.13939	-7.9525084	0.10372344	1.0
422	1957.0658	66.51244	2014.4291	1860.592	1000.0	201.44875	6.7113795	221.84387	140.96317	2110000	0.078933276	95.9045	-7.947822	0.1393679	1.0
423	1692.2722	371.71878	2035.5576	1219.7747	1000.0	168.4571	50.885166	212.61287	62.126396	2115000	0.04200399	244.1869	-7.941109	0.08409579	1.0
424	1671.7051	530.1191	1979.4556	614.2219	862.4	196.6125	8.1211605	216.30898	113.7101	2120000	0.017298661	367.272	-7.9446273	0.0768247	1.0
425	2005.8752	56.594242	2081.8284	1942.8817	1000.0	194.67262	5.842469	216.21606	137.0469	2125000	-0.017392725	134.64067	-7.945869	0.075903	4.0
426	1610.434	533.3298	1996.1255	580.73474	829.0	201.47368	6.91788	220.93263	98.463394	2130000	-0.0028437362	770.9747	-7.9445696	0.07916449	2.0
427	1537.2268	536.6452	2024.5369	830.2028	887.0	171.5861	44.233307	220.4682	12.608631	2135000	-0.043176387	409.34308	-7.9405947	0.076395266	10.0
428	1649.748	716.24756	2060.9272	221.8395	823.6	195.5353	7.575919	226.84303	101.87155	2140000	-0.10515917	420.6959	-8.018233	0.044470113	79.0
429	1756.982	462.63458	2101.911	846.7681	883.0	199.13483	9.689478	229.76833	22.352882	2145000	-0.09795091	406.4658	-8.073509	0.022853328	79.0
430	1788.0375	432.58743	2037.9982	924.4564	1000.0	178.95963	41.77569	227.11212	71.06621	2150000	-0.075996116	138.96664	-8.082995	0.075915664	13.0
431	1492.3019	764.97577	2156.4897	229.17601	739.0	202.69608	9.556512	232.66566	-96.93066	2155000	-0.0889342	630.7118	-8.172373	-0.0012021867	79.0
432	2050.2195	58.62574	2140.0981	1974.2637	1000.0	201.25444	8.21735	219.7599	97.05436	2160000	-0.065540835	108.040276	-8.173483	0.084181644	10.0
433	1972.8723	99.0281	2077.5679	1788.4594	1000.0	200.92647	25.96595	232.46127	63.129536	2165000	-0.027927117	186.47963	-8.165066	0.08441778	5.0
434	1841.3303	339.6906	2026.9644	1162.587	916.4	203.76205	7.249732	222.37973	141.4842	2170000	-0.018331714	436.69	-8.16304	0.08333959	5.0
435	2004.5525	47.613674	2060.7622	1935.687	1000.0	199.43143	9.618935	219.44992	98.03006	2175000	-0.044506483	99.7054	-8.156538	0.079978846	7.0
436	1791.9928	478.57852	2082.104	838.83295	888.2	203.06207	6.2243595	219.71587	154.10669	2180000	-0.049356088	508.4383	-8.138021	0.07612145	12.0
437	1855.2562	322.55344	2127.1345	1221.7126	1000.0	186.32195	41.752766	220.76971	63.212204	2185000	-0.12510669	181.19678	-8.1695595	0.04769082	79.0
438	1679.1084	637.7578	2068.624	405.79022	841.0	201.74194	7.5930905	237.13968	141.36621	2190000	-0.10106349	407.02634	-8.235783	0.02018099	79.0
439	2025.4045	54.06167	2117.2166	1966.1283	1000.0	200.95718	7.311516	227.99838	128.88904	2195000	-0.014187051	98.289635	-8.236324	0.08779056	3.0
440	1953.9846	31.558144	2008.9752	1912.0452	1000.0	204.97926	7.9983363	226.07698	126.46585	2200000	0.021896856	123.840866	-8.240664	0.07989745	2.0
441	1835.4154	393.4966	2067.988	1053.2095	913.8	199.41824	6.14711	215.94283	145.53206	2205000	0.021972373	503.0742	-8.241478	0.07942607	1.0
442	1782.4655	470.61777	2122.9065	856.8175	1000.0	178.60097	46.340572	238.20644	60.194077	2210000	0.0043536606	237.96332	-8.239926	0.0859305	3.0
443	1470.6838	778.3579	2087.9233	141.99155	724.8	201.36414	9.994278	228.09673	97.16763	2215000	0.02885675	771.7814	-8.245331	0.10183977	1.0
444	1785.1031	344.68912	2100.7139	1121.7958	997.0	175.37027	50.255463	232.53065	23.998182	2220000	-0.02362244	531.53784	-8.240148	0.08285882	5.0
445	2034.293	49.61338	2087.055	1960.3883	1000.0	193.92859	8.408678	227.13982	62.044876	2225000	-0.030269288	109.757324	-8.240591	0.07552167	5.0
446	1703.054	624.78455	2111.2437	475.15042	849.6	198.8081	28.623926	229.38914	59.0429	2230000	-0.09768046	495.6184	-8.306053	0.013738415	79.0
447	2067.0208	56.7115	2163.6414	2007.8362	1000.0	203.05937	8.815608	228.05183	116.253235	2235000	0.024778776	166.7239	-8.309125	0.1279097	3.0
448	1679.2988	398.86212	2063.6992	1111.0162	927.0	190.15758	45.77897	241.03511	65.35779	2240000	0.02327731	465.2574	-8.306379	0.088884205	1.0
449	1603.2406	793.94806	2066.256	18.32946	804.4	197.81482	6.9129333	217.51604	108.115776	2245000	-0.01821278	147.3429	-8.311361	0.08862038	5.0
450	2010.3881	53.063545	2110.1372	1951.2314	1000.0	201.19632	7.3232	220.61198	127.14107	2250000	-0.0213733	92.804115	-8.31321	0.0891581	5.0
451	1940.0914	206.33127	2078.377	1529.7084	1000.0	194.36833	31.881716	220.5473	68.8745	2255000	-0.009717644	217.28467	-8.314253	0.099071346	4.0
452	1977.374	57.496178	2050.3645	1919.7861	1000.0	199.82439	18.464163	227.8119	52.38892	2260000	-0.014022827	204.8329	-8.318979	0.09800168	4.0
453	2078.2056	13.500379	2098.2654	2060.172	1000.0	202.06512	6.674445	219.32257	116.44334	2265000	-0.050342258	85.2579	-8.325275	0.07773885	7.0
454	2021.457	60.919304	2099.1526	1944.9594	1000.0	208.66016	7.980207	224.32986	103.504295	2270000	-0.04185173	180.32845	-8.326686	0.07856603	6.0
455	1407.0695	721.01685	2003.6366	246.06853	828.8	184.61845	43.99329	223.12979	78.76388	2275000	-0.089218676	391.24506	-8.380556	-0.004858584	79.0
456	1897.2516	330.68436	2164.0264	1246.1047	1000.0	183.50787	38.124725	226.54195	54.494396	2280000	-0.11727039	271.1941	-8.409892	0.051905982	79.0
457	1875.1211	328.16803	2100.8645	1222.5383	1000.0	189.5967	40.192513	228.06895	63.664112	2285000	-0.07073636	169.36131	-8.419802	0.083254896	10.0
458	1891.5667	341.63702	2126.1475	1213.3413	1000.0	187.65857	41.94575	223.20288	63.9811	2290000	-0.045466036	227.45834	-8.43304	0.07888252	7.0
459	2074.8015	50.26112	2167.347	2023.2644	1000.0	207.23972	7.7483606	230.4841	150.38501	2295000	0.023251615	99.884476	-8.437482	0.08210715	2.0
460	2056.4385	21.358578	2096.9844	2034.3181	1000.0	210.27686	6.474763	231.03654	167.9513	2300000	0.06814583	126.7097	-8.439994	0.15063055	1.0
461	1834.9915	372.78107	2077.682	1092.2263	906.6	208.89885	6.4226637	223.76338	122.44733	2305000	0.07023903	435.2641	-8.449943	0.2952094	1.0
462	2074.5718	54.191746	2166.7964	2016.7101	1000.0	201.43076	9.592427	224.17148	63.92202	2310000	-0.021243095	128.37817	-8.459246	0.086479776	4.0
463	2077.1575	48.178555	2163.6067	2025.7593	1000.0	210.6302	8.009508	228.88248	117.89148	2315000	0.03488009	121.025314	-8.456478	0.11048933	1.0
464	2061.2505	158.97758	2168.3687	1748.2852	969.4	210.64287	6.1398015	241.68948	162.22914	2320000	0.037510008	509.66586	-8.459077	0.124445	1.0
465	1868.889	405.0538	2180.4045	1070.6084	1000.0	188.95738	45.635727	229.25471	75.02725	2325000	-0.03847999	178.68597	-8.45603	0.090509586	6.0
466	1830.3998	426.27634	2215.843	1112.5483	1000.0	178.50427	54.770878	230.20398	65.22633	2330000	-0.04437552	347.9756	-8.467282	0.0802257	9.0
467	1915.7488	417.8378	2186.3823	1087.6115	1000.0	192.66872	46.358814	251.87044	71.02112	2335000	-0.062394373	196.51147	-8.483203	0.07700227	9.0
468	2079.9807	72.78255	2193.8228	2003.4314	1000.0	210.38647	17.940643	234.3268	64.60051	2340000	-0.070787534	211.00885	-8.4918785	0.07672131	11.0
469	1559.4252	735.3986	2202.8567	591.26697	730.6	211.39862	8.992412	238.68253	46.180355	2345000	-0.08330424	828.0178	-8.556575	-0.0070003737	79.0
470	2109.4731	40.51546	2179.6504	2063.2659	1000.0	212.3664	10.620269	261.78595	101.80071	2350000	-0.004147454	123.5973	-8.556283	0.088817745	3.0
471	2097.7957	57.820312	2164.8506	1996.3693	1000.0	213.92215	7.4438877	245.36447	155.85956	2355000	0.033833582	120.33395	-8.5594015	0.08826674	1.0
472	1821.459	370.88226	2064.6624	1101.3347	1000.0	187.11063	50.823517	243.72076	70.283264	2360000	0.047617413	207.49812	-8.551855	0.1513058	1.0
473	2117.9255	73.277435	2206.3047	2027.8645	1000.0	205.568	7.333401	229.10239	154.98705	2365000	-0.0094198715	178.52556	-8.556675	0.081576765	3.0
474	2132.644	67.68054	2251.284	2053.7761	1000.0	214.82056	8.579884	246.38205	164.21469	2370000	-0.023912024	137.30582	-8.568014	0.08606244	5.0
475	2085.9448	60.419052	2166.2314	1996.2266	1000.0	215.3753	8.448558	243.83803	110.06959	2375000	0.03752671	122.06401	-8.569088	0.0984138	1.0
476	1720.8812	729.58386	2131.227	263.25018	826.6	212.37065	9.122471	241.84789	61.61326	2380000	0.03362085	256.19333	-8.569629	0.12900507	1.0
477	2106.7598	45.604584	2169.88	2047.0165	1000.0	209.08493	8.869893	227.4355	118.71043	2385000	-0.020869792	150.69597	-8.567491	0.076341964	4.0
478	2153.1802	55.710716	2248.1382	2083.6685	1000.0	214.32382	7.4151073	230.20651	158.59805	2390000	-0.04057291	124.9225	-8.567441	0.07545301	6.0
479	2044.0447	293.462	2249.6733	1469.8895	1000.0	203.51915	43.20777	241.91791	41.206196	2395000	-0.09408848	356.22815	-8.641448	0.00314615	79.0
480	1972.5881	425.12848	2229.3357	1124.9717	1000.0	195.84633	45.57857	235.00409	15.436773	2400000	-0.10413735	207.19485	-8.66438	0.0531251	79.0
481	2106.839	29.639156	2148.5725	2068.9229	1000.0	216.1122	8.498266	247.86153	149.41484	2405000	-0.061815087	84.70301	-8.665394	0.09036083	8.0
482	1902.6152	305.04407	2206.9363	1440.9893	958.0	199.73055	42.86912	230.22893	60.10959	2410000	-0.0838975	531.98065	-8.719533	-0.0060392157	79.0
483	2140.5854	47.364384	2211.2424	2075.145	1000.0	208.72273	11.571946	235.05406	41.10854	2415000	-0.041828174	137.35452	-8.732485	0.09045322	6.0
484	1784.7676	425.57523	2209.732	1240.1769	923.4	202.54356	36.856754	237.90868	90.48555	2420000	-0.02870584	588.1303	-8.737867	0.0851135	8.0
485	2142.088	55.270283	2226.978	2079.893	1000.0	207.4159	9.001131	232.40599	96.04845	2425000	-0.050289765	112.05602	-8.746145	0.077643454	7.0
486	2167.1328	44.243786	2250.8923	2123.2632	1000.0	215.34544	13.688355	235.50954	69.67694	2430000	-0.039778717	229.5064	-8.750543	0.07722307	6.0
487	2159.7173	25.663198	2191.9414	2114.3943	1000.0	219.06345	6.592255	253.50854	159.95006	2435000	-0.019359307	94.167465	-8.748181	0.08511319	4.0
488	1930.7845	477.44202	2216.7776	979.182	894.6	218.70872	6.972238	235.25972	74.8524	2440000	-0.0029343693	456.2139	-8.754048	0.08444511	3.0
489	2184.621	40.237488	2244.6611	2124.948	1000.0	215.0858	6.0212765	236.48286	177.57158	2445000	-0.001036178	141.26007	-8.751611	0.07996325	3.0
490	2148.0093	55.062874	2196.7712	2043.0801	1000.0	220.43275	6.818023	237.60182	161.98198	2450000	0.04164851	125.72335	-8.752892	0.09744058	1.0
491	2153.0327	84.69147	2273.1826	2048.497	1000.0	218.93475	9.260779	236.6214	87.6105	2455000	0.06441337	123.15807	-8.75293	0.14632432	1.0
492	1868.1617	662.92926	2230.753	543.7031	849.4	219.23123	7.8443294	238.14029	158.94719	2460000	0.021316396	411.1997	-8.755174	0.07547594	1.0
493	2038.8148	354.60187	2331.1157	1344.0287	1000.0	204.6639	41.35207	241.56775	51.79066	2465000	-0.015842846	261.0547	-8.748767	0.08294835	4.0
494	1903.0455	454.31073	2186.6572	1007.20807	986.4	200.1149	48.18712	249.68976	78.113945	2470000	-0.09496859	593.5567	-8.770842	0.0052418127	79.0
495	1758.9773	578.8168	2199.7642	701.4202	869.6	199.11328	38.553116	237.70227	26.637651	2475000	-0.10262398	502.68805	-8.814805	0.036170665	79.0
496	1987.1165	420.8194	2257.0037	1148.4445	1000.0	195.19376	46.057938	244.32161	61.87652	2480000	-0.07239589	207.10977	-8.806942	0.081155136	11.0
497	1789.4534	556.9051	2284.2402	1007.3069	805.2	218.69305	10.623107	259.74396	78.00078	2485000	-0.09202208	760.33356	-8.888619	-0.009023586	79.0
498	2227.7368	60.62613	2292.955	2123.0781	1000.0	217.2733	9.60531	246.44957	147.85567	2490000	-0.0027298974	118.47641	-8.890748	0.1081555	3.0
499	1839.3391	470.3635	2237.5527	1010.63696	1000.0	187.18282	65.40139	250.69722	61.088566	2495000	-0.02349109	469.1752	-8.886878	0.07887314	5.0
500	2197.958	50.156166	2277.1904	2136.1826	1000.0	215.6154	8.92058	256.4402	113.68837	2500000	0.02120618	142.0013	-8.894632	0.08439952	2.0
501	1983.152	518.4638	2289.9885	950.97076	1000.0	200.37323	50.92249	243.20102	61.554314	2505000	0.03465785	225.25763	-8.891195	0.10326194	1.0
502	1832.9791	779.9214	2241.3694	273.2999	826.4	224.0295	9.553855	246.03969	103.82648	2510000	-0.011548275	486.5836	-8.896842	0.07912875	4.0
503	2177.686	94.09775	2300.1018	2032.876	1000.0	219.8064	22.290129	249.4977	57.1273	2515000	-0.0527412	318.99344	-8.89261	0.07931614	8.0
504	2168.0015	138.94504	2282.2412	1898.9502	1000.0	214.5957	33.48458	247.01746	61.22064	2520000	-0.036847293	253.8099	-8.892229	0.07992175	6.0
505	2147.5408	143.15204	2314.967	1888.2491	978.2	224.88475	8.480068	247.04233	105.88937	2525000	-0.028144086	536.007	-8.895089	0.07663776	6.0
506	2163.4487	76.42831	2308.1313	2088.7173	1000.0	218.2969	9.513355	247.14482	99.03826	2530000	-0.044039946	147.00626	-8.893661	0.075526014	6.0
507	1903.5667	389.1123	2256.275	1327.6456	1000.0	190.0059	57.523247	237.29109	61.061016	2535000	-0.03448644	362.1216	-8.894372	0.07934856	7.0
508	2185.7344	79.04903	2264.786	2035.0579	980.6	217.1613	12.719137	235.7373	80.05153	2540000	-0.059467725	443.5976	-8.911561	0.07686728	13.0
509	2095.0752	298.9946	2340.5833	1508.5474	930.0	221.20247	10.4979725	241.13228	89.92576	2545000	-0.103613526	486.999	-8.9710045	0.029170943	79.0
510	2136.3481	158.01234	2314.9539	1849.033	963.8	223.16064	10.393754	246.9922	86.39948	2550000	-0.1007281	566.3879	-9.025662	0.030065179	79.0
511	1821.6813	793.09357	2294.7627	241.45409	827.0	221.59595	9.112604	254.62003	34.85407	2555000	-0.10328215	485.92706	-9.090932	0.018793853	79.0
512	2025.807	523.30444	2357.0928	984.8312	1000.0	196.77592	57.75322	254.05862	-51.567677	2560000	-0.12609987	232.34763	-9.107789	0.050162718	79.0
513	2055.7185	401.8653	2379.7246	1272.1472	1000.0	208.66872	51.203384	258.84592	57.98576	2565000	-0.0433664	239.00516	-9.11189	0.08204808	7.0
514	1854.737	895.29645	2353.9902	66.54618	808.6	227.61542	11.623058	267.1292	2.0017853	2570000	0.028368909	282.97464	-9.1176815	0.12889145	1.0
515	2041.9229	471.60095	2328.8613	1104.703	1000.0	207.95958	55.453106	254.48273	76.12056	2575000	0.029885229	245.47537	-9.106932	0.118124366	1.0
516	2115.1956	313.4902	2336.8909	1497.4191	1000.0	212.93616	45.485775	247.18575	59.31486	2580000	0.026320733	226.08466	-9.108525	0.084103495	1.0
517	1367.0865	1000.1671	2236.5088	82.15535	633.8	225.78473	9.321896	258.4796	78.76631	2585000	0.03607376	628.6809	-9.107378	0.13965909	1.0
518	2262.8381	31.260067	2303.8542	2213.677	1000.0	216.18077	12.311002	239.34485	109.04244	2590000	0.03511419	103.25396	-9.109147	0.104456626	1.0
519	2197.6492	36.46422	2256.3748	2154.7573	1000.0	228.52847	7.4270234	244.12335	167.46375	2595000	0.087317705	92.37662	-9.106314	0.18930043	1.0
520	2226.5857	33.66057	2270.8408	2190.1667	1000.0	225.41185	7.7437525	243.3859	169.46112	2600000	0.12221877	81.88079	-9.110471	0.27410907	1.0
521	2077.7522	337.74924	2304.637	1405.7998	927.4	226.584	8.535711	241.26765	57.192894	2605000	0.04849359	432.4134	-9.111584	0.18727857	1.0
522	1846.9902	722.40204	2224.9177	402.33853	845.6	223.7307	6.6444697	238.67554	170.04376	2610000	-0.004988207	539.6893	-9.107206	0.089791894	3.0
523	2213.975	30.701082	2251.1565	2174.0	1000.0	220.1204	8.859099	246.1783	120.81921	2615000	-0.024376258	104.79141	-9.1121645	0.08619365	5.0
524	2178.3586	41.892536	2236.6816	2112.751	1000.0	224.0553	7.1505346	248.1347	135.80585	2620000	0.057174977	131.41258	-9.115301	0.13111985	1.0
525	1998.3777	409.3991	2231.9185	1180.317	1000.0	198.66798	52.015488	236.2435	66.67027	2625000	0.05851952	175.94223	-9.113542	0.15660997	1.0
526	2033.3236	402.41095	2340.1428	1242.533	910.6	221.81026	7.0925817	245.43077	125.331635	2630000	0.020488549	555.3714	-9.11981	0.098698616	1.0
527	2047.6117	329.67603	2286.852	1399.9907	1000.0	206.75746	46.613297	246.18114	52.034115	2635000	-0.0079183	266.80377	-9.114005	0.078096546	3.0
528	2219.5398	29.740751	2253.5737	2179.6665	1000.0	222.88733	7.94321	246.46939	150.38332	2640000	0.030506037	138.9027	-9.115801	0.086276576	1.0
529	2083.9927	275.27603	2256.9968	1537.0175	939.2	225.11252	7.5726466	244.82463	134.15686	2645000	0.06659779	435.28986	-9.121064	0.27374786	1.0
530	2163.186	53.828472	2267.307	2118.7976	997.2	221.3792	8.7276535	237.2617	60.80147	2650000	-0.016923781	414.57916	-9.123887	0.087778784	5.0
531	2021.8694	383.17694	2335.6772	1272.9926	1000.0	195.92192	51.059986	239.09773	34.403046	2655000	-0.046299078	289.5894	-9.121165	0.08068612	9.0
532	2206.118	65.48266	2306.2454	2131.6433	1000.0	223.67485	10.21504	246.51686	135.7509	2660000	-0.004676614	132.28119	-9.122097	0.08776369	3.0
533	1962.0852	511.7829	2246.755	939.23114	885.4	224.5992	7.750362	240.86801	53.367203	2665000	0.015912378	516.0711	-9.118954	0.07889809	1.0
534	2156.4792	34.164246	2191.0076	2101.2493	1000.0	221.75536	8.484111	239.92433	164.99205	2670000	0.024956563	132.8323	-9.119486	0.07694107	1.0
535	1903.7617	349.14328	2231.9258	1459.0197	933.0	207.42302	42.00511	240.58928	72.519485	2675000	0.03189023	619.6093	-9.115975	0.109702565	1.0
536	1856.6428	586.9086	2169.8438	684.1509	860.4	214.58818	12.028371	236.5856	42.215096	2680000	-0.021209998	513.2048	-9.116633	0.085378215	5.0
537	2180.099	43.80733	2250.6895	2123.3965	1000.0	216.7775	7.4146934	234.58176	99.357834	2685000	-0.04586384	85.867195	-9.111072	0.091472864	8.0
538	2052.9526	209.56166	2219.7166	1640.319	954.0	221.32605	8.188679	239.79492	71.3478	2690000	0.013062131	462.0068	-9.109813	0.079724036	1.0
539	2144.0017	59.26371	2247.791	2088.5466	1000.0	213.5208	8.614268	237.98106	145.3737	2695000	-0.020049792	120.43327	-9.108992	0.086160816	4.0
540	2140.6658	71.61477	2216.2986	2019.268	1000.0	219.05092	7.1471853	249.0129	160.2332	2700000	-0.03141034	95.82725	-9.106164	0.076186106	5.0
541	2176.6377	46.579258	2237.257	2102.6814	1000.0	218.99983	6.45085	234.79604	157.6263	2705000	-0.033226795	121.75382	-9.1106825	0.07711819	5.0
542	2125.0522	24.60212	2148.137	2080.814	1000.0	219.92516	8.568774	236.17523	107.11696	2710000	-0.041028883	107.693825	-9.115225	0.07610082	6.0
543	2154.9058	70.41102	2263.2139	2053.9487	1000.0	217.5227	6.7793894	235.03052	156.42091	2715000	-0.013153656	131.29103	-9.118377	0.088503286	4.0
544	1936.259	502.39017	2241.9194	933.74146	891.0	219.98586	6.7316527	236.12161	169.81621	2720000	-0.016842399	545.2073	-9.115027	0.07773032	6.0
545	2178.0508	51.014317	2255.7222	2095.1394	1000.0	216.2165	8.239782	237.99918	116.29383	2725000	-0.053826705	144.48695	-9.108423	0.08323985	9.0
546	2199.495	54.884552	2286.8535	2116.1501	1000.0	220.82367	5.7304564	239.42198	182.25185	2730000	-0.034451056	116.9513	-9.110267	0.081313424	5.0
547	2195.4973	50.20259	2285.6313	2150.28	1000.0	223.34895	6.7815175	240.15163	144.68935	2735000	-0.034967504	108.09675	-9.11848	0.08204912	6.0
548	2244.8298	40.477646	2297.1604	2181.2874	1000.0	224.08717	6.9831505	241.50919	154.77682	2740000	-0.051803753	80.93425	-9.122789	0.07581308	8.0
549	2144.5044	156.17514	2270.9897	1847.4645	1000.0	221.67328	29.044859	242.35524	64.652	2745000	-0.049379278	234.2449	-9.1236315	0.07763434	9.0
550	2257.8997	40.366776	2295.2944	2184.2275	1000.0	223.36195	7.708107	240.1269	155.40489	2750000	-0.09172135	112.80913	-9.125752	0.07553219	15.0
551	2225.377	17.297525	2254.9329	2203.642	1000.0	227.41505	6.443825	246.00217	182.86525	2755000	-0.036278624	121.537735	-9.126025	0.07963253	6.0
552	2263.2437	78.70182	2353.138	2176.0671	1000.0	226.97424	6.351539	246.17554	173.71701	2760000	-0.039718054	110.75223	-9.124626	0.08639015	7.0
553	1996.0076	557.4813	2330.111	890.71716	1000.0	207.21817	48.166977	248.25119	75.26386	2765000	-0.015854258	275.02585	-9.121378	0.07505246	5.0
554	2008.2826	528.26526	2314.4436	952.84985	1000.0	203.6003	56.620953	248.73338	56.674675	2770000	-0.11775125	249.3332	-9.15626	0.032665327	79.0
555	2258.3389	58.125744	2313.086	2152.7014	1000.0	227.6852	8.57044	249.69287	145.27298	2775000	-0.07078133	120.20735	-9.162181	0.075824425	10.0
556	2266.9204	114.50577	2405.7275	2080.9653	1000.0	225.78735	28.161707	250.17554	61.517494	2780000	-0.042638343	365.1469	-9.169188	0.08093275	8.0
557	2288.4287	47.759583	2376.6082	2246.1926	1000.0	232.17332	9.541813	252.0262	171.16708	2785000	-0.14311382	157.40303	-9.224534	0.047911827	79.0
558	2232.7358	86.77203	2309.5535	2072.2715	1000.0	228.93504	27.750084	254.03075	60.124084	2790000	-0.12448071	266.39706	-9.30154	0.039990254	79.0
559	2206.763	175.51929	2335.1504	1858.9692	1000.0	220.32886	35.80832	249.87589	57.89043	2795000	-0.114930786	311.8055	-9.375007	0.046459038	79.0
560	2316.2097	38.768	2387.2756	2269.1355	1000.0	231.02065	10.573853	253.8697	144.6265	2800000	-0.06747323	95.51175	-9.377862	0.07700805	10.0
561	1926.4749	650.61536	2358.9329	640.81067	862.6	229.45943	32.75701	253.83827	54.824078	2805000	-0.028726244	836.2101	-9.384033	0.0809488	7.0
562	2351.464	57.336964	2457.4802	2286.9478	1000.0	228.00337	10.855343	277.02316	111.479	2810000	-0.04394752	175.26068	-9.38326	0.075641684	6.0
563	2341.9136	42.845787	2407.488	2280.3923	1000.0	237.44043	7.1632156	258.79947	166.12614	2815000	-0.028885534	92.79778	-9.38098	0.08286442	5.0
564	2135.673	179.5157	2343.838	1863.2655	930.4	236.50035	13.222621	255.87901	61.728306	2820000	0.014287857	890.2274	-9.381583	0.09935782	1.0
565	2344.355	67.71447	2448.6582	2246.238	1000.0	229.3656	7.512874	248.1952	158.47697	2825000	-0.030852497	171.04802	-9.378324	0.07644967	5.0
566	2382.5679	53.497612	2440.5847	2302.8008	1000.0	237.2763	7.3732486	257.49557	177.0576	2830000	0.04002969	128.35907	-9.376603	0.090792984	1.0
567	2372.2683	35.100742	2416.0234	2319.4353	1000.0	241.9122	6.831551	256.9121	185.34593	2835000	0.0326087	86.85406	-9.375342	0.107552	2.0
568	2343.2148	22.016163	2382.0293	2321.3555	1000.0	241.1475	7.0559564	258.69162	185.7133	2840000	-0.046263978	84.07204	-9.372772	0.07631008	7.0
569	2424.2896	39.03334	2475.1133	2379.7395	1000.0	238.8949	6.8523064	257.07425	182.6119	2845000	-0.042691216	104.16036	-9.382742	0.098209456	7.0
570	2394.2334	109.77852	2490.8813	2181.8225	1000.0	245.7241	7.420914	262.33426	186.76807	2850000	-0.064725086	147.4677	-9.389117	0.079446755	10.0
571	2375.6099	61.528122	2430.954	2282.6677	1000.0	244.22853	8.956456	263.53247	169.13597	2855000	-0.03296728	115.82092	-9.389393	0.07588153	5.0
572	1959.7523	928.5491	2509.907	106.05549	812.2	242.3597	7.4595275	258.33954	180.4096	2860000	-0.08201007	403.57175	-9.44121	-0.001831827	79.0
573	2360.0908	45.251183	2428.8994	2299.6006	1000.0	240.56412	10.229613	264.36258	143.44438	2865000	-0.08394945	125.67644	-9.445538	0.076351084	13.0
574	1915.2812	789.64575	2429.3342	361.2072	802.6	241.8918	10.650725	259.32034	145.97029	2870000	-0.07671027	1045.3572	-9.501227	-0.04473332	79.0
575	1968.7477	507.5012	2455.2603	1092.2578	810.2	235.68613	16.285803	263.1956	5.0665493	2875000	-0.088281095	1299.2368	-9.558636	-0.020590246	79.0
576	2389.4487	58.514366	2457.0425	2298.8623	1000.0	233.28145	12.82923	272.82687	36.39632	2880000	-0.03989727	366.2503	-9.559313	0.0999643	7.0
577	2157.5615	418.69232	2383.5159	1320.8553	1000.0	219.6052	51.862385	271.0427	48.34519	2885000	-0.029438918	350.02234	-9.559336	0.086215064	6.0
578	2332.707	50.324585	2409.7354	2263.4739	1000.0	235.9137	18.45873	258.72018	49.9844	2890000	-0.04147321	336.54825	-9.55378	0.076770425	7.0
579	2376.7485	59.498524	2469.8728	2311.652	1000.0	235.19415	10.64787	266.8243	109.12885	2895000	-0.057389062	127.62844	-9.555118	0.083576985	9.0
580	2405.0366	70.480194	2511.318	2288.9873	1000.0	243.02985	8.508219	260.31372	171.44453	2900000	-0.03840275	126.7377	-9.555241	0.07828225	5.0
581	2388.3342	58.356495	2485.1592	2306.9185	1000.0	245.1826	8.474438	263.49182	189.91882	2905000	-0.041204736	159.38022	-9.547603	0.0816818	6.0
582	1811.4668	682.3787	2360.8228	597.73914	788.4	242.2737	13.811378	272.06396	69.14741	2910000	2.725296e-05	888.0	-9.547953	0.08846453	2.0
583	2289.1016	234.99825	2458.8706	1827.1044	958.2	230.2927	14.6398325	254.65804	0.88082254	2915000	-0.026448462	691.2465	-9.542323	0.07564587	6.0
584	2433.6514	51.967926	2483.7683	2359.0454	1000.0	239.01164	8.794178	263.78217	103.54273	2920000	0.0035104412	132.46893	-9.541758	0.07521552	3.0
585	2374.9102	43.24107	2443.3923	2308.1584	1000.0	245.47604	7.6878796	270.30634	193.84517	2925000	-0.00927119	142.01862	-9.54204	0.1106235	5.0
586	2423.405	73.50997	2554.2446	2343.942	1000.0	243.16177	7.1150093	264.63168	188.35672	2930000	0.014730582	138.8139	-9.54244	0.08039124	2.0
587	1820.5292	601.858	2407.4333	802.4017	822.1667	230.16533	47.19719	270.58017	53.396248	2935000	-0.016325345	1163.5385	-9.542725	0.081639744	5.0
588	2121.5405	651.7988	2497.3066	818.9885	873.8	230.9381	12.652455	269.63202	63.974903	2940000	-0.054316014	586.9101	-9.541248	0.08328337	10.0
589	2327.0688	246.22455	2490.6868	1839.3937	1000.0	227.7911	47.994186	268.91333	-6.692913	2945000	-0.047329485	299.32925	-9.543208	0.075056426	8.0
590	2469.8882	47.362423	2532.0857	2402.7612	1000.0	247.87614	7.9641304	268.90942	190.45001	2950000	-0.0590111	113.22774	-9.550018	0.08011467	8.0
591	2413.4253	25.120962	2446.6755	2369.7869	1000.0	251.0781	10.158571	270.56674	141.00545	2955000	-0.057774737	174.54312	-9.555916	0.07751683	9.0
592	2463.9004	28.885021	2517.5266	2434.7363	1000.0	246.98434	7.5146604	267.50256	179.05453	2960000	-0.03754993	118.00845	-9.562742	0.0755938	5.0
593	2448.743	57.540703	2547.6416	2371.914	1000.0	251.0862	8.298034	270.88687	185.12077	2965000	-0.07543594	101.853134	-9.573887	0.075160205	11.0
594	2405.2134	70.72216	2475.2554	2288.2354	1000.0	249.2394	12.126582	273.47443	78.01141	2970000	-0.111239724	185.04538	-9.608787	0.042892005	79.0
595	2092.5056	796.3456	2594.7554	504.0108	843.0	246.86485	9.959819	266.7193	115.79412	2975000	-0.091166995	620.212	-9.712604	-0.005762829	79.0
596	2210.7065	437.98053	2436.8594	1334.8004	910.8	247.24318	12.563306	266.10062	41.826866	2980000	-0.09986515	488.1986	-9.757625	0.018430047	79.0
597	2238.4233	513.36505	2574.4124	1218.4597	1000.0	217.1751	61.57451	265.76907	29.903791	2985000	-0.11158835	246.16335	-9.775667	0.06352586	79.0
598	2488.1074	76.844315	2565.517	2387.9932	1000.0	251.4747	9.128971	275.5339	163.74326	2990000	0.015496724	167.29454	-9.7774315	0.07545019	2.0
599	2331.56	338.92142	2551.2773	1659.7212	1000.0	236.6359	48.963543	277.8733	27.424095	2995000	0.07165362	314.6728	-9.77985	0.1830465	1.0
600	2013.9014	376.92868	2476.7146	1477.2499	943.2	220.85742	63.784935	274.3497	37.63768	3000000	0.027111026	878.7061	-9.779373	0.100441456	1.0
