Epoch	AverageEpRet	StdEpRet	MaxEpRet	MinEpRet	AverageTestEpRet	StdTestEpRet	MaxTestEpRet	MinTestEpRet	EpLen	TestEpLen	TotalEnvInteracts	AverageQ1Vals	StdQ1Vals	AverageQ2Vals	StdQ2Vals	LossPi	LossQ	Time
1	16.720299	3.4233246	37.26942	10.433899	36.237026	2.451899	40.688103	31.37924	14.271428	32.65	4999	7.460113	4.7690425	7.4600763	4.769166	-8.386719	0.075331494	33.55081057548523
2	16.594124	3.3657196	28.948175	10.096339	64.93129	6.0576735	76.738	54.99126	14.05618	56.45	9999	17.352219	7.4524574	17.352257	7.451447	-18.862457	0.18869719	73.65092158317566
3	67.91096	21.142395	169.67017	21.109802	57.607044	18.315434	89.256935	23.553629	70.22535	58.0	14999	27.62375	10.546855	27.623844	10.546476	-29.617535	0.967484	117.75177907943726
4	74.202034	17.14561	123.632904	24.617622	74.938255	16.152327	105.30377	30.61638	66.21333	65.95	19999	35.148636	12.966557	35.148617	12.96635	-37.042255	0.80005753	161.32723546028137
5	76.2632	18.593904	130.25726	23.170946	80.50449	24.405054	146.23491	24.594135	63.518986	66.05	24999	40.0073	15.785787	40.007256	15.784863	-41.836826	0.9034684	205.42316889762878
6	88.24397	33.962807	288.1003	27.887646	109.584694	125.36543	651.1983	16.395544	79.8871	112.65	29999	43.39323	18.224052	43.393288	18.22427	-45.106705	1.1185551	267.4099323749542
7	93.67775	21.036606	172.6796	38.16659	109.08392	39.315315	212.11491	8.487497	76.045456	89.8	34999	45.49383	19.951815	45.493965	19.951021	-47.119064	1.2231338	312.5703411102295
8	104.19425	42.078674	293.40405	24.612959	112.15293	35.303833	199.64372	30.31529	87.947365	93.4	39999	47.06234	21.033247	47.062637	21.03286	-48.518906	1.3434224	357.75305557250977
9	110.09021	76.40801	595.6671	25.732634	122.72988	28.361063	191.29753	80.608955	98.47059	102.9	44999	47.75907	21.732697	47.75923	21.733116	-49.14785	1.5456758	402.60746121406555
10	186.4986	180.08424	769.19336	51.48064	303.06342	307.1915	898.0195	90.13965	192.57692	329.55	49999	48.92007	22.08856	48.920216	22.087004	-50.21032	1.52443	464.9845163822174
11	141.8147	123.5061	812.155	18.045324	207.70828	233.37497	796.8939	23.614407	127.97143	235.85	54999	50.213867	22.293097	50.21392	22.290804	-51.492348	1.7992717	526.9423089027405
12	253.56596	222.71443	859.4262	44.054268	475.55264	265.3475	810.34845	90.37826	261.0	564.65	59999	51.713707	22.51479	51.713867	22.512854	-52.944176	1.7673986	589.1174035072327
13	411.42212	342.35034	895.20886	70.50276	342.04767	353.0506	968.3274	38.147984	471.0	364.85	64999	53.942726	22.627258	53.942825	22.625849	-55.13011	1.6306	649.6599934101105
14	396.05368	376.32986	912.7227	32.77254	297.97614	310.05344	896.6634	28.232763	455.2	355.75	69999	56.4203	22.800259	56.420506	22.799097	-57.611336	1.6607633	712.0357601642609
15	177.12057	156.01726	812.23975	25.4358	432.4625	347.37216	915.3386	39.281624	206.07408	524.9	74999	58.401756	22.829172	58.401962	22.828234	-59.51175	1.7157714	774.3313500881195
16	664.90985	323.17578	918.01416	75.28421	585.7186	362.4323	910.99817	26.111986	762.3333	709.8	79999	59.60737	22.950037	59.607536	22.94845	-60.6818	1.9005497	836.6636438369751
17	615.68585	359.5704	902.7513	28.62661	666.98456	329.09717	898.12244	32.247974	736.1429	772.2	84999	61.677975	22.832066	61.678123	22.83093	-62.7763	1.7563856	897.4911653995514
18	712.8281	220.32663	895.4403	234.52614	513.32806	329.38565	868.0493	20.499706	868.6667	684.65	89999	63.760193	22.701551	63.7603	22.701443	-64.82901	1.6813968	960.1418895721436
19	387.44742	312.83017	859.4051	25.215523	557.1007	257.29758	890.76624	38.58076	482.0	739.7	94999	65.53106	22.550241	65.531235	22.550943	-66.55007	1.646668	1022.4107918739319
20	441.53925	285.03503	853.8998	50.763706	466.67194	269.717	745.54724	47.30096	563.9	701.4	99999	66.83994	22.556892	66.83982	22.557426	-67.872116	1.7270031	1085.0281975269318
21	279.20624	234.1626	747.6592	24.539312	657.2186	242.45146	863.61865	58.761227	374.53845	823.2	104999	67.905	22.56417	67.90492	22.566645	-68.855934	1.7848785	1146.801817893982
22	308.62674	265.1473	873.029	35.80238	670.8049	362.9257	988.14905	26.154617	365.7143	751.05	109999	68.59391	22.663958	68.593925	22.665722	-69.602974	1.8584875	1208.2625024318695
23	416.43863	234.83878	839.2531	156.8201	436.99957	308.3439	955.0286	104.10926	507.5	472.4	114999	69.35474	22.843792	69.35458	22.845743	-70.270584	1.8544142	1270.6587131023407
24	580.9432	328.17914	907.15686	37.42562	510.15552	322.97562	995.5219	43.53961	668.5714	582.4	119999	69.98514	22.98678	69.98516	22.989323	-70.9564	1.8162045	1333.1779730319977
25	565.6131	308.4266	899.30554	83.417145	686.7674	279.5765	995.2272	39.06075	646.25	848.55	124999	71.18974	23.017532	71.18981	23.019735	-72.13731	1.7321305	1395.5905508995056
26	694.4382	177.07239	876.23553	403.7431	676.6676	281.1821	1001.16266	39.853428	892.6	861.35	129999	72.20354	22.588257	72.20368	22.59004	-73.12125	1.7287974	1456.9130268096924
27	742.0025	293.4942	967.24866	108.41607	618.00635	310.62067	918.39075	44.262653	863.3333	748.15	134999	73.343796	21.965748	73.34388	21.967834	-74.25264	1.6273417	1519.639503955841
28	774.26294	329.68958	954.7866	39.274258	557.931	433.90198	1014.3731	32.554863	839.0	614.1	139999	74.46319	21.531702	74.4633	21.53259	-75.37508	1.6146665	1582.1408069133759
29	398.38535	388.29892	936.5018	30.866657	336.552	372.0739	1003.3583	101.50903	441.91666	333.75	144999	75.86402	21.265432	75.86402	21.267614	-76.75855	1.776659	1643.7842671871185
30	747.54266	244.13391	948.8907	233.9126	369.33554	292.64792	842.2625	95.28697	881.6667	468.5	149999	76.81418	20.79123	76.81417	20.793106	-77.59602	1.6546768	1704.4191975593567
31	607.13116	293.34595	873.83295	152.63155	526.9664	192.726	860.36774	25.247707	720.3333	800.1	154999	77.01794	20.582123	77.018105	20.584166	-77.84176	1.6035715	1766.7854750156403
32	558.4561	278.04803	845.30914	27.666325	732.9778	151.18156	830.2551	119.94388	740.8571	954.6	159999	77.45857	20.224611	77.45855	20.226587	-78.224014	1.5931647	1829.6891512870789
33	738.10986	120.36005	829.24963	479.66605	797.13654	50.05024	869.55725	683.1157	914.1667	1000.0	164999	77.76813	19.894785	77.76826	19.89705	-78.523834	1.4024758	1892.4608278274536
34	759.005	145.87447	851.6045	468.2011	770.05334	161.31117	891.41516	243.96277	907.8	925.75	169999	78.03917	19.63979	78.039116	19.642036	-78.77311	1.3567512	1953.8440008163452
35	682.9572	242.35693	879.04785	228.49614	769.1669	219.16402	929.7852	117.09078	786.5	910.2	174999	78.258575	19.413555	78.25855	19.41625	-78.97644	1.3661112	2016.797969341278
36	827.2529	61.394535	893.49744	740.9217	794.11633	197.53648	991.8222	70.76557	984.0	922.4	179999	78.455734	19.328764	78.45578	19.331308	-79.156425	1.333941	2079.441503763199
37	829.01294	127.724205	944.50446	571.4983	803.02167	260.35318	1008.42914	44.707382	925.6667	914.05	184999	78.897644	19.283266	78.897606	19.28563	-79.60127	1.3107082	2142.0188703536987
38	387.32144	381.04684	980.8411	73.293785	436.18866	390.4944	999.53925	20.17125	408.25	471.2	189999	79.19609	19.213568	79.19603	19.216188	-79.90967	1.2920303	2203.057210445404
39	560.1919	404.44534	992.65186	84.766235	418.25162	390.58133	982.33826	50.513702	591.7778	467.2	194999	79.42144	19.242987	79.42151	19.24705	-80.07236	1.4287875	2265.6745188236237
40	729.0144	299.7471	953.31824	143.46065	613.97906	304.938	988.801	47.574398	843.6	752.75	199999	79.51692	19.297197	79.516785	19.300703	-80.17349	1.3350822	2328.00452876091
41	604.2467	381.0138	944.55194	90.44437	782.7744	211.74194	995.68274	143.7256	659.625	919.65	204999	79.75689	19.338264	79.756966	19.340471	-80.42545	1.4444523	2390.689574956894
42	786.40094	181.20961	931.9288	389.0394	812.7069	157.0391	917.18933	143.53801	896.5	961.45	209999	80.279335	19.133541	80.27935	19.135572	-80.92415	1.3904102	2452.526291847229
43	686.7984	284.32126	852.5304	56.684086	715.9754	233.11522	922.6806	71.21527	806.6667	879.3	214999	80.4972	18.89371	80.49712	18.895792	-81.108955	1.4171215	2514.729151725769
44	832.9528	61.173317	898.7846	739.32416	654.35535	297.88956	1028.015	131.56288	1000.0	747.6	219999	80.70504	18.816935	80.70504	18.81968	-81.33184	1.4129679	2577.147261619568
45	744.35724	294.39636	1025.002	122.5524	750.1262	191.50735	955.05804	12.103829	852.6667	956.05	224999	80.98695	18.785587	80.9869	18.787577	-81.62296	1.3289545	2639.788684129715
46	712.19556	198.37373	869.6112	284.75104	835.079	79.926056	938.36017	703.43756	880.0	1000.0	229999	81.43301	18.470612	81.432976	18.473812	-82.079636	1.2788398	2701.8998231887817
47	741.32776	265.9642	891.18396	209.8327	738.7267	361.01492	1015.62067	21.711277	837.8	786.0	234999	81.81283	18.212212	81.81276	18.214903	-82.44175	1.3237858	2763.793761730194
48	567.6016	339.69867	929.37695	85.62202	895.9754	61.70426	1008.98395	804.4839	643.2222	1000.0	239999	82.17103	18.209013	82.171	18.210613	-82.81138	1.3188832	2826.3623032569885
49	681.7138	266.51962	983.6866	207.77356	733.5942	229.64178	964.248	30.525862	774.8333	875.7	244999	82.80967	18.166706	82.80982	18.168026	-83.44261	1.3949993	2888.81582570076
50	604.42554	363.4507	937.12885	86.61051	747.49475	197.80728	946.92194	35.589085	674.75	952.0	249999	83.285965	17.997202	83.28593	17.999073	-83.887276	1.4091692	2951.215836048126
51	661.4626	305.79178	1037.3613	147.90355	765.1162	196.1091	1012.7644	17.069948	754.0	953.3	254999	83.78669	17.710138	83.78675	17.711405	-84.38829	1.495905	3012.547865152359
52	617.0968	306.5843	932.08655	134.37459	744.1921	87.5078	936.3657	625.55475	747.5714	1000.0	259999	84.13268	17.541233	84.13267	17.543032	-84.67793	1.5125352	3075.2393712997437
53	875.0711	14.576866	902.76807	860.40656	616.43616	298.15717	915.9117	75.974495	1000.0	724.75	264999	84.189835	17.574978	84.18986	17.576075	-84.74867	1.4031861	3137.7490377426147
54	542.00226	329.24457	920.4654	100.926414	869.32404	160.48773	936.22186	183.49571	637.1429	959.15	269999	84.40997	17.510937	84.4099	17.511953	-84.96729	1.4308133	3200.472316980362
55	752.2549	272.3763	1013.3538	183.11838	597.0522	356.49042	1014.2811	36.460236	860.6667	684.15	274999	84.85944	17.303493	84.859375	17.306171	-85.44611	1.3801705	3261.7032628059387
56	584.6764	345.98926	972.72003	114.76123	690.08356	320.1516	1070.4501	120.06154	667.625	799.9	279999	85.349815	17.13981	85.34975	17.140985	-85.93693	1.4303343	3324.0978977680206
57	686.6992	322.98145	994.6769	135.338	398.12375	347.4535	855.2811	70.56762	754.8571	486.4	284999	85.81775	16.883446	85.8177	16.885395	-86.391335	1.3869054	3386.4004452228546
58	541.2449	265.13776	841.1378	88.80528	639.50525	316.9611	1016.7292	51.19698	682.3333	742.85	289999	86.12495	16.742886	86.124985	16.745745	-86.70539	1.3855813	3447.034201860428
59	697.59125	245.62106	861.90533	154.1962	735.71014	247.20097	1015.3346	52.261986	852.8333	905.1	294999	86.061424	16.889801	86.06131	16.892721	-86.61047	1.467106	3508.84082531929
60	773.6596	198.96384	997.5694	450.21805	790.9925	130.04662	981.89294	446.6269	841.1667	969.05	299999	86.037186	17.08644	86.03706	17.089018	-86.62716	1.4267963	3572.6873109340668
61	842.9842	83.4937	978.7533	719.87054	959.98145	194.02179	1080.8818	262.0176	1000.0	942.7	304999	86.15034	17.101902	86.15034	17.102352	-86.69109	1.3779707	3636.3801741600037
62	733.79755	279.9812	945.74945	148.86768	947.3009	136.84586	1050.9021	395.01593	818.0	952.2	309999	86.1394	17.111572	86.13946	17.112429	-86.6516	1.3654096	3698.9382565021515
63	707.62445	338.63092	940.7807	160.65935	999.82043	96.368645	1139.3892	765.1616	751.7143	990.65	314999	86.33	17.031162	86.33006	17.030865	-86.86202	1.364185	3762.321124315262
64	893.1364	294.44824	1088.6687	250.59758	891.4424	216.94981	1035.1708	23.666914	873.0	951.1	319999	86.5075	16.837046	86.50736	16.837862	-87.01923	1.4183868	3826.178384780884
65	959.4671	67.39207	1055.0353	862.24133	841.2007	198.57687	1201.4957	493.97928	989.0	945.0	324999	86.576904	16.684969	86.57686	16.686415	-87.0746	1.4797167	3889.43700504303
66	859.16034	96.80629	983.56287	771.33765	662.0409	222.91553	924.23694	133.06688	1000.0	868.35	329999	86.51658	16.662968	86.51668	16.662043	-87.03401	1.4654224	3952.3526589870453
67	896.59534	71.66191	976.1515	790.1612	759.0155	357.8988	1181.7133	195.72386	1000.0	719.5	334999	86.75344	16.518745	86.7534	16.520802	-87.26101	1.4768643	4015.6510186195374
68	924.94586	290.68845	1186.6162	323.2824	381.9377	293.58044	975.6845	18.366892	888.1667	376.8	339999	87.006966	16.567213	87.00679	16.570232	-87.52136	1.4363267	4078.177479982376
69	916.49976	231.60396	1174.0599	462.83328	738.7483	226.0359	969.02765	166.44528	841.6667	880.25	344999	87.295944	16.543385	87.29586	16.544806	-87.850914	1.5218514	4141.258410215378
70	880.42633	331.20157	1255.1447	369.1319	1092.841	260.67282	1300.8484	97.30938	773.3333	953.65	349999	87.52487	16.63435	87.52487	16.635868	-88.02495	1.4211491	4204.3605444431305
71	607.55457	353.0029	1144.5348	229.90967	790.20154	338.1283	1271.0752	110.45844	529.55554	745.1	354999	87.792015	16.598682	87.79211	16.600468	-88.30222	1.5820514	4266.1367037296295
72	870.414	247.64697	1267.0143	474.5933	1182.8082	128.37419	1333.4962	899.08887	807.0	1000.0	359999	88.263176	16.44243	88.26299	16.445337	-88.782234	1.5818413	4329.703598022461
73	997.4742	342.11514	1296.7211	267.98227	1371.7981	96.57607	1492.8965	1113.4683	828.8333	1000.0	364999	88.80593	16.55805	88.80598	16.560503	-89.31181	1.6631908	4392.9557929039
74	1291.0933	117.92395	1380.7268	1042.9364	1366.3187	14.049011	1384.8627	1339.1508	966.1667	1000.0	369999	89.373116	16.637205	89.37308	16.637157	-89.91578	1.6584568	4455.307185173035
75	1421.5011	30.091396	1449.4928	1368.1412	1101.2546	189.22893	1375.7002	648.64294	1000.0	973.55	374999	90.2586	16.778269	90.258575	16.77841	-90.76104	1.5457069	4517.279593706131
76	1184.6044	445.48798	1451.1168	295.8972	1288.9839	13.541104	1319.741	1268.5239	842.2	1000.0	379999	91.09525	16.986425	91.09523	16.986118	-91.68347	1.6069515	4580.2494831085205
77	1392.6057	61.336105	1443.7499	1273.3634	1507.4568	14.188583	1532.2856	1482.4375	1000.0	1000.0	384999	92.37966	17.001205	92.37971	17.002892	-92.96614	1.6350346	4643.338695049286
78	1420.1339	31.535936	1457.4413	1369.4049	1508.4541	81.11275	1562.3506	1162.4893	1000.0	989.15	389999	93.82809	17.280596	93.82812	17.281887	-94.441	1.6479089	4706.140695810318
79	1425.0707	48.10406	1478.8663	1341.4973	1419.8242	144.36214	1489.6033	825.1006	1000.0	1000.0	394999	95.50866	17.483374	95.50871	17.483152	-96.17597	1.6635458	4769.1864449977875
80	1365.9342	165.49	1477.8953	1038.7037	1202.2842	358.5339	1376.4099	118.44255	1000.0	917.35	399999	97.188515	17.754353	97.18865	17.755161	-97.900185	1.7284939	4832.422744750977
81	1482.0537	26.89738	1512.555	1442.0636	1555.7351	8.46055	1573.158	1536.9468	1000.0	1000.0	404999	99.24951	17.812553	99.2495	17.813625	-99.9729	1.662928	4895.4237241744995
82	1522.4744	17.934978	1546.3956	1500.9193	1493.7096	11.778465	1512.9867	1467.3209	1000.0	1000.0	409999	101.25775	17.924515	101.25766	17.926174	-101.973114	1.6985785	4958.530467510223
83	1529.2642	9.316495	1540.3823	1518.0778	1523.1709	8.8870945	1535.831	1508.0957	1000.0	1000.0	414999	103.129135	17.861795	103.129074	17.863825	-103.83813	1.8876231	5021.3572635650635
84	1513.4529	27.954456	1542.5264	1467.9059	1553.4215	9.155559	1566.0146	1527.2036	1000.0	1000.0	419999	104.61135	18.007978	104.61138	18.007664	-105.35749	1.8805523	5083.600074052811
85	1509.3054	18.974552	1529.2482	1476.0553	1434.2162	152.57126	1520.9332	877.1936	1000.0	968.15	424999	106.46131	17.988468	106.46127	17.989544	-107.22855	1.8264589	5146.276344299316
86	1466.8896	68.94111	1533.5618	1337.3964	1569.5532	10.495338	1595.3481	1549.8668	1000.0	1000.0	429999	107.210075	17.983313	107.21006	17.983688	-107.85305	1.7069538	5209.318058490753
87	1530.4548	25.841434	1563.504	1488.3662	1643.498	9.908771	1664.4205	1630.9037	1000.0	1000.0	434999	108.038414	17.985912	108.03832	17.985302	-108.70463	1.7780434	5270.6846759319305
88	1546.4589	24.235224	1581.4288	1507.6575	1588.9791	9.92896	1613.7042	1574.1531	1000.0	1000.0	439999	109.24829	18.292812	109.24822	18.294497	-109.98291	1.8264546	5332.605668544769
89	1555.061	28.294392	1585.0214	1514.7322	1569.5007	3.8494897	1576.8262	1562.6476	1000.0	1000.0	444999	110.46493	18.501171	110.46486	18.502153	-111.1561	1.7666426	5394.583987951279
90	1584.2533	16.934645	1604.6935	1560.2904	1615.8323	7.8661656	1632.9777	1601.7716	1000.0	1000.0	449999	111.60254	18.867603	111.60241	18.869438	-112.34865	1.8539125	5457.804152965546
91	1583.0331	17.698313	1601.2885	1552.7556	1583.5176	7.954638	1601.5614	1569.2092	1000.0	1000.0	454999	113.13244	18.921747	113.13259	18.922472	-113.8594	1.805405	5519.738466501236
92	1387.4508	529.2069	1643.5647	204.47746	1679.6531	26.259995	1720.6512	1632.4453	856.5	1000.0	459999	114.79364	19.051258	114.79354	19.051704	-115.61871	1.8518614	5582.739214420319
93	1608.3713	37.379303	1647.9377	1553.2373	1665.3953	17.190166	1690.8688	1612.5353	1000.0	1000.0	464999	116.65575	18.999697	116.65582	19.00134	-117.40455	1.805048	5644.9916570186615
94	1642.9426	12.996578	1657.6606	1620.5891	1541.9556	24.783663	1563.6465	1468.588	1000.0	1000.0	469999	117.95463	18.944525	117.954575	18.944992	-118.72782	1.9546024	5706.125707626343
95	1608.7572	33.43871	1664.4685	1565.2675	1690.3334	5.858994	1700.4297	1680.8903	1000.0	1000.0	474999	118.93918	19.172853	118.93934	19.172472	-119.63822	1.9053838	5767.928871154785
96	1531.3455	184.81049	1638.6924	1162.361	1654.1033	12.845768	1674.6697	1625.7363	951.2	1000.0	479999	119.87467	19.154768	119.87476	19.152811	-120.620575	1.9609797	5829.668910741806
97	1557.2992	131.62634	1665.172	1269.4995	1646.7269	33.566498	1677.4432	1511.0449	976.6667	996.7	484999	121.17414	19.139145	121.174	19.13865	-121.93793	2.0094757	5892.070717573166
98	1611.8049	10.921226	1628.3492	1600.1598	1688.5925	8.642647	1703.2688	1668.1685	1000.0	1000.0	489999	122.12424	19.296558	122.12425	19.298075	-122.84273	2.1419988	5953.626496553421
99	1321.3452	577.5489	1630.1042	166.4519	1706.5801	7.7507257	1718.8475	1693.4741	825.4	1000.0	494999	122.53928	19.472034	122.5394	19.47236	-123.28365	1.9801638	6014.084848165512
100	1626.9592	13.243768	1649.3586	1610.7932	1677.9928	8.754108	1690.7751	1661.9805	1000.0	1000.0	499999	123.167725	19.307182	123.16764	19.309572	-123.8243	2.1130745	6075.968078374863
101	1609.6075	23.305065	1637.1027	1580.3901	1661.5154	6.192043	1673.4329	1651.4761	1000.0	1000.0	504999	123.27218	19.556623	123.272064	19.55924	-123.90482	2.2064867	6137.809211015701
102	1590.9696	26.723036	1633.2174	1564.3263	1702.365	15.186423	1739.4674	1665.9642	1000.0	1000.0	509999	123.39969	19.626448	123.39979	19.62696	-124.125374	2.2684517	6199.416084051132
103	1115.1149	477.67758	1653.8569	363.51978	1581.1112	304.9618	1693.4714	262.87033	748.0	958.9	514999	124.20812	19.787409	124.20805	19.789467	-124.97848	2.272808	6260.4710421562195
104	1625.9861	37.166416	1657.7749	1561.6156	1608.9167	5.3693466	1621.5934	1599.6599	1000.0	1000.0	519999	125.25351	20.056635	125.253525	20.057335	-126.01815	2.27432	6322.151405334473
105	1345.8866	577.8821	1616.2157	54.05371	1697.3737	5.650461	1703.6237	1683.5941	849.6667	1000.0	524999	126.4555	19.774343	126.455574	19.773966	-127.20252	2.512461	6384.592932462692
106	1607.4438	12.544109	1626.6688	1596.0131	1647.1592	15.008776	1671.788	1621.2505	1000.0	1000.0	529999	127.2589	19.915802	127.2588	19.917955	-128.01967	2.2174938	6446.536881446838
107	1640.044	33.117737	1673.1244	1580.5255	1688.277	11.394634	1701.0682	1658.0055	1000.0	1000.0	534999	127.80461	19.851946	127.804634	19.853083	-128.56267	2.234966	6508.258367776871
108	1649.3118	12.201468	1660.9612	1627.6907	1611.9175	6.963472	1623.0479	1598.3811	1000.0	1000.0	539999	128.41052	19.562098	128.41069	19.561794	-129.14845	2.140231	6568.732921600342
109	1652.888	28.14666	1702.5331	1620.5	1652.5527	6.667201	1662.5508	1634.8315	1000.0	1000.0	544999	128.2987	19.508852	128.29865	19.509298	-128.94092	2.3658042	6630.859090805054
110	1638.6692	16.36029	1657.2827	1618.9146	1576.7805	5.528794	1588.8367	1565.4697	1000.0	1000.0	549999	128.06212	19.777437	128.06218	19.777079	-128.67719	2.1397414	6692.83482837677
111	1640.0592	22.940945	1667.7969	1598.6483	1695.7595	5.2950664	1704.5095	1684.6283	1000.0	1000.0	554999	128.02142	20.0442	128.02147	20.045769	-128.66154	2.1118238	6754.764691352844
112	1632.4543	21.74875	1658.6976	1595.4225	1642.2546	11.749549	1666.4181	1620.5906	1000.0	1000.0	559999	128.38455	20.056128	128.38448	20.056974	-129.069	2.0332694	6815.899165153503
113	1622.4729	16.773117	1643.3044	1604.8903	1712.3428	9.933782	1727.1136	1689.8402	1000.0	1000.0	564999	128.88548	19.93352	128.88556	19.931305	-129.59258	2.0308604	6877.186574220657
114	1649.4391	13.068981	1661.7726	1627.4573	1744.3187	8.275268	1765.8037	1729.7827	1000.0	1000.0	569999	129.62766	20.071507	129.6278	20.073587	-130.33376	1.9482428	6939.059091567993
115	1700.9469	29.519627	1741.8741	1653.283	1738.6443	7.9271984	1751.1223	1725.3173	1000.0	1000.0	574999	130.31163	20.06525	130.31186	20.063715	-130.94954	1.9726305	7000.934679269791
116	1688.5989	22.947811	1705.7194	1643.8021	1716.5935	5.5178533	1729.2684	1706.3389	1000.0	1000.0	579999	130.5948	20.070936	130.59465	20.069902	-131.27515	2.1041594	7062.656160116196
117	1705.7424	8.976577	1720.268	1696.0096	1714.863	7.0943003	1728.9928	1700.6534	1000.0	1000.0	584999	130.82579	19.803226	130.82594	19.801943	-131.50702	2.3032951	7123.12676692009
118	1716.1254	12.455342	1737.0436	1697.8218	1819.2834	8.173939	1830.4838	1799.7976	1000.0	1000.0	589999	130.8518	20.724386	130.8518	20.723322	-131.44272	2.0897849	7184.868814468384
119	1701.4241	14.91456	1727.8856	1686.9531	1702.0027	11.176754	1721.7483	1682.8322	1000.0	1000.0	594999	131.18721	20.526361	131.18721	20.527573	-131.85637	1.9723464	7246.713137626648
120	1700.6097	23.726	1733.166	1661.7428	1750.2006	10.650512	1768.9078	1735.9436	1000.0	1000.0	599999	131.87598	20.009626	131.876	20.009909	-132.52435	2.0455976	7308.465177774429
121	1731.574	9.570953	1743.4983	1716.4921	1750.4332	5.5900474	1758.7302	1738.9705	1000.0	1000.0	604999	132.07553	20.950811	132.07568	20.950615	-132.64662	1.9183699	7370.146227121353
122	1717.0502	20.628689	1750.1018	1690.9952	1726.9973	3.6026444	1733.2002	1719.9327	1000.0	1000.0	609999	132.61307	20.757841	132.61322	20.757713	-133.28658	1.9741251	7430.703633069992
123	1703.0844	14.633133	1726.8212	1687.599	1609.6315	7.150932	1618.4688	1591.2314	1000.0	1000.0	614999	133.20125	20.764038	133.20135	20.763624	-133.84895	1.9174986	7492.720363140106
124	1480.0065	483.65207	1721.258	399.71405	1774.0798	9.895728	1797.674	1755.8629	874.6667	1000.0	619999	133.30219	21.553082	133.30223	21.551514	-133.905	1.8505106	7554.186457872391
125	1736.2297	19.757107	1755.677	1702.0067	1867.0193	5.3767834	1879.7241	1856.2181	1000.0	1000.0	624999	133.585	21.875393	133.58487	21.877726	-134.18033	1.8958691	7615.823664188385
126	1727.867	27.59003	1781.6989	1705.1622	1647.3824	6.491254	1656.8251	1637.1305	1000.0	1000.0	629999	133.93463	22.424765	133.93457	22.424751	-134.57542	1.8028504	7677.3469414711
127	1726.8997	24.431751	1754.3029	1689.5046	1759.0032	7.4392595	1779.2004	1746.675	1000.0	1000.0	634999	134.53448	22.544231	134.53447	22.544956	-135.17705	1.8820063	7737.559930086136
128	1764.9283	18.295845	1798.3646	1750.9623	1781.0394	4.2859564	1787.0645	1770.3796	1000.0	1000.0	639999	135.0165	22.436102	135.01663	22.43716	-135.63054	1.893763	7799.440293312073
129	1776.8059	19.996572	1795.4424	1743.6796	1759.1455	4.7259336	1768.568	1750.2037	1000.0	1000.0	644999	135.68364	22.378859	135.68343	22.38142	-136.30777	1.8520324	7860.999247312546
130	1770.4681	20.68128	1793.2601	1734.7385	1827.1686	4.1348367	1836.0857	1820.1815	1000.0	1000.0	649999	136.08797	22.571703	136.08809	22.573736	-136.70003	1.8540345	7922.469076156616
131	1773.566	17.187973	1790.8461	1742.8807	1849.2578	5.851284	1856.2211	1832.3217	1000.0	1000.0	654999	136.50383	22.522703	136.50389	22.523241	-137.15428	1.8649762	7983.657000303268
132	1758.2083	18.426092	1781.3009	1738.6052	1814.8363	5.5059843	1824.8065	1803.7943	1000.0	1000.0	659999	136.89418	22.563725	136.89427	22.564573	-137.52672	1.8972862	8045.181054592133
133	1784.5035	26.899073	1813.0823	1741.378	1853.8636	6.0124617	1861.9115	1838.2383	1000.0	1000.0	664999	137.3532	22.53941	137.35324	22.54177	-137.9659	1.8063319	8106.668843984604
134	1774.5726	5.6281595	1782.2445	1767.5592	1821.208	5.538926	1831.8059	1811.5116	1000.0	1000.0	669999	138.0064	22.23376	138.00653	22.232738	-138.69197	1.8849492	8168.254017114639
135	1761.0508	17.99615	1791.5996	1738.5763	1865.692	9.24093	1879.8019	1845.3115	1000.0	1000.0	674999	138.46764	22.346506	138.46774	22.345837	-139.10739	1.8839135	8229.949805498123
136	1812.2552	14.859071	1825.9752	1783.9855	1847.031	8.418163	1863.5729	1834.1562	1000.0	1000.0	679999	138.86499	22.814013	138.86497	22.814285	-139.51855	1.7753223	8290.139548301697
137	1824.2377	14.704386	1843.777	1803.7555	1780.2174	8.354441	1795.743	1761.4144	1000.0	1000.0	684999	139.51743	22.536083	139.51746	22.535656	-140.14503	1.9127934	8351.809547662735
138	1799.8486	1.2959162	1801.0922	1797.3999	1773.0084	10.964052	1785.5367	1750.1938	1000.0	1000.0	689999	140.20985	22.571959	140.2099	22.572773	-140.85367	1.7868184	8413.395915985107
139	1797.6555	10.936965	1807.8975	1778.8315	1834.4968	20.33508	1873.8811	1785.722	1000.0	1000.0	694999	140.73164	22.894571	140.73155	22.895678	-141.37837	1.8875719	8474.776590585709
140	1792.9187	23.612509	1836.226	1769.4656	1803.1188	9.746846	1821.4646	1781.4939	1000.0	1000.0	699999	141.25873	22.719616	141.25868	22.72198	-141.86726	1.8339895	8536.452615499496
141	1829.5527	16.511927	1856.9636	1809.0869	1821.1771	10.303657	1840.5074	1800.191	1000.0	1000.0	704999	141.74997	22.67511	141.74988	22.674566	-142.42383	1.7262625	8596.5415828228
142	1760.6088	22.5952	1787.6216	1729.6428	1798.6351	41.48978	1824.1923	1627.2745	1000.0	995.2	709999	142.36655	22.646603	142.36674	22.645748	-142.97787	1.8213006	8658.207915067673
143	1778.325	37.57733	1816.4573	1715.0028	1751.2756	9.905137	1766.4003	1728.8672	1000.0	1000.0	714999	142.86252	22.79568	142.86267	22.796385	-143.49388	1.8716757	8719.901144266129
144	1786.5912	17.705788	1802.8014	1762.1857	1837.2527	6.5144634	1846.7567	1824.9684	1000.0	1000.0	719999	143.42268	22.518343	143.42284	22.51992	-143.99025	1.8646	8781.579210281372
145	1796.0217	12.020251	1809.7709	1778.5759	1829.0947	7.6918063	1841.6866	1812.9736	1000.0	1000.0	724999	143.69548	22.40328	143.69542	22.401623	-144.316	1.7772847	8843.034140586853
146	1804.5925	11.224819	1824.7562	1790.0801	1850.575	8.398332	1865.2717	1834.467	1000.0	1000.0	729999	144.01392	22.659666	144.01404	22.65984	-144.6279	1.8429546	8903.571737289429
147	1797.0553	7.69053	1805.183	1783.4966	1774.6697	8.39887	1794.7045	1760.8148	1000.0	1000.0	734999	144.62007	22.842295	144.62006	22.842247	-145.23647	1.7255758	8965.450767278671
148	1818.2379	20.34377	1855.0203	1793.5535	1874.4094	4.1506934	1880.7408	1864.888	1000.0	1000.0	739999	144.95586	23.10416	144.95581	23.103344	-145.55429	1.7636391	9026.841054677963
149	1838.6578	6.041947	1849.4669	1831.4972	1836.014	5.6522174	1844.5054	1821.538	1000.0	1000.0	744999	145.34413	23.254906	145.344	23.257893	-145.95299	1.6695722	9088.502733707428
150	1842.1809	22.414158	1866.5016	1800.6156	1834.6263	7.465058	1846.4762	1818.1091	1000.0	1000.0	749999	145.6847	23.157019	145.68474	23.157099	-146.2372	1.7885537	9149.440311670303
151	1837.0176	11.688186	1851.5573	1817.2086	1898.742	6.315944	1913.2806	1888.6395	1000.0	1000.0	754999	145.6984	23.374462	145.69827	23.37439	-146.24446	1.8565199	9210.020119905472
152	1833.4662	10.465947	1843.0885	1819.8959	1916.625	6.9462757	1931.7281	1903.6619	1000.0	1000.0	759999	146.00783	23.461868	146.00795	23.462952	-146.61319	1.7792166	9271.493021726608
153	1839.111	12.159176	1852.6395	1822.9199	1908.518	8.85157	1921.167	1890.4053	1000.0	1000.0	764999	146.35638	23.598387	146.35628	23.598217	-146.96513	1.807503	9332.8743121624
154	1850.5652	13.72054	1873.3541	1832.8608	1822.0498	6.4202633	1835.4338	1813.4009	1000.0	1000.0	769999	146.89253	23.615398	146.89256	23.616898	-147.45924	1.8038615	9394.313735723495
155	1872.5027	12.954022	1888.3964	1859.8811	1903.4498	6.078332	1913.5958	1885.4741	1000.0	1000.0	774999	147.24841	23.528578	147.24866	23.52797	-147.82037	1.6998031	9454.884289979935
156	1875.735	5.5669394	1883.1948	1866.7163	1871.617	6.604906	1887.229	1860.5563	1000.0	1000.0	779999	147.72427	23.790018	147.72408	23.791365	-148.37904	2.0019426	9515.492423534393
157	1853.9397	14.560362	1869.8173	1835.6963	1818.4089	7.941033	1831.6068	1804.0538	1000.0	1000.0	784999	148.29982	23.661009	148.29994	23.661377	-148.89384	1.8310201	9576.922616004944
158	1846.1946	17.808039	1858.9347	1811.4713	1844.5697	9.791025	1858.039	1821.6951	1000.0	1000.0	789999	148.76585	23.32517	148.76573	23.324776	-149.31656	1.841018	9638.221861362457
159	1839.9863	9.622574	1859.0261	1832.7437	1838.9294	4.963037	1845.645	1826.5046	1000.0	1000.0	794999	149.06247	23.150177	149.06274	23.14955	-149.71028	1.8249714	9699.339165449142
160	1855.4537	9.013243	1866.2405	1844.8268	1845.6588	9.850377	1861.8683	1824.062	1000.0	1000.0	799999	149.72563	22.688484	149.72589	22.688652	-150.33932	1.8401785	9759.939611673355
161	1857.3226	8.969222	1872.0303	1843.8462	1901.7244	4.7360415	1909.0155	1891.1742	1000.0	1000.0	804999	150.36493	22.24477	150.36505	22.241968	-151.0037	1.962044	9820.49148106575
162	1844.6058	25.589422	1860.328	1793.5286	1861.7906	8.128305	1875.0394	1835.9445	1000.0	1000.0	809999	151.04016	21.830015	151.04024	21.829565	-151.6381	1.743086	9881.920963525772
163	1847.1859	20.104073	1871.1418	1814.984	1815.0554	7.2579193	1828.8828	1800.2528	1000.0	1000.0	814999	151.63705	21.7069	151.63705	21.706438	-152.2523	1.6945176	9943.100252389908
164	1785.2566	138.66835	1869.708	1508.826	1864.9033	7.7300477	1885.0239	1852.4952	964.2	1000.0	819999	151.9489	21.747938	151.94893	21.748693	-152.51997	1.6387119	10004.306879281998
165	1857.4307	20.14505	1875.8937	1818.1727	1894.4863	9.167311	1910.079	1876.5311	1000.0	1000.0	824999	152.08438	21.890013	152.08438	21.892113	-152.65038	1.850496	10065.16160082817
166	1835.6748	10.967776	1853.1632	1820.173	1913.8412	8.265965	1926.6268	1898.8572	1000.0	1000.0	829999	151.9963	22.424099	151.99599	22.427631	-152.55222	1.7918781	10125.954705953598
167	1866.5723	16.460651	1883.9767	1842.7279	1920.0322	9.117853	1941.9584	1905.1738	1000.0	1000.0	834999	152.24194	22.505276	152.24191	22.504025	-152.80963	1.6483649	10187.478459596634
168	1862.7369	21.271004	1898.9114	1839.8201	1852.7883	7.2548647	1864.3018	1839.9539	1000.0	1000.0	839999	152.56882	22.407793	152.56879	22.409092	-153.14816	1.6613351	10251.189405441284
169	1858.303	11.635824	1873.9486	1838.3854	1876.4762	10.807251	1888.6378	1848.3903	1000.0	1000.0	844999	152.56245	22.849297	152.56242	22.849422	-153.05763	1.6194153	10312.685505867004
170	1868.133	10.662572	1880.155	1849.6926	1870.9965	8.767363	1883.901	1855.9346	1000.0	1000.0	849999	152.58214	23.089058	152.58205	23.090174	-153.15051	1.7324984	10372.751019001007
171	1873.2402	10.039933	1883.2601	1857.106	1903.1168	9.152996	1925.6378	1888.8977	1000.0	1000.0	854999	152.75067	23.018839	152.75081	23.018585	-153.30064	1.617842	10434.121042728424
172	1865.4941	4.820197	1873.4974	1859.8972	1803.2084	5.926669	1813.2941	1792.7927	1000.0	1000.0	859999	153.4088	22.517294	153.4088	22.516129	-154.01006	1.6723447	10495.45775437355
173	1879.1853	3.152988	1884.3544	1875.5009	1883.986	9.67951	1902.7262	1862.7156	1000.0	1000.0	864999	153.74718	22.750994	153.74707	22.752092	-154.30458	1.7160262	10557.093585729599
174	1744.1932	347.47787	1921.3417	968.588	1867.7102	10.103738	1879.003	1838.168	918.3333	1000.0	869999	153.84833	23.23901	153.84834	23.241089	-154.36552	1.6620735	10618.628338813782
175	1900.9766	7.97099	1910.8306	1889.5457	1923.9004	6.917413	1937.2247	1914.3226	1000.0	1000.0	874999	153.89357	23.391972	153.89346	23.392265	-154.44646	1.6913757	10678.55779337883
176	1904.6967	6.4431887	1913.6805	1897.5525	1913.6403	5.5775676	1923.2673	1900.4044	1000.0	1000.0	879999	154.00922	23.694921	154.00916	23.693617	-154.56848	1.6050658	10740.075495481491
177	1885.0	14.634004	1911.3578	1871.8943	1935.9299	5.3678737	1945.1884	1922.775	1000.0	1000.0	884999	154.48012	23.387125	154.48021	23.386559	-155.1122	1.8141779	10801.245870828629
178	1896.4465	26.982054	1924.8137	1846.4111	1927.654	7.8522844	1942.9858	1915.1266	1000.0	1000.0	889999	155.30269	22.727512	155.30263	22.729355	-155.88155	1.6716543	10862.493108987808
179	1910.9791	24.656454	1936.2249	1878.5072	1778.4421	356.9012	1924.6631	227.04907	1000.0	956.8	894999	155.69652	22.790817	155.69661	22.792053	-156.23602	1.6334728	10923.931759119034
180	1914.5276	15.977666	1932.4385	1892.9186	1944.915	10.23293	1961.9813	1918.5391	1000.0	1000.0	899999	155.96434	22.865995	155.96432	22.865635	-156.5086	1.7348274	10983.92753458023
181	1882.0725	27.28112	1919.6304	1842.1368	1905.2468	6.553844	1922.4728	1892.0344	1000.0	1000.0	904999	155.98737	22.943869	155.98746	22.94408	-156.54147	1.644375	11045.21084856987
182	1918.6494	15.733989	1936.4397	1889.6754	1864.2819	10.694725	1888.5106	1840.2903	1000.0	1000.0	909999	156.21812	22.750355	156.21808	22.754517	-156.69604	1.5634288	11106.50866150856
183	1888.7035	18.58355	1913.9908	1867.8167	1824.4053	7.6914783	1834.536	1802.6875	1000.0	1000.0	914999	156.44548	22.790602	156.44553	22.791866	-157.04016	1.5635613	11167.63638305664
184	1885.5471	14.169875	1899.3486	1858.4948	1920.2408	6.2392206	1934.3458	1909.042	1000.0	1000.0	919999	157.04872	22.324257	157.04865	22.325031	-157.62212	1.6303676	11228.954685926437
185	1906.2332	17.964806	1929.28	1876.4932	1827.5657	9.520705	1848.3955	1806.3505	1000.0	1000.0	924999	157.2224	22.381887	157.22234	22.382895	-157.74939	1.5936261	11288.874900579453
186	1540.2084	745.9162	1935.9504	49.01109	1903.932	14.8909025	1925.521	1865.0636	808.8	1000.0	929999	157.23433	22.28605	157.23447	22.286842	-157.73058	1.6328387	11350.197499752045
187	1908.2334	7.06096	1919.5137	1899.3336	1897.0979	5.4015665	1906.9015	1886.2627	1000.0	1000.0	934999	157.5523	22.197412	157.55223	22.197649	-158.0683	1.7001588	11411.561990976334
188	1905.991	22.496714	1941.8348	1880.5039	1812.4537	12.235833	1828.1674	1791.85	1000.0	1000.0	939999	157.83516	22.153662	157.83527	22.15373	-158.35492	1.6039629	11472.780774831772
189	1878.8347	19.742266	1909.6863	1849.8761	1824.8682	8.277406	1842.8378	1809.6877	1000.0	1000.0	944999	158.24347	22.04041	158.24347	22.0376	-158.83704	1.6593877	11534.001163721085
190	1910.4885	13.149446	1927.1565	1893.4167	1966.0046	8.092373	1976.1042	1937.6129	1000.0	1000.0	949999	158.70268	21.679762	158.70274	21.67886	-159.25174	1.5350447	11593.793193340302
191	1913.7543	14.853334	1932.0264	1887.4213	1942.1321	9.869794	1958.5687	1926.1027	1000.0	1000.0	954999	158.94322	21.762043	158.94331	21.76149	-159.54422	1.666327	11655.315208911896
192	1915.098	17.536116	1937.6537	1889.9728	1958.8561	9.972758	1972.2799	1938.4249	1000.0	1000.0	959999	159.50499	21.563366	159.50513	21.562351	-160.05789	1.6397573	11716.631625175476
193	1706.4629	419.60135	1915.309	768.5663	1921.15	4.581187	1929.3201	1910.3369	902.6667	1000.0	964999	159.53491	21.566652	159.53488	21.567612	-160.03983	1.6986946	11777.797780275345
194	1873.1633	7.9437966	1885.9456	1863.4586	1901.0391	6.4463687	1908.4879	1882.0588	1000.0	1000.0	969999	159.33191	21.793766	159.3318	21.794405	-159.83118	1.6968614	11839.027778625488
195	1892.2029	13.419658	1914.7152	1875.2671	1861.1332	3.989482	1867.7705	1853.4409	1000.0	1000.0	974999	159.27327	22.135668	159.27324	22.13662	-159.75252	1.5407269	11898.86043381691
196	1898.8372	12.998157	1920.4497	1884.9585	1940.4382	5.481777	1947.532	1927.6947	1000.0	1000.0	979999	159.29845	22.325468	159.29813	22.326962	-159.78755	1.6103972	11960.13176393509
197	1920.7448	8.819399	1930.3947	1909.925	1827.239	7.3899326	1836.8523	1802.708	1000.0	1000.0	984999	159.4378	22.477592	159.43777	22.47764	-159.97035	1.5648234	12021.467213392258
198	1892.4951	9.59254	1905.885	1883.2184	1917.233	5.141792	1924.5204	1907.7922	1000.0	1000.0	989999	160.01814	22.2268	160.01816	22.226234	-160.5611	1.6565425	12082.622572183609
199	1916.6897	11.038911	1927.966	1896.2433	1912.4316	3.1473706	1917.3665	1904.6106	1000.0	1000.0	994999	159.90414	22.422915	159.9042	22.421444	-160.39522	1.6905168	12143.763466119766
200	1732.7775	435.66513	1947.449	758.93494	1946.6775	14.164737	1967.5283	1923.3711	900.8333	1000.0	999999	159.86896	22.67104	159.8688	22.672375	-160.39986	1.4803342	12203.602710723877
