Epoch	AverageEpRet	StdEpRet	MaxEpRet	MinEpRet	AverageTestEpRet	StdTestEpRet	MaxTestEpRet	MinTestEpRet	EpLen	TestEpLen	TotalEnvInteracts	AverageQ1Vals	StdQ1Vals	AverageQ2Vals	StdQ2Vals	LossPi	LossQ	Time
1	20.114565	3.267494	33.473003	11.142407	85.2052	8.218109	104.47399	72.91045	11.806147	55.0	4999	9.904152	6.3938756	9.903988	6.3948264	-11.207208	0.23020037	30.385804653167725
2	20.130302	3.043295	37.97187	7.997002	60.770386	8.615408	70.50401	35.471626	12.043478	43.35	9999	19.178974	9.8371725	19.179111	9.836604	-20.963467	0.24145967	66.19879364967346
3	85.29613	34.390568	161.77011	12.360883	115.68197	7.041098	125.14723	97.307915	61.580246	65.15	14999	30.397291	13.587622	30.396444	13.592693	-32.810104	1.923897	104.53245306015015
4	124.53856	7.28329	140.29709	105.53606	120.159775	7.8547616	132.435	102.36389	65.67105	60.95	19999	40.73912	16.738405	40.73963	16.737358	-43.208324	1.1515994	143.8890986442566
5	123.892815	11.842962	154.8259	97.32904	138.53577	4.1607504	146.25131	130.5424	63.679485	70.55	24999	48.99731	19.563705	48.997677	19.563131	-51.41318	1.312177	181.3527581691742
6	147.90161	10.476256	171.01353	119.31404	166.38353	10.327439	185.98515	146.09505	77.16923	90.3	29999	55.14233	21.761368	55.142292	21.761713	-57.50525	1.4981195	222.00973677635193
7	165.82448	13.499174	194.14546	138.87903	175.68222	7.309687	189.81546	159.72232	90.56364	101.9	34999	59.631386	23.406261	59.63135	23.40716	-61.873867	1.6339886	258.66847920417786
8	210.89653	65.34875	533.6037	163.25317	1013.78625	8.5652895	1049.5579	1006.72046	145.09091	1000.0	39999	62.720818	24.482931	62.720737	24.483826	-64.81157	1.7970833	312.6672921180725
9	859.6862	187.10495	961.79675	485.6809	1010.24475	0.9131727	1011.50366	1007.8758	884.6	1000.0	44999	65.82845	24.680336	65.82851	24.68136	-67.85083	1.8826305	363.3104329109192
10	268.72345	279.9053	1022.1199	60.23273	922.0207	2.9010477	927.9776	917.1973	266.8421	1000.0	49999	69.09388	24.661224	69.09404	24.662104	-70.94336	2.0691779	413.0480270385742
11	252.37094	205.66833	1031.1832	105.83166	225.60104	36.852654	303.93066	166.54437	196.34483	149.15	54999	71.91182	25.126404	71.91159	25.127396	-73.750885	2.1905088	454.68367552757263
12	562.29596	387.70325	1351.4331	176.03043	1115.6901	459.5322	1640.9558	292.42722	378.69232	690.6	59999	75.502754	26.231306	75.50254	26.233244	-77.38487	2.3754287	505.09426403045654
13	570.38965	399.58313	1652.7162	105.99161	1434.9534	386.5035	1735.5807	285.01678	330.2	833.35	64999	79.210625	27.348423	79.21038	27.34998	-80.94992	2.331975	553.8244254589081
14	1062.9978	508.85828	1760.7507	332.79584	1230.7444	509.5022	1659.7448	261.0586	616.0	779.9	69999	83.340866	28.607155	83.34057	28.608858	-85.11551	2.170228	602.9832713603973
15	1232.1654	538.5664	1727.2561	268.48544	1716.3215	164.84042	1789.6592	1003.2135	759.0	979.55	74999	87.6331	29.689356	87.63278	29.691187	-89.38532	2.203927	656.4760637283325
16	1429.7778	541.20605	1769.6107	224.43533	1523.4132	225.02344	1590.9161	543.10657	864.0	970.3	79999	91.99101	30.673805	91.990715	30.675396	-93.65245	2.1865823	705.7212469577789
17	1645.2878	41.087963	1698.4454	1594.3613	1625.7317	7.757989	1638.0308	1613.029	1000.0	1000.0	84999	96.658905	31.401829	96.65876	31.403069	-98.364815	2.28614	754.5534255504608
18	1696.7463	21.723497	1720.7672	1661.5417	1890.8633	15.089233	1926.0856	1867.3784	1000.0	1000.0	89999	101.53031	31.907297	101.530365	31.907835	-103.28555	2.318927	804.9883778095245
19	1666.2838	298.1066	1849.2954	1002.0741	1786.2223	11.395138	1807.3085	1769.5032	922.1667	1000.0	94999	106.389114	32.62708	106.38885	32.628723	-108.04705	2.306736	857.4485275745392
20	1178.0757	723.9023	1944.3167	337.5765	1874.8899	9.7204	1899.383	1857.0349	617.125	1000.0	99999	110.01478	34.077633	110.01449	34.079086	-111.60135	2.398099	906.1223237514496
21	918.8034	434.94846	1904.4968	373.10812	1852.6995	28.355694	1916.8724	1791.678	469.77777	1000.0	104999	113.202614	35.268078	113.20242	35.269547	-114.81262	2.3970833	954.9597299098969
22	1535.607	574.3039	1916.2527	305.52347	1872.1272	59.414635	1915.2996	1624.2338	820.1667	993.65	109999	116.20089	36.16323	116.20075	36.16405	-117.75585	2.5427363	1006.6596109867096
23	1890.598	24.55474	1918.3292	1848.6371	1799.1738	35.640713	1855.2355	1722.8497	1000.0	1000.0	114999	119.30878	36.80983	119.30861	36.81065	-120.874	2.5691206	1057.5818350315094
24	1335.5825	644.92554	1887.4388	206.42508	1480.685	415.69934	1831.422	657.9989	733.625	816.6	119999	122.30328	37.195347	122.303185	37.196556	-123.75725	2.545405	1106.197774887085
25	1573.795	545.695	1935.1469	400.52097	1991.9362	15.764447	2021.9198	1967.1294	838.3333	1000.0	124999	125.30896	37.11743	125.308784	37.117966	-126.75223	2.6362653	1155.0307202339172
26	1795.3096	370.53662	1998.8204	1054.8202	1984.3525	7.8769784	1998.255	1964.5731	909.2	1000.0	129999	128.00093	37.28343	128.00075	37.28407	-129.39142	2.579816	1208.2994294166565
27	1835.3679	202.38304	1952.6244	1431.4576	1921.1218	12.378308	1941.1718	1896.3181	944.2	1000.0	134999	130.23177	37.76105	130.23152	37.761356	-131.64642	2.6535876	1257.718689441681
28	1641.1478	593.49304	1960.1296	315.6279	1855.0935	17.469807	1884.945	1802.6234	860.0	1000.0	139999	132.44095	38.1027	132.44069	38.103436	-133.8193	2.600064	1306.3661053180695
29	1882.7155	20.787584	1905.8561	1846.4852	1954.6326	9.9645815	1969.2618	1931.7117	1000.0	1000.0	144999	134.91306	37.961094	134.91301	37.96184	-136.277	2.5784407	1356.5167863368988
30	1776.946	267.12292	1930.9319	1243.9608	1766.625	24.26346	1808.2167	1716.6454	927.6	1000.0	149999	137.12491	38.051	137.1247	38.05184	-138.45973	2.569495	1409.1646382808685
31	1901.3704	32.148228	1954.716	1854.8914	1993.8738	20.38575	2030.8451	1953.89	1000.0	1000.0	154999	139.27298	37.90464	139.27292	37.905704	-140.55106	2.556352	1457.8203747272491
32	1788.1841	335.9027	1994.3805	1042.5394	1968.3105	14.9548	1991.2417	1933.8054	923.3333	1000.0	159999	141.08646	37.9778	141.0863	37.97945	-142.38785	2.5355754	1506.5123460292816
33	1967.4974	14.304826	1991.7429	1950.4175	2056.2896	8.705028	2070.66	2037.3602	1000.0	1000.0	164999	143.10573	37.86381	143.10555	37.865707	-144.3495	2.5328915	1558.011033296585
34	2002.1855	29.001413	2036.8748	1961.7595	2087.9055	17.397043	2126.3523	2059.147	1000.0	1000.0	169999	144.80072	37.94107	144.80058	37.941284	-146.06502	2.4743443	1609.1898863315582
35	2006.0934	14.069376	2024.1083	1982.0902	2006.8392	130.48512	2078.956	1573.1813	1000.0	978.55	174999	146.41525	37.89118	146.41507	37.89225	-147.6042	2.539491	1657.9414217472076
36	1814.527	538.6252	2091.0125	610.9793	2131.622	7.8347034	2151.1138	2118.9678	886.6667	1000.0	179999	148.10666	37.75235	148.10652	37.753338	-149.29233	2.5008314	1706.3586707115173
37	2062.713	25.088163	2106.153	2036.5122	2065.6157	14.625821	2087.967	2025.3529	1000.0	1000.0	184999	149.62384	37.72977	149.6235	37.731422	-150.78975	2.4659147	1759.5860822200775
38	2111.748	12.222378	2126.219	2090.1924	2098.303	9.502951	2115.714	2084.42	1000.0	1000.0	189999	151.08379	37.756424	151.08362	37.75765	-152.23027	2.386477	1807.8076884746552
39	2115.692	25.042633	2148.5571	2081.7183	2171.622	9.18785	2193.8013	2157.248	1000.0	1000.0	194999	152.591	37.564068	152.59084	37.56508	-153.76555	2.3906643	1855.4300513267517
40	2124.4094	17.46648	2147.609	2098.1003	2166.2195	8.453267	2179.9946	2148.4543	1000.0	1000.0	199999	154.06815	37.290142	154.06781	37.292656	-155.15598	2.3688765	1907.8990461826324
41	2137.6377	39.05489	2203.881	2090.921	2231.454	21.850418	2272.2407	2187.9995	1000.0	1000.0	204999	155.48106	37.07984	155.48108	37.08083	-156.6003	2.4519525	1957.4706101417542
42	2181.6	13.92895	2195.6392	2157.4321	2143.5923	26.653389	2193.327	2103.7756	1000.0	1000.0	209999	157.13133	36.70304	157.13126	36.7038	-158.25508	2.3213882	2005.7953171730042
43	2087.617	20.870947	2125.167	2062.7	2103.3972	246.93526	2202.9875	1044.1659	1000.0	970.45	214999	158.27524	37.000614	158.27522	37.001637	-159.28148	2.2847886	2056.188775062561
44	2114.7168	11.895674	2130.2297	2096.8381	1933.7275	273.13385	2053.6714	1058.7356	1000.0	955.45	219999	159.37325	37.238075	159.37317	37.238888	-160.33621	2.3331993	2107.6781661510468
45	1841.3372	510.79132	2128.8555	820.4425	2086.089	11.15342	2107.2717	2060.1353	878.2	1000.0	224999	160.63174	37.127945	160.63164	37.12904	-161.67476	2.3850465	2156.414708375931
46	2106.5989	34.13164	2145.8992	2057.1248	2187.9768	4.101977	2195.1558	2180.433	1000.0	1000.0	229999	161.9169	37.07749	161.91666	37.07981	-162.9609	2.5286224	2205.246760368347
47	2143.7446	15.423067	2172.0564	2125.8801	2130.1587	11.878419	2154.9302	2098.9778	1000.0	1000.0	234999	162.92587	37.185745	162.92578	37.186497	-163.92624	2.320685	2258.0010166168213
48	2116.589	26.395668	2158.4148	2092.457	2107.7078	9.979328	2125.4373	2091.6555	1000.0	1000.0	239999	163.86716	37.279064	163.86693	37.280636	-164.83621	2.3547878	2307.759943008423
49	2135.41	17.177235	2148.8396	2103.0828	2129.5828	14.349739	2150.1565	2105.7236	1000.0	1000.0	244999	164.89357	37.14371	164.89348	37.14467	-165.85785	2.2832632	2356.487405538559
50	2149.0293	19.344425	2172.6672	2119.3076	2147.8677	23.505764	2182.1377	2094.6006	1000.0	1000.0	249999	165.97763	36.919014	165.9775	36.920418	-166.93532	2.2768044	2406.3482830524445
51	2156.685	10.331346	2173.4753	2147.1448	2110.0012	18.1329	2148.2131	2068.825	1000.0	1000.0	254999	167.10405	36.75011	167.10396	36.75213	-168.06113	2.2605836	2459.446212053299
52	2186.3994	18.720894	2209.9797	2154.12	2192.3154	16.711302	2228.0103	2155.188	1000.0	1000.0	259999	168.35495	36.477757	168.35477	36.47783	-169.25305	2.1459305	2508.0806913375854
53	2162.4727	7.022773	2173.974	2153.5027	2167.6738	44.646137	2211.5518	1989.0492	1000.0	995.8	264999	169.5343	36.345833	169.53447	36.34608	-170.47118	2.1552067	2556.8381912708282
54	2190.145	26.736443	2222.8997	2162.6755	2115.3113	14.426702	2136.4114	2080.203	1000.0	1000.0	269999	170.49078	36.44164	170.49054	36.442627	-171.36803	2.098369	2608.1689682006836
55	1924.7797	326.8161	2171.8591	1408.2595	2118.8997	20.526232	2150.9453	2074.239	893.3333	1000.0	274999	171.396	36.51231	171.39586	36.513462	-172.25922	2.1384535	2659.499313354492
56	2151.5828	13.359395	2163.9673	2129.5427	2113.6804	19.568773	2150.6333	2053.0122	1000.0	1000.0	279999	172.10847	36.704308	172.10863	36.70457	-173.00305	2.1886055	2708.191997051239
57	2157.1855	14.196745	2179.5356	2138.3037	2179.2075	12.966972	2209.9224	2151.1064	1000.0	1000.0	284999	172.83485	36.698208	172.83473	36.69914	-173.70772	2.1657841	2757.014468431473
58	2172.6372	16.072023	2193.3757	2150.465	2208.7466	21.278652	2239.7773	2157.2383	1000.0	1000.0	289999	173.63629	36.592167	173.63614	36.592392	-174.50412	2.1768005	2809.904972553253
59	2169.9224	12.876976	2184.9392	2150.346	2239.9207	14.623991	2257.7903	2208.1309	1000.0	1000.0	294999	174.55214	36.319046	174.55214	36.320152	-175.40816	2.094326	2859.673004627228
60	2156.5508	32.846786	2208.186	2109.742	2190.277	8.874296	2203.2605	2174.357	1000.0	1000.0	299999	175.24174	36.29354	175.24178	36.29433	-176.12148	2.1348953	2908.29398393631
61	2163.69	15.706129	2175.4346	2134.1147	2163.7703	11.400274	2188.0125	2144.3684	1000.0	1000.0	304999	176.0055	36.09227	176.00526	36.094505	-176.82555	2.1380417	2958.1547157764435
62	2157.5532	22.01593	2194.1213	2133.2603	2098.6753	208.40627	2168.8928	1191.6196	1000.0	978.2	309999	176.72375	35.88407	176.72388	35.88416	-177.54149	2.0331993	3010.88538646698
63	2160.5554	11.223433	2180.4648	2150.0044	2154.958	11.262462	2178.2476	2139.3618	1000.0	1000.0	314999	177.48167	35.802	177.48163	35.801792	-178.26884	2.0333633	3059.6244616508484
64	2161.248	18.970573	2190.8696	2136.196	2184.2434	8.45753	2201.647	2169.866	1000.0	1000.0	319999	178.1827	35.638298	178.18259	35.64022	-179.04826	2.015956	3108.430365085602
65	2154.281	12.222923	2173.1536	2138.3042	2200.9778	14.800169	2223.1396	2169.2366	1000.0	1000.0	324999	178.88121	35.486034	178.88127	35.487606	-179.67943	1.9569787	3159.916745901108
66	2135.3918	11.918247	2156.8896	2123.4038	2169.657	17.030008	2200.1868	2137.6172	1000.0	1000.0	329999	179.33675	35.634747	179.33655	35.636356	-180.05858	2.0530117	3211.1213405132294
67	2173.899	43.260075	2213.813	2102.463	2259.141	10.633752	2277.6257	2240.5776	1000.0	1000.0	334999	179.8706	35.482407	179.87042	35.483505	-180.6468	1.968623	3259.7774736881256
68	2182.7886	8.113395	2197.17	2173.3523	2217.6152	9.030882	2237.9578	2203.338	1000.0	1000.0	339999	180.44244	35.24411	180.44247	35.245457	-181.23378	1.863627	3308.62917470932
69	2192.2056	20.469116	2212.6438	2152.991	2172.9849	19.788181	2217.3857	2136.693	1000.0	1000.0	344999	181.08481	35.09456	181.08461	35.09593	-181.82985	1.8336371	3361.3889718055725
70	2184.5024	12.96384	2209.788	2172.91	2267.612	12.682571	2286.853	2236.759	1000.0	1000.0	349999	181.58258	35.17133	181.58282	35.171818	-182.31941	1.8606486	3411.044899225235
71	2200.2937	11.271628	2211.7778	2184.6348	2197.608	11.085379	2213.7214	2175.0208	1000.0	1000.0	354999	182.16154	35.05072	182.1614	35.05203	-182.91957	1.7886254	3459.6616246700287
72	2187.518	22.497217	2226.972	2157.5107	2213.0007	7.3770165	2232.3298	2201.233	1000.0	1000.0	359999	182.7067	35.05495	182.70653	35.0551	-183.48012	1.9166133	3509.5357625484467
73	2196.3196	14.501447	2219.1846	2175.0261	2195.7964	11.0111065	2218.6785	2175.3005	1000.0	1000.0	364999	183.40869	34.766994	183.40877	34.767845	-184.08229	1.8527764	3562.2300329208374
74	2171.1482	17.75277	2190.997	2138.9663	2204.3591	12.811539	2233.1274	2179.6467	1000.0	1000.0	369999	184.12094	34.43723	184.12079	34.43891	-184.85907	1.8201736	3610.8440160751343
75	2198.9805	19.868954	2224.8645	2174.1577	2180.562	14.903645	2212.229	2158.5784	1000.0	1000.0	374999	184.70044	34.116493	184.70035	34.11704	-185.39168	1.7793406	3659.495857000351
76	2193.1882	21.008646	2209.1985	2152.4702	2191.6565	18.994225	2222.3918	2135.0027	1000.0	1000.0	379999	185.07576	34.164074	185.07579	34.16483	-185.73953	1.7846457	3710.8435730934143
77	2170.4739	23.330193	2201.1204	2129.4966	2240.4546	10.179921	2259.818	2216.4282	1000.0	1000.0	384999	185.47003	34.137802	185.47002	34.13851	-186.12975	1.7746254	3762.1559545993805
78	2168.5256	17.592783	2186.7334	2135.8381	2182.6887	14.819022	2209.6816	2157.5789	1000.0	1000.0	389999	185.98967	33.888996	185.9896	33.889877	-186.65425	1.6832113	3810.838326692581
79	2164.123	23.171549	2207.3992	2143.6565	2120.7817	18.74822	2154.6492	2079.7175	1000.0	1000.0	394999	186.40068	33.911278	186.40063	33.91184	-187.0894	1.7024366	3859.5845482349396
80	1928.8773	416.38385	2163.192	1096.5789	2215.4053	15.196362	2253.6826	2188.5364	908.2	1000.0	399999	186.79332	33.73771	186.7934	33.738743	-187.4539	1.7731946	3912.3621752262115
81	2150.9214	29.671684	2189.5288	2101.8726	2195.7559	12.827561	2225.6423	2173.2483	1000.0	1000.0	404999	186.96974	33.836407	186.96954	33.836926	-187.57689	1.7557805	3962.08602309227
82	2153.2417	13.265329	2169.2012	2137.989	2125.2397	16.674927	2151.8186	2090.6855	1000.0	1000.0	409999	187.29445	33.80563	187.29437	33.806644	-187.9641	1.7713176	4010.812620162964
83	2138.06	29.14761	2162.8413	2090.9766	2220.3557	8.944602	2235.6465	2202.639	1000.0	1000.0	414999	187.5317	33.85338	187.53165	33.853878	-188.23483	1.8026309	4060.6511249542236
84	2138.6118	18.476278	2168.2207	2113.893	2173.2097	7.518604	2186.174	2158.0159	1000.0	1000.0	419999	187.84496	33.543354	187.84502	33.54423	-188.50645	1.7456156	4113.638315916061
85	2135.298	23.951319	2176.5657	2107.1106	2075.6772	20.158215	2120.9165	2041.4631	1000.0	1000.0	424999	188.24046	33.180267	188.24039	33.181435	-188.85938	1.717902	4162.176796674728
86	2155.8005	15.499997	2171.9624	2126.455	2166.7122	13.713594	2198.1582	2144.413	1000.0	1000.0	429999	188.68372	32.62018	188.68369	32.621246	-189.31207	1.7744104	4210.834956407547
87	2171.3394	11.632998	2188.5034	2158.443	2201.5466	10.57728	2223.5535	2184.8179	1000.0	1000.0	434999	189.21283	31.262459	189.21309	31.262331	-189.95372	1.9650744	4262.071369886398
88	2178.2715	15.087652	2205.7449	2162.36	2156.0828	153.41153	2232.3906	1491.3569	1000.0	985.3	439999	190.23378	28.511772	190.2342	28.511786	-190.9329	2.073982	4313.271751403809
89	2165.1787	21.864834	2186.1836	2132.622	1981.8132	600.1753	2257.9832	310.87476	1000.0	892.45	444999	190.92206	27.85518	190.92233	27.855345	-191.58447	2.054659	4360.374021291733
90	1508.3262	726.4873	2187.9016	194.4843	1425.3973	698.0051	2219.17	447.65063	708.7143	656.95	449999	191.28206	28.666683	191.28215	28.666224	-191.85463	2.0622122	4408.493891239166
91	2153.9695	38.241978	2197.3848	2084.9197	2178.1743	21.300634	2221.7224	2140.8826	989.6	1000.0	454999	190.79883	30.747498	190.79858	30.748564	-191.31525	1.8445623	4461.067260503769
92	2184.7869	27.218662	2229.4558	2150.19	2182.5361	8.457294	2197.5247	2166.7207	1000.0	1000.0	459999	190.34647	32.345722	190.34648	32.34588	-190.857	1.918341	4511.1943464279175
93	2120.8667	32.935852	2175.6948	2076.558	1976.9763	339.0041	2102.4888	794.6763	1000.0	947.4	464999	190.27234	32.880913	190.27234	32.88163	-190.87704	1.9858692	4559.277181863785
94	2095.3252	24.865866	2143.9404	2077.26	2118.6604	13.16883	2145.833	2099.3613	1000.0	1000.0	469999	190.19237	32.88471	190.19266	32.88473	-190.73541	2.0402856	4609.432838916779
95	1968.1787	390.94574	2180.0786	1094.9866	2193.6807	25.061848	2257.2527	2154.4849	920.5	1000.0	474999	190.1805	32.91416	190.18045	32.914185	-190.79193	1.9588724	4660.747561454773
96	2111.1274	28.658474	2151.3655	2079.4866	2140.9116	16.908619	2170.9026	2117.6592	1000.0	1000.0	479999	190.4069	32.56331	190.4071	32.563053	-190.966	1.9033023	4708.507453203201
97	1958.3629	378.07404	2160.5212	1202.6643	2201.3413	11.220465	2224.9478	2184.318	918.0	1000.0	484999	190.6168	32.25823	190.61684	32.25727	-191.18533	1.8221004	4757.622026443481
98	2007.2089	196.66638	2180.4983	1576.9341	2100.775	22.335419	2149.0579	2062.6353	957.8333	1000.0	489999	190.67586	32.288425	190.67575	32.288982	-191.25632	1.8545047	4810.124982833862
99	2117.222	25.12044	2147.659	2080.4304	2121.0789	17.021982	2161.1687	2091.284	1000.0	1000.0	494999	190.74825	32.33219	190.74838	32.33157	-191.25359	1.9118203	4858.107478141785
100	2101.4897	11.130085	2119.5544	2084.9822	2097.5815	28.078836	2136.356	2043.7366	1000.0	1000.0	499999	190.97891	31.977892	190.97902	31.97735	-191.54305	1.7969748	4906.172351837158
101	2121.4077	19.399572	2141.4292	2089.3354	2102.621	20.625294	2145.6455	2069.9963	1000.0	1000.0	504999	191.0591	32.006752	191.05894	32.008232	-191.62628	1.8633896	4959.169903278351
102	2156.4844	10.77879	2172.8809	2142.2632	2111.2168	18.453592	2150.518	2070.0242	1000.0	1000.0	509999	191.3341	31.862877	191.33418	31.862926	-191.89473	1.736734	5007.850915670395
103	2136.735	13.264115	2149.4734	2115.0469	2217.3054	21.441116	2258.9365	2183.297	1000.0	1000.0	514999	191.54959	31.756737	191.54955	31.757925	-192.03748	1.8002425	5055.59038901329
104	1807.5449	640.5635	2144.1755	526.6797	2186.4893	16.135273	2221.5867	2161.6812	851.0	1000.0	519999	191.83029	31.525751	191.8304	31.526226	-192.3351	1.782676	5107.4451603889465
105	1872.6688	577.9868	2195.7205	583.1238	2075.1672	329.14352	2190.3572	642.8862	881.8333	965.2	524999	191.9712	31.534248	191.9712	31.535711	-192.52727	1.783052	5157.319730520248
106	2104.7485	28.520523	2150.342	2062.6846	2051.227	276.23428	2175.2778	971.7507	1000.0	960.5	529999	192.1242	31.427063	192.124	31.427969	-192.66202	1.729208	5205.075144529343
107	2157.7024	14.760993	2181.441	2142.6733	2146.2234	35.577755	2210.0994	2050.887	1000.0	1000.0	534999	192.24127	31.250746	192.24129	31.251278	-192.78412	1.7726167	5255.715261220932
108	2168.4485	17.843771	2184.7673	2135.3713	2198.3586	13.654353	2223.141	2177.969	1000.0	1000.0	539999	192.33632	31.245373	192.33629	31.24543	-192.83165	1.7274644	5306.762761354446
109	2175.3506	31.000713	2232.651	2142.0244	2193.3323	14.617957	2219.7168	2160.106	1000.0	1000.0	544999	192.51352	31.001123	192.51338	31.001019	-193.01071	1.6954505	5354.49521446228
110	2117.9207	20.977716	2152.1118	2090.1309	2130.0498	256.64795	2221.4988	1014.5399	1000.0	973.3	549999	192.65761	30.915709	192.65775	30.916203	-193.18195	1.714257	5403.719557762146
111	2100.1614	24.9462	2121.2732	2051.8499	1878.6823	578.9308	2110.3313	139.03386	1000.0	907.45	554999	192.72736	30.907324	192.72734	30.907364	-193.22557	1.6701262	5456.054651260376
112	2142.7585	9.825139	2155.5557	2128.6323	1906.877	408.51315	2101.7192	287.96814	1000.0	934.05	559999	192.95938	30.816914	192.95963	30.817034	-193.46165	1.6614572	5503.905833721161
113	1443.0697	786.86005	2118.6511	99.59941	2064.8264	28.691479	2111.8896	2010.0914	697.7143	1000.0	564999	193.23526	30.465828	193.23509	30.466991	-193.7155	1.765923	5551.8428564071655
114	2091.3484	34.614555	2127.5737	2028.901	2150.398	16.332893	2178.4902	2120.2861	1000.0	1000.0	569999	193.33984	30.319143	193.33989	30.318607	-193.81819	1.779274	5605.126483917236
115	2129.6294	16.220367	2150.2202	2109.9216	2090.9011	19.829084	2126.489	2053.0215	1000.0	1000.0	574999	193.39642	30.350946	193.39655	30.349977	-193.89545	1.8796133	5653.593639135361
116	2009.8949	210.73828	2140.1418	1590.9521	2002.989	225.43652	2108.298	1106.6515	950.6	967.15	579999	193.58052	30.21705	193.58054	30.21802	-194.07002	1.8086094	5701.451769590378
117	2135.346	10.04527	2152.5583	2123.3547	2142.565	290.8695	2235.2744	877.5738	1000.0	970.55	584999	193.76978	30.059841	193.76993	30.059816	-194.2532	1.8599743	5753.187927722931
118	2128.9397	32.071484	2165.0571	2077.5872	2113.5857	25.005283	2154.1174	2054.0193	1000.0	998.45	589999	193.88603	30.006819	193.88591	30.008307	-194.37106	1.855898	5803.300486803055
119	2106.7822	25.079807	2143.7883	2068.433	2209.7996	12.026005	2237.6045	2190.4343	992.0	1000.0	594999	193.91797	29.999275	193.91805	29.999853	-194.37352	1.8914024	5851.193616628647
120	2145.2207	34.643677	2185.806	2081.876	2095.3167	137.01193	2157.424	1505.5757	1000.0	985.65	599999	194.00655	29.655977	194.00653	29.657166	-194.47086	1.8793887	5901.523509979248
121	1837.769	653.95044	2166.618	376.3919	1992.303	356.55988	2139.4036	443.70212	864.1667	961.05	604999	194.03671	29.582636	194.03674	29.583168	-194.53108	1.8894769	5953.020453453064
122	1635.942	577.11053	2114.2288	601.13513	1925.1064	323.00116	2066.8503	578.9796	780.5714	948.2	609999	194.10083	29.418262	194.10089	29.418808	-194.54303	1.8533314	6000.916424751282
123	2095.563	15.885431	2126.9026	2085.523	2170.1655	10.7739935	2185.8867	2145.9814	1000.0	1000.0	614999	194.0458	29.542755	194.04568	29.543419	-194.46883	1.9548227	6049.9697988033295
124	2115.0903	24.16714	2149.1724	2082.886	2063.214	14.9748535	2086.8882	2033.5819	1000.0	1000.0	619999	194.05646	29.597963	194.05632	29.598837	-194.57837	1.9181392	6102.956396102905
125	2107.957	11.044772	2126.9714	2095.7659	2120.1345	26.075819	2152.0815	2045.3601	1000.0	1000.0	624999	194.14963	29.596907	194.14964	29.597513	-194.59418	1.9811773	6150.835741519928
126	2093.4907	35.29247	2128.9636	2027.2247	2094.899	25.548439	2141.3828	2028.8337	1000.0	1000.0	629999	194.27219	29.316597	194.2721	29.31697	-194.75694	1.9739981	6198.776400089264
127	2133.442	10.914027	2147.4028	2119.7893	2178.1082	11.857296	2195.8074	2155.38	1000.0	1000.0	634999	194.35143	29.12195	194.35132	29.12194	-194.8231	1.890912	6251.531575918198
128	1816.5726	583.31696	2125.6914	650.2136	2228.073	7.2041144	2247.1685	2214.476	867.2	1000.0	639999	194.43283	29.087921	194.43288	29.08761	-194.863	1.9156195	6300.36555814743
129	2134.1882	16.507471	2162.5964	2116.409	2166.4275	20.390186	2204.5427	2122.05	1000.0	1000.0	644999	194.46065	29.074724	194.4606	29.075567	-194.90805	1.8377236	6348.122326374054
130	2099.2869	18.408045	2128.258	2071.5195	2197.519	21.745554	2231.2927	2154.3384	1000.0	1000.0	649999	194.61374	28.854553	194.61377	28.855537	-195.04225	1.8332342	6399.731997966766
131	2120.5835	23.458878	2143.8413	2088.4675	2169.8728	15.238114	2195.011	2137.193	1000.0	1000.0	654999	194.74945	28.679323	194.7493	28.680246	-195.1436	1.7787149	6449.760701656342
132	2119.94	22.045813	2153.5193	2100.229	2077.0923	24.37299	2118.2424	2025.7672	1000.0	1000.0	659999	194.82634	28.571262	194.82635	28.572048	-195.27467	1.781941	6497.621197938919
133	2085.1536	20.41351	2119.5452	2055.5637	2094.5168	14.975313	2122.8525	2065.5056	1000.0	1000.0	664999	194.85489	28.517931	194.85506	28.517876	-195.26591	1.8653069	6547.96689414978
134	2085.061	33.51738	2124.445	2032.5491	2155.0562	19.850224	2183.9565	2118.8264	1000.0	1000.0	669999	194.87048	28.239595	194.87054	28.239618	-195.3525	1.711899	6599.270977497101
135	2067.1274	24.55289	2098.3516	2039.043	2106.2085	91.94639	2170.2024	1717.3	1000.0	990.05	674999	194.83421	28.200174	194.83424	28.20055	-195.23965	1.8232456	6646.97398853302
136	2095.8503	24.207245	2129.6125	2057.2283	2010.7598	29.448717	2072.386	1961.2118	1000.0	1000.0	679999	194.87592	28.157736	194.87566	28.159838	-195.28389	1.6896269	6696.317666292191
137	2134.59	18.994946	2161.5251	2106.4338	2144.6973	18.265799	2177.6538	2115.078	1000.0	1000.0	684999	194.86667	28.182035	194.86678	28.182032	-195.29974	1.839659	6748.877547264099
138	2139.8682	29.780165	2186.8772	2092.823	2211.5496	22.321413	2247.07	2154.8535	1000.0	1000.0	689999	195.00243	27.929195	195.00249	27.929655	-195.37947	1.7871314	6796.854580640793
139	2132.0093	14.902272	2144.2603	2104.172	2043.7803	23.932795	2092.7144	2007.0524	1000.0	1000.0	694999	195.01866	27.694393	195.01862	27.695126	-195.39107	1.7830062	6844.761285543442
140	2026.4922	226.24916	2145.7737	1521.2408	1891.3748	523.3176	2215.9536	494.13162	953.6667	873.55	699999	195.04329	27.626955	195.04341	27.628016	-195.43332	1.7777613	6897.950491905212
141	2070.371	155.30313	2158.4917	1760.4673	2243.447	10.133435	2258.8274	2224.1133	969.2	1000.0	704999	195.00745	27.59205	195.00743	27.591846	-195.40367	1.7457529	6946.600357294083
142	2003.739	248.77779	2153.844	1507.3939	2217.5425	35.421497	2238.05	2065.2324	942.8	996.75	709999	194.99333	27.581795	194.99353	27.582283	-195.36343	1.6946453	6994.581823825836
143	2146.149	30.832235	2203.82	2116.5154	2128.9844	303.90466	2215.7656	805.565	1000.0	969.15	714999	195.0073	27.586296	195.0073	27.586798	-195.38411	1.8141086	7046.3789892196655
144	2162.8887	29.49663	2205.6401	2123.7463	1904.2445	461.033	2118.1553	491.2655	1000.0	916.45	719999	194.97845	27.350958	194.97847	27.351633	-195.3476	1.7671115	7096.261908054352
145	2156.5168	22.439909	2177.8447	2117.6274	2198.5264	13.292285	2221.9792	2161.7563	1000.0	1000.0	724999	194.96153	27.291933	194.96152	27.292196	-195.34329	1.831251	7144.114790678024
146	2145.9338	25.492147	2170.3667	2097.4153	1875.926	571.81476	2159.7878	274.15717	1000.0	879.65	729999	194.95624	27.512117	194.95631	27.512056	-195.34567	1.8193818	7194.453575849533
147	1766.454	664.0217	2153.2825	304.96683	2082.5962	25.600382	2137.9937	2040.656	838.6667	1000.0	734999	195.0118	27.266563	195.01181	27.267328	-195.4314	1.7968912	7245.712288379669
148	2126.1282	22.027157	2160.7046	2096.787	2196.866	6.765984	2206.484	2181.8032	1000.0	1000.0	739999	195.076	27.184828	195.07605	27.184835	-195.46124	1.7496741	7293.606014251709
149	2136.823	8.218734	2150.9434	2127.0566	2082.9675	28.844593	2140.0232	2035.244	1000.0	1000.0	744999	195.04762	27.235363	195.04773	27.234968	-195.37448	1.8670125	7342.6828672885895
150	2116.5884	31.265202	2146.9768	2057.2417	2102.022	25.744493	2144.6443	2052.1313	1000.0	1000.0	749999	195.19302	26.752903	195.19302	26.752998	-195.56325	1.8866695	7395.37375998497
151	2079.8389	37.1448	2130.2253	2026.0939	2099.5317	28.121532	2148.52	2046.2494	1000.0	1000.0	754999	195.23502	26.7733	195.2351	26.77346	-195.5716	1.8261262	7443.299455881119
152	2079.3018	31.400286	2112.45	2035.8866	2144.4587	15.563899	2167.7651	2100.112	1000.0	1000.0	759999	195.32451	26.758293	195.32448	26.757637	-195.68253	1.860343	7491.399674654007
153	1858.6279	251.30423	2119.0688	1431.3827	238.35645	118.796425	450.43127	94.3492	936.0	145.45	764999	195.71907	26.707928	195.71913	26.707848	-196.17613	2.0127356	7535.301248550415
154	1462.6002	617.6111	1943.8645	313.097	1848.6373	361.32587	1979.0645	276.45966	802.7143	957.05	769999	196.60219	27.132437	196.60222	27.132212	-197.03903	2.4174843	7583.183774232864
155	1996.655	42.101643	2033.9076	1927.4017	1979.7955	26.449123	2022.8047	1921.5103	1000.0	1000.0	774999	196.44731	27.216742	196.44714	27.217705	-196.81052	2.2375562	7632.235357999802
156	1929.5352	106.04306	2004.9579	1719.6486	2045.926	46.124596	2092.8213	1868.5442	964.6	995.15	779999	196.22417	26.96134	196.22424	26.96038	-196.58417	2.049214	7685.113172292709
157	2003.6609	64.156685	2062.5896	1911.4353	2055.4844	23.109272	2119.34	2022.8407	1000.0	1000.0	784999	196.16779	26.675104	196.16797	26.675385	-196.52275	1.8254572	7733.031655788422
158	1950.158	274.34128	2123.5115	1403.1084	2189.4546	20.554184	2220.686	2144.329	940.2	1000.0	789999	196.10922	26.868166	196.10936	26.868195	-196.4786	1.943698	7781.17422580719
159	2101.0503	33.053913	2139.3743	2054.796	2146.1958	33.136383	2200.306	2076.0796	1000.0	1000.0	794999	196.08784	26.6629	196.08783	26.663904	-196.4374	1.9070734	7833.983006238937
160	2092.1372	31.747034	2133.6213	2051.0244	2003.7682	143.95215	2107.171	1392.8977	1000.0	985.3	799999	195.91571	26.62337	195.91565	26.624039	-196.3151	1.9516605	7882.8882739543915
161	2081.9773	10.593391	2096.479	2069.4465	2081.4585	27.496367	2117.2703	2023.5568	1000.0	1000.0	804999	195.80762	26.535017	195.80763	26.536203	-196.11086	1.941915	7930.861957550049
162	2097.5698	43.093052	2163.6897	2028.8171	2134.7341	14.777396	2170.364	2110.611	1000.0	1000.0	809999	195.7557	26.563637	195.75575	26.56327	-196.10976	1.8939193	7982.297921895981
163	2093.489	23.961113	2117.6614	2051.8977	2059.095	28.841167	2116.6843	2009.8544	1000.0	1000.0	814999	195.76593	26.389345	195.76578	26.390404	-196.08673	1.9003597	8032.432071447372
164	2059.0476	39.746197	2094.6316	1986.3346	2086.6877	18.192802	2121.894	2050.7988	1000.0	1000.0	819999	195.7026	26.16771	195.70259	26.169697	-196.00435	1.9419925	8080.347484111786
165	2118.8013	7.938569	2129.3083	2109.3572	2190.0676	13.508096	2211.7375	2159.9548	1000.0	1000.0	824999	195.58989	26.304585	195.58998	26.304335	-195.93056	1.8407539	8130.376291275024
166	2138.3877	14.353996	2150.6335	2113.7205	2003.5641	163.69592	2077.0928	1295.1532	1000.0	982.2	829999	195.57953	26.193323	195.57948	26.194075	-195.90524	1.9472886	8181.94278717041
167	2145.436	10.7048235	2162.6724	2131.7458	1967.1166	341.93655	2095.6045	549.72894	1000.0	951.5	834999	195.59888	26.018705	195.59877	26.01921	-195.92497	1.8278309	8229.822793960571
168	2081.684	12.288743	2101.1038	2066.1616	2104.1138	15.918595	2130.676	2076.148	1000.0	1000.0	839999	195.54485	26.01128	195.545	26.010492	-195.86783	1.7464992	8278.541311502457
169	2100.1904	9.325654	2114.5215	2089.0117	2111.5728	24.790154	2162.429	2073.5085	1000.0	1000.0	844999	195.53679	25.99118	195.53687	25.992134	-195.89725	1.8208328	8331.512494325638
170	2095.191	22.460184	2123.279	2056.744	1960.8258	327.9309	2121.806	935.3359	1000.0	949.65	849999	195.50922	26.048662	195.50923	26.049109	-195.83994	1.7716027	8379.36517214775
171	2079.3413	30.257212	2124.4648	2038.3265	2121.7075	20.360165	2167.272	2088.8835	1000.0	1000.0	854999	195.68051	25.649551	195.68034	25.650574	-195.998	1.7953832	8427.313789129257
172	2062.5242	116.346375	2142.143	1833.1624	2114.8003	20.219349	2161.337	2074.631	974.6	1000.0	859999	195.75731	25.608137	195.75742	25.607935	-196.10455	1.6325225	8479.99828696251
173	2096.822	33.21172	2136.5784	2047.4548	2117.1274	23.970385	2158.141	2059.0046	1000.0	1000.0	864999	195.76395	25.517773	195.76407	25.517458	-196.07654	1.7153504	8528.8533577919
174	2104.0283	15.251944	2125.3418	2084.2634	2131.482	32.099102	2189.4268	2070.2476	1000.0	1000.0	869999	195.8427	25.455238	195.84274	25.455187	-196.20285	1.7674139	8576.748450517654
175	2104.699	20.371332	2133.1445	2071.8477	2076.2124	24.941824	2115.6152	2018.004	1000.0	1000.0	874999	195.81032	25.506931	195.81055	25.506506	-196.16846	1.7260363	8628.09859085083
176	2105.9998	38.054436	2175.743	2069.856	2096.3042	27.741825	2151.1807	2043.7671	1000.0	1000.0	879999	195.82143	25.505384	195.82141	25.505507	-196.1297	1.5463778	8678.3921084404
177	2120.0586	18.36831	2143.2454	2095.2976	2168.0059	23.542503	2216.8264	2109.753	1000.0	1000.0	884999	195.93459	25.409267	195.9347	25.409105	-196.25652	1.6883808	8726.158314466476
178	2116.8547	29.109467	2147.9775	2081.9856	2113.7183	17.967564	2153.2869	2086.6533	1000.0	1000.0	889999	195.9593	25.338213	195.95915	25.339518	-196.23422	1.7336961	8776.120450258255
179	2117.0962	19.641983	2142.8547	2089.3042	2108.222	18.742012	2150.0662	2066.8662	1000.0	1000.0	894999	195.9943	25.322556	195.9944	25.322224	-196.2922	1.690598	8827.82976102829
180	2124.7664	14.286418	2138.8552	2101.1746	1383.8748	622.8834	2056.74	399.7583	1000.0	691.75	899999	196.04189	25.175611	196.04193	25.17484	-196.35027	1.7481014	8875.634809494019
181	2106.6125	36.74753	2157.9878	2065.1938	1774.8715	308.16156	1923.4646	835.09906	1000.0	945.05	904999	196.24864	25.068329	196.24858	25.069195	-196.59087	1.6838223	8924.158796310425
182	1815.7822	571.1275	2151.3638	548.3147	2202.6711	15.074779	2232.8855	2174.296	882.6667	1000.0	909999	196.58057	25.158451	196.5804	25.159325	-196.90909	1.6758269	8977.315908193588
183	2156.3005	19.497122	2176.8455	2131.9172	2097.35	24.4167	2140.6672	2048.0747	1000.0	1000.0	914999	196.58376	24.95419	196.58385	24.953283	-196.87456	1.7525871	9025.08069062233
184	2108.7388	23.344429	2150.0999	2087.6826	2164.5574	17.80335	2201.8105	2138.173	1000.0	1000.0	919999	196.44344	25.04861	196.44337	25.05031	-196.73572	1.6205993	9073.020947694778
185	2131.893	16.558832	2161.9749	2112.8367	2196.4456	18.306627	2231.3623	2170.6438	1000.0	1000.0	924999	196.46242	24.76599	196.46248	24.76495	-196.778	1.6692758	9125.56615614891
186	2148.8252	23.214577	2193.324	2126.2073	2198.616	13.001335	2220.521	2175.768	1000.0	1000.0	929999	196.46548	24.729034	196.46527	24.731533	-196.79213	1.5955367	9174.776866197586
187	2129.3425	40.781307	2173.6838	2056.3704	2194.865	19.163668	2226.9246	2155.855	1000.0	1000.0	934999	196.55055	24.695301	196.5506	24.69443	-196.84009	1.534143	9222.772729158401
188	2139.754	9.661649	2153.391	2126.4084	2111.6528	17.278244	2137.3818	2075.4795	1000.0	1000.0	939999	196.63211	24.686443	196.63214	24.686731	-196.9372	1.6265869	9273.952734470367
189	2151.9146	26.353485	2198.9678	2126.9702	2217.502	13.481227	2239.0115	2195.4678	1000.0	1000.0	944999	196.5891	24.616272	196.58904	24.615911	-196.88188	1.7201903	9324.62426185608
190	2148.2153	13.492856	2163.5305	2127.085	2160.4453	14.820174	2195.7378	2127.516	1000.0	1000.0	949999	196.59518	24.556637	196.59503	24.558084	-196.88077	1.6398121	9372.487245082855
191	2150.219	13.374651	2162.8313	2125.7383	2151.916	10.8260565	2183.3765	2127.9087	1000.0	1000.0	954999	196.69936	24.376318	196.69934	24.376997	-196.98953	1.6628917	9422.184474229813
192	2129.1414	13.473454	2148.9744	2113.7166	2099.8635	25.778444	2144.1875	2057.861	1000.0	1000.0	959999	196.76233	24.31991	196.76234	24.318985	-197.04453	1.5328125	9474.22166109085
193	2130.39	17.962143	2152.5361	2101.3457	2203.478	13.24864	2231.2046	2184.7231	1000.0	1000.0	964999	196.70857	24.585508	196.70844	24.586285	-197.02202	1.6906928	9522.057805538177
194	2145.912	24.654964	2172.954	2102.73	2175.6726	23.4718	2218.792	2121.0059	1000.0	1000.0	969999	196.81497	24.208504	196.81494	24.208681	-197.0942	1.5126108	9570.340298175812
195	2164.5	15.365421	2188.5554	2146.2288	2222.0015	18.23223	2253.7783	2179.8726	1000.0	1000.0	974999	196.7501	24.252329	196.75002	24.254902	-197.02885	1.6098686	9623.635087251663
196	2142.6067	32.442417	2181.5952	2106.6309	2175.7583	15.194503	2201.0095	2126.0237	1000.0	1000.0	979999	196.77779	24.199602	196.77776	24.201385	-197.09383	1.6774412	9671.48625588417
197	2139.516	39.964886	2190.6218	2069.9978	2116.0042	18.725405	2155.6829	2080.2854	1000.0	1000.0	984999	196.8724	24.287466	196.87247	24.28737	-197.1495	1.6093102	9719.484810829163
198	1891.1084	557.2197	2171.5215	645.7549	2113.0425	15.065622	2145.5771	2086.915	883.0	1000.0	989999	196.94652	24.043447	196.94649	24.044407	-197.21935	1.5940589	9771.776008367538
199	2101.9563	25.5923	2127.8716	2054.2598	2101.848	19.99054	2131.3225	2060.5032	1000.0	1000.0	994999	196.98917	23.953348	196.98918	23.95429	-197.27327	1.6898227	9821.10268998146
200	2130.562	17.349016	2158.8552	2109.7908	2204.6365	13.208938	2228.4854	2174.6775	1000.0	1000.0	999999	197.03467	23.924742	197.0349	23.923597	-197.34247	1.536798	9868.885887622833
