Epoch	AverageEpRet	StdEpRet	MaxEpRet	MinEpRet	AverageTestEpRet	StdTestEpRet	MaxTestEpRet	MinTestEpRet	EpLen	TestEpLen	TotalEnvInteracts	AverageQ1Vals	StdQ1Vals	AverageQ2Vals	StdQ2Vals	LogPi	LossPi	LossQ	Alpha	LossAlpha	Time
1	1.4301025	5.567914	34.3072	-9.667341	1050.0037	0.3844376	1050.6248	1049.1443	20.03213	1000.0	4999	16.827017	14.727791	16.82698	14.723351	3.3233964	-20.521448	2.0506554	0.14999452	0.45699993	40.83748722076416
2	1.8763396	5.7585745	34.545742	-11.668068	412.0761	220.37784	908.3817	132.87117	20.036291	378.45	9999	110.84884	54.117985	110.84919	54.10055	6.8382773	-124.519585	39.36704	0.24961829	-0.17199478	88.45683431625366
3	31.504585	133.83101	523.7235	-75.789734	154.83862	119.89455	527.0151	0.7567085	135.56757	278.3	14999	200.72266	55.755615	200.72928	55.71988	5.388953	-213.13107	90.09753	0.19299234	0.11956296	141.58957409858704
4	93.92288	152.32487	468.26425	-50.14258	7.707677	54.807434	191.45628	-58.072994	140.91429	147.9	19999	191.98993	57.914436	191.98604	57.917732	5.8691993	-199.773	79.76694	0.10188756	0.014162119	192.73882937431335
5	252.87106	280.48398	1058.5134	-32.8208	3.4984207	113.34996	461.93118	-84.419716	295.47058	155.5	24999	173.87747	60.224365	173.87894	60.205444	5.9466596	-180.14433	71.8892	0.08151017	0.0045828386	243.47171115875244
6	88.81564	135.33487	311.37143	-125.81254	81.95052	172.36397	539.73474	-171.55655	195.4	387.1	29999	160.08255	60.350533	160.08485	60.330276	5.9985814	-164.91037	72.66312	0.07982351	0.00012361069	297.735009431839
7	175.90399	135.4403	540.46405	-48.49144	258.25018	75.51642	399.58658	43.252308	197.92308	168.6	34999	144.29788	53.631577	144.29747	53.62477	5.97825	-148.06764	61.89835	0.075650506	0.0016341858	349.14162707328796
8	236.24509	181.28247	672.6252	-10.226936	237.04114	147.71109	477.9902	-64.1779	238.16667	182.55	39999	130.37239	46.606544	130.37344	46.595154	5.9588656	-133.226	45.365585	0.06487134	0.0027283973	398.8201940059662
9	249.07178	159.76881	933.154	1.2394562	210.88399	141.70763	575.8806	-27.27421	179.41936	194.3	44999	118.56307	42.544838	118.56407	42.53608	5.993198	-120.97043	36.031258	0.061726496	0.00042080766	449.7661280632019
10	263.00848	102.51371	647.00806	77.90402	243.04362	49.19182	380.2816	180.89262	174.17241	119.8	49999	111.651375	39.849308	111.651085	39.839016	5.969529	-113.772	30.483324	0.056191918	0.001715096	499.1353724002838
11	255.87006	101.31232	663.1769	167.84018	267.04498	81.78064	380.87357	68.907814	141.0	168.25	54999	107.55621	37.443905	107.555275	37.438305	5.988945	-109.4781	24.5036	0.050919738	0.00057668274	544.7239942550659
12	280.09195	118.36746	560.2452	47.24154	239.24619	82.11395	437.0921	135.45277	183.03572	137.75	59999	104.37018	36.424427	104.36793	36.420307	5.9797983	-106.00098	20.752897	0.048834585	0.000986413	592.2501707077026
13	262.44815	100.72119	556.5532	28.416487	293.91302	152.16516	613.11615	75.09271	152.90909	197.1	64999	101.36835	35.54749	101.36705	35.54339	5.977082	-102.82635	18.24577	0.044416986	0.001026171	642.015367269516
14	319.14597	182.22215	749.0949	27.43132	276.16766	82.08911	459.28244	158.77269	192.23077	143.75	69999	98.89537	34.63581	98.89389	34.63506	5.9828463	-100.2005	15.6920185	0.041423656	0.00071183505	688.9579927921295
15	323.97644	138.00433	551.30225	14.777794	427.2176	205.8584	867.0099	107.50422	199.4	364.15	74999	97.41056	33.38112	97.40908	33.379128	6.0062394	-98.600464	13.907992	0.04001421	-0.00024341278	738.3790967464447
16	375.25824	97.2063	588.08307	216.6753	295.42377	99.89682	484.46576	84.52583	240.38095	178.55	79999	96.74949	32.238647	96.74926	32.234535	5.981578	-97.88653	13.078183	0.03916841	0.000730338	784.3921134471893
17	302.9399	122.977264	640.817	89.40342	468.31235	268.33408	1298.1606	50.684135	195.72	310.35	84999	97.13539	31.708187	97.13468	31.707546	5.9884396	-98.21146	12.00943	0.036942348	0.00043445965	835.843523979187
18	301.38986	143.26044	720.54095	29.431501	372.01654	121.15621	692.2582	186.03416	199.6	216.65	89999	97.56651	31.912888	97.56566	31.91544	5.991622	-98.574234	12.247998	0.036010496	0.00030595827	885.2660546302795
19	295.56744	117.890594	551.77515	110.60724	386.10327	166.76408	685.4479	-1.6606338	177.35715	308.8	94999	97.4566	32.35823	97.45597	32.362644	6.007557	-98.401665	12.158774	0.035355248	-0.00026182615	932.9393274784088
20	342.08493	96.1277	557.36365	202.04782	377.15024	171.93675	950.8773	156.79884	197.76923	195.1	99999	97.38965	32.756973	97.38934	32.75891	5.990942	-98.30289	11.913274	0.035026237	0.0003294137	980.318065404892
21	319.0792	133.74248	640.2303	88.10685	473.52655	114.25938	682.06476	238.76819	158.58064	192.05	104999	97.89439	32.70746	97.89393	32.712868	5.989153	-98.76695	11.46354	0.03405408	0.00037781964	1027.8660833835602
22	338.32385	152.46269	695.8905	102.40274	310.67194	106.52291	508.72366	148.32336	156.46875	154.55	109999	98.776344	32.667027	98.77629	32.671867	6.0050616	-99.593925	11.041627	0.033796243	-0.00016601272	1077.0882732868195
23	318.73444	148.86559	700.27136	25.123262	311.7295	351.13605	1104.9749	126.20456	163.2258	237.2	114999	99.51334	32.957504	99.51271	32.96086	6.0033197	-100.30571	11.009687	0.034611076	-0.00010785687	1126.6711061000824
24	359.6161	108.64258	731.35736	197.76868	358.43164	100.88403	566.34576	169.94777	159.73334	184.5	119999	100.65111	33.1628	100.65057	33.167572	5.9898634	-101.428474	10.854365	0.03383993	0.0003497774	1172.7121696472168
25	369.16534	175.1502	692.9721	-0.06274121	426.1612	107.02619	667.85834	170.77275	185.75	206.65	124999	102.08108	33.241554	102.0806	33.24781	5.994886	-102.82545	10.541155	0.033577457	0.0001743564	1220.245106458664
26	380.21985	143.13608	657.38763	161.47498	482.6634	193.0663	857.5857	50.70611	184.96	240.2	129999	103.31598	33.432228	103.31505	33.439384	6.013134	-104.025566	10.595116	0.033568185	-0.00043307885	1270.7733137607574
27	422.50632	143.87015	713.77625	40.92804	289.0384	93.640945	450.0553	155.85216	207.6923	116.85	134999	104.54707	33.922535	104.54588	33.928207	5.9927907	-105.2461	10.837747	0.033273235	0.0002493958	1317.3531470298767
28	494.2269	248.53445	1109.5642	83.80978	530.183	288.2099	1403.9465	206.25206	211.95653	225.7	139999	106.50192	34.2568	106.50086	34.265636	6.0141954	-107.21002	11.440133	0.03397192	-0.00048097092	1364.5195844173431
29	425.23245	197.89268	1037.47	71.51227	722.45886	164.66217	1072.7104	426.79196	207.58333	340.7	144999	108.8347	34.605556	108.83343	34.612915	6.00447	-109.560425	11.471877	0.035508227	-0.00015209173	1411.1505103111267
30	488.47934	214.07245	874.6495	174.0119	537.6798	237.522	1110.0846	122.11969	200.0	238.4	149999	111.06755	35.360256	111.066185	35.36734	6.006056	-111.79791	12.000497	0.03563134	-0.00021459682	1461.0846350193024
31	533.0706	278.383	1102.0168	27.700474	515.96906	156.44618	907.5803	131.6058	221.59091	189.1	154999	113.31109	35.862724	113.3098	35.86627	5.998748	-114.02005	12.37479	0.036558833	5.225531e-05	1508.8008568286896
32	482.35822	234.83118	1000.4962	145.11719	732.29285	114.01899	917.5623	539.1866	213.52174	243.1	159999	115.861435	36.421627	115.86029	36.42765	6.005901	-116.58823	12.513709	0.037318364	-0.00021266747	1554.7191956043243
33	441.40662	210.77745	964.16736	181.75679	257.12262	191.30925	952.7406	133.05577	199.84616	125.9	164999	118.486565	37.087826	118.48579	37.09013	6.0043826	-119.210434	12.686898	0.038503215	-0.00015950024	1600.8086259365082
34	456.0477	140.0807	752.29254	210.05376	492.05762	66.59826	614.6506	300.7061	198.72	191.0	169999	120.533676	37.8583	120.532776	37.861	6.003831	-121.247	13.304335	0.038880687	-0.00014147298	1649.821352481842
35	473.95163	142.75468	789.9701	172.42162	479.20206	134.30713	659.9188	172.97481	185.92592	197.75	174999	122.3528	38.6063	122.35229	38.60939	5.996975	-123.06945	13.417673	0.03959543	0.00012257001	1697.2207646369934
36	463.04816	143.1689	735.78503	249.15204	531.3575	98.215775	727.58276	307.49448	199.34616	184.45	179999	124.10491	39.04941	124.103966	39.050262	6.0058384	-124.79786	13.399226	0.038856383	-0.00022159019	1743.009265422821
37	498.34235	229.57765	1042.7528	159.17024	633.55304	247.92944	1010.10114	294.12445	189.15384	260.2	184999	125.58658	39.749157	125.585815	39.750923	6.007301	-126.27545	13.270562	0.04043372	-0.00028531085	1789.3585855960846
38	541.7074	169.73193	912.3314	246.21361	587.54047	278.06293	1238.4202	167.11772	217.86957	227.85	189999	127.10517	40.18721	127.10493	40.18743	6.0020814	-127.78075	13.79955	0.04070215	-7.759272e-05	1839.0721719264984
39	587.3501	268.05917	1104.0704	201.41211	821.8284	359.19992	1683.1744	420.4549	236.4762	313.6	194999	128.95966	40.9436	128.95963	40.943386	6.0097556	-129.63597	13.799725	0.04239215	-0.00040055456	1887.9904189109802
40	509.59702	204.91571	880.4959	195.00801	649.5049	282.56683	1189.3275	176.07419	221.30435	258.45	199999	130.70267	41.396355	130.70222	41.39676	6.0031652	-131.37312	13.957614	0.04294438	-0.00012862784	1934.4198079109192
41	624.1193	247.33087	1165.6194	61.886806	719.7222	271.4199	1372.6862	308.4637	246.25	267.15	204999	132.36063	41.716404	132.36026	41.716034	6.00221	-133.0059	14.2779875	0.043917842	-8.893426e-05	1981.1243603229523
42	539.89874	239.58656	1024.9668	169.78632	280.41748	103.288086	657.63873	184.91974	208.54167	124.35	209999	133.6296	42.230244	133.62933	42.230453	6.0151196	-134.2773	14.689309	0.04535249	-0.00067999057	2029.437334537506
43	599.29553	278.6748	1214.0098	207.00844	717.6588	207.89565	1117.0079	357.2104	234.09525	320.25	214999	135.19684	42.45722	135.19669	42.455242	5.993732	-135.82777	14.63505	0.04630326	0.00029844494	2081.481740951538
44	561.09326	309.0871	1234.1654	184.49466	986.46155	174.19855	1430.0747	701.2905	207.95833	342.6	219999	136.37292	42.953957	136.37248	42.95404	5.999274	-136.99287	15.187972	0.046070594	4.153414e-05	2128.8528575897217
45	621.4193	254.98871	1044.7272	187.62198	762.4127	276.72314	1175.7148	259.88037	239.80952	285.45	224999	137.47139	43.889668	137.4712	43.888577	6.0052404	-138.08429	15.846963	0.046697423	-0.00023263798	2175.7656438350677
46	609.402	270.5425	1197.7769	236.62799	643.2384	185.75702	974.46936	400.98	235.90475	256.1	229999	139.07112	44.830273	139.07086	44.827522	6.0051584	-139.70613	16.201544	0.047789875	-0.0002340369	2223.17599773407
47	719.45667	286.33063	1070.6067	198.49007	1026.4429	1.7415129	1030.2115	1022.4242	307.625	1000.0	234999	140.86493	45.756626	140.86415	45.75542	6.009475	-141.52365	16.671253	0.048150465	-0.00045126647	2275.5780835151672
48	602.14325	243.00813	924.1042	123.38725	1094.172	289.09656	1609.5151	630.78937	248.4762	457.55	239999	142.50908	46.595455	142.50919	46.59386	5.99084	-143.16165	16.81577	0.048488997	0.000453804	2325.614578962326
49	985.92426	326.68878	1470.0247	321.13474	950.07336	230.08311	1614.9619	751.5126	359.14285	519.6	244999	143.95477	46.874725	143.95453	46.873173	6.01134	-144.59726	16.930225	0.049620837	-0.0005449583	2373.771966934204
50	760.02325	297.6633	1484.9519	243.8195	887.7003	182.96909	1380.0829	588.50507	291.52942	335.6	249999	145.50383	47.060207	145.50339	47.059307	5.9956756	-146.13216	16.865955	0.04981277	0.000223418	2420.7277326583862
51	881.8534	300.86316	1306.8267	259.89737	1230.4005	215.36905	1637.8981	874.716	310.13333	421.5	254999	146.7751	47.65324	146.77489	47.652046	6.0028443	-147.3923	17.6343	0.050704103	-0.00013202801	2469.050897836685
52	751.7963	354.6704	1287.3313	4.479429	901.5492	178.74277	1440.7544	599.4642	295.1111	317.1	259999	148.00833	48.095608	148.00822	48.09524	6.0068026	-148.63312	18.126562	0.051735096	-0.00033700184	2519.018595457077
53	900.2415	274.11868	1373.1665	222.0715	965.27795	411.75674	1749.0967	275.76068	306.9375	321.0	264999	149.21284	48.102806	149.21242	48.104694	6.003151	-149.79858	18.378624	0.051821373	-0.00015372093	2566.6695063114166
54	849.3318	347.98315	1704.0117	237.58589	725.0741	262.56726	1558.7767	468.55276	282.8889	239.7	269999	150.1699	48.387802	150.16957	48.38736	6.0078306	-150.74208	18.635061	0.053142443	-0.0004058546	2613.630299806595
55	1071.853	264.01053	1691.8313	565.7585	970.60046	192.4938	1293.1833	585.17017	336.46667	323.0	274999	151.67395	48.54695	151.67355	48.54716	5.9992237	-152.23567	18.790268	0.053990252	5.0283026e-05	2660.466323852539
56	810.96094	309.64166	1340.3307	192.0182	1025.6844	325.44513	1799.1914	591.6032	278.66666	327.3	279999	153.21193	49.12898	153.21167	49.126907	6.0108924	-153.78618	19.360071	0.055341106	-0.00058958627	2710.693175315857
57	931.5902	367.42172	1595.1349	237.75572	998.4404	304.93768	1528.7609	412.04138	294.82352	309.45	284999	155.11456	49.61653	155.11446	49.61424	5.999805	-155.69325	19.68356	0.055615846	2.169757e-05	2759.2811901569366
58	979.58014	323.2037	1615.9833	350.99017	1366.5691	509.6294	2395.516	418.52625	313.26666	410.0	289999	157.07872	50.094494	157.07864	50.093815	6.000368	-157.64955	19.721497	0.056468554	-1.07569695e-05	2807.7341895103455
59	860.5838	321.4255	1510.6514	274.53714	1177.1245	306.09872	1835.6539	708.4486	277.6842	360.5	294999	158.41783	50.75103	158.41771	50.749756	6.001602	-158.97368	20.430809	0.0573299	-8.051374e-05	2854.913429260254
60	1023.37317	289.44238	1449.9121	360.07855	487.2076	135.92421	805.29626	381.15344	314.6	159.35	299999	160.00488	51.185814	160.00499	51.185585	6.002486	-160.56596	20.36011	0.057856385	-0.00013191436	2902.665403842926
61	986.4213	337.64175	1609.2908	333.30154	1222.705	300.8399	1697.0117	693.59436	310.29413	354.9	304999	161.64536	51.699444	161.64543	51.69898	5.9976287	-162.1948	20.691721	0.05800796	0.00014660848	2952.7994751930237
62	1022.7507	446.2803	1738.1846	221.98581	1087.1042	438.02875	2338.6897	486.03613	313.4375	323.4	309999	162.93217	52.311386	162.93164	52.311546	6.00301	-163.47037	20.69714	0.05827621	-0.00016247471	3000.6296751499176
63	982.66064	403.40082	1501.0706	189.83524	949.85956	281.21765	1438.7877	563.63385	295.88235	279.25	314999	164.9008	52.842087	164.90114	52.8427	6.003609	-165.45352	21.092016	0.058676384	-0.00020097532	3047.3125352859497
64	917.8441	408.56348	1718.6256	279.1246	805.52704	337.85217	1714.204	446.3466	286.64706	245.65	319999	166.35497	53.508545	166.3545	53.50939	5.9993134	-166.8955	21.767826	0.059043262	5.047171e-05	3094.662467479706
65	1031.487	447.1965	1659.1797	193.00284	1332.5364	552.4567	2675.0671	516.0818	308.125	383.3	324999	168.06438	53.941612	168.06433	53.941788	6.004139	-168.60402	21.53561	0.058918	-0.00023583803	3145.4706070423126
66	1133.3982	409.79626	2108.7568	559.5619	1551.6079	701.12646	3337.4092	387.40677	340.13333	452.35	329999	169.6511	54.475857	169.65085	54.4767	6.000891	-170.20082	22.26531	0.05952399	-4.4302677e-05	3195.538079738617
67	1045.5399	435.30814	1876.6747	209.4456	1433.0442	361.4778	2043.4745	843.74176	323.66666	409.1	334999	171.5134	54.740303	171.5126	54.74121	5.9987416	-172.04602	22.49322	0.05963389	8.526417e-05	3242.8856959342957
68	1192.4174	487.05746	1857.9888	180.62167	1450.0183	411.16193	2414.1902	557.76416	352.7857	411.7	339999	173.10564	55.34584	173.10571	55.34402	6.0148897	-173.64653	23.206163	0.061727412	-0.0009075031	3290.6518366336823
69	1151.1052	575.79144	2077.4097	166.98656	2417.4692	683.5607	3693.1504	1428.6803	342.26666	690.1	344999	174.44872	55.844864	174.44829	55.84437	5.994034	-174.98137	23.387321	0.061602324	0.00038765089	3341.089718103409
70	1074.4297	478.1282	1857.9584	306.1787	569.1399	397.88998	1340.7638	218.3602	319.875	173.8	349999	175.96422	56.16181	175.96397	56.16217	5.9943905	-176.49055	23.731651	0.06162223	0.00035544767	3390.8183784484863
71	927.8889	403.218	1563.794	305.42224	563.3031	339.7111	1452.6025	355.31042	293.88235	181.45	354999	177.14575	56.336094	177.1455	56.334457	6.003483	-177.65912	23.569305	0.061831374	-0.00020310988	3438.2617604732513
72	1071.0375	560.51184	2472.9944	256.3616	1846.1082	311.51505	2457.486	1373.3286	323.8	528.25	359999	178.2198	56.763535	178.21985	56.762882	6.0000634	-178.73503	23.96273	0.061678566	7.0916176e-06	3486.586062192917
73	1309.0702	531.07385	2144.6187	182.38475	1715.0199	633.80005	3217.6826	723.4881	382.23077	481.15	364999	179.39354	57.139343	179.39308	57.13874	5.9949937	-179.89325	24.14902	0.061300207	0.00031383883	3535.0015053749084
74	1307.6849	372.3086	1840.3896	399.17978	1162.0896	649.2433	2323.0688	328.4713	384.69232	338.4	369999	180.57736	57.609077	180.57721	57.609875	6.0081854	-181.0775	24.341312	0.061948437	-0.0004938616	3585.1030180454254
75	1479.8602	583.06213	2514.518	689.85754	1003.69855	271.19904	1647.2012	750.557	423.66666	314.35	374999	182.04132	58.14319	182.04103	58.14358	5.998147	-182.53833	24.919231	0.06250411	0.00012511638	3634.9564809799194
76	1058.3002	553.3326	2192.1765	236.18219	889.0995	619.16504	2976.9758	241.44704	319.66666	273.55	379999	183.24976	58.484104	183.24904	58.48494	6.005987	-183.73143	24.817844	0.06290836	-0.00036869536	3683.184446334839
77	1163.1711	433.3547	2364.8315	617.6667	1181.1531	524.659	2639.8477	363.46317	360.2143	337.4	384999	184.46913	58.85982	184.46898	58.859413	5.9953575	-184.93857	25.12125	0.063601255	0.00030367545	3731.186953306198
78	1317.3286	514.01733	1964.6655	346.90683	540.39166	373.05966	1361.8032	168.87993	386.3846	181.65	389999	185.66109	59.252075	185.66112	59.251987	6.0067387	-186.13557	25.246637	0.06374916	-0.00041764046	3778.062329053879
79	1187.132	650.4757	2564.111	182.86191	611.1324	661.5834	2039.4729	178.85893	348.5	198.1	394999	186.87497	59.80737	186.87448	59.80867	6.003698	-187.34326	25.701292	0.06492712	-0.00022908587	3828.420661687851
80	1295.7858	646.94745	2937.455	366.12732	790.2707	442.82568	1800.2059	283.38727	385.5	241.85	399999	188.01039	60.281937	188.0103	60.281284	5.990523	-188.47978	25.804085	0.06521541	0.0006179357	3877.0535428524017
81	1184.2042	501.52863	1910.3068	245.13345	997.0864	469.21445	1613.8119	298.43176	340.7143	303.25	404999	189.16124	60.79932	189.16075	60.801586	6.0104647	-189.61435	26.081356	0.06514115	-0.0006630455	3923.855943918228
82	1367.524	786.7498	2666.965	264.82162	641.782	414.75427	1407.9034	186.21469	395.30768	202.8	409999	189.84048	61.204994	189.84044	61.205967	6.0037127	-190.27576	26.176115	0.066286325	-0.00023772685	3970.2939174175262
83	1464.6636	905.4053	3230.3792	196.37682	1264.1814	760.96893	3320.5725	355.51535	400.58334	361.35	414999	190.5644	61.350998	190.56355	61.354317	5.9983654	-190.9893	26.450481	0.066598535	0.00012202847	4020.4555883407593
84	1316.326	476.25635	2120.0508	309.79074	1247.0466	323.73373	2077.8933	692.84045	378.0	350.35	419999	191.1439	61.76036	191.14304	61.762745	6.004376	-191.55673	26.708525	0.06672643	-0.00028518442	4070.6539585590363
85	1677.6042	737.1461	3386.6711	571.591	1134.9568	316.18875	1808.6312	628.65576	465.63635	318.7	424999	191.72044	62.04588	191.72035	62.046345	5.9998746	-192.12825	27.159412	0.0683888	2.0015508e-05	4117.690594911575
86	1345.437	392.15356	2288.4873	897.10895	1445.1628	483.81824	3016.5742	692.38513	405.5	408.0	429999	192.34369	62.331333	192.34268	62.33243	5.997032	-192.74608	27.066143	0.068037875	0.00021331897	4166.029499769211
87	1614.1733	703.89526	2705.382	215.63962	1706.307	785.5133	3635.967	468.94818	455.0909	512.4	434999	193.14774	62.820305	193.14708	62.820526	6.008479	-193.54008	27.813337	0.06928761	-0.0005696729	4215.526937961578
88	2267.1228	1078.1207	3943.3118	194.26161	1732.2598	795.22534	3431.851	315.2258	621.5	501.75	439999	194.12682	63.144775	194.12613	63.145985	6.0001535	-194.5315	27.566925	0.07049841	-1.891756e-06	4266.637493133545
89	2331.3506	862.7328	3780.651	1081.0022	2275.7095	539.8292	3596.7454	1576.5684	634.375	630.35	444999	195.28636	63.18199	195.28613	63.18322	6.001781	-195.65031	27.441513	0.06986592	-0.0001136992	4318.464308261871
90	2474.4683	1129.3639	3699.355	174.19582	2377.1934	708.1673	3845.9038	1562.1727	664.0	643.9	449999	196.17557	63.707237	196.1749	63.706997	6.002688	-196.53038	27.411257	0.070562564	-0.0001788722	4368.406968593597
91	2553.9873	1184.2441	3689.887	182.13031	1788.2219	911.5541	3824.7444	184.80142	692.875	478.2	454999	197.2119	64.18956	197.21042	64.193825	6.005571	-197.5697	27.611628	0.07089884	-0.00039046243	4417.904323577881
92	2134.6633	1214.25	3628.214	178.43805	2850.6724	870.37445	3699.551	1048.6707	600.8571	791.85	459999	198.75041	64.51666	198.74957	64.51594	6.0016274	-199.12524	27.77846	0.07200608	-0.00010919545	4467.451745510101
93	2681.2961	869.0888	3718.2517	1571.176	2375.8364	498.185	3541.3145	1729.6547	726.375	650.2	464999	200.25772	64.69528	200.25699	64.69551	5.9925475	-200.61942	27.684332	0.07182284	0.0005496053	4517.318144798279
94	2696.1038	961.28156	3697.2576	1358.8738	528.63635	797.0623	3641.2507	170.23114	754.5	175.4	469999	201.59296	64.990814	201.59192	64.99348	6.002171	-201.9598	27.25305	0.07239374	-0.00014588065	4569.175930261612
95	2718.234	790.6274	3784.8774	1655.5765	2921.2886	928.1449	3955.4968	1114.9233	726.1429	790.25	474999	203.0912	65.08513	203.09036	65.08972	6.0002923	-203.44713	27.352972	0.0722032	-1.0356903e-05	4620.6715886592865
96	2672.4353	806.1917	3735.8008	1352.3699	3136.72	762.242	3768.7183	1244.9729	742.2857	927.5	479999	204.30035	65.425674	204.29985	65.42676	6.002001	-204.65878	27.449345	0.072177105	-0.00013510326	4670.303902626038
97	2823.4612	1301.8813	3925.7695	194.93436	2451.1118	880.26764	4111.1577	886.97504	753.1429	643.7	484999	205.87303	65.98005	205.87234	65.981995	5.9962716	-206.23433	27.499628	0.07254469	0.0002789012	4720.032332658768
98	2593.93	1113.5966	3808.4382	328.8526	3187.741	827.1892	3740.9817	322.72488	703.8571	900.1	489999	207.0362	66.289024	207.03523	66.29346	6.006846	-207.3935	27.426353	0.072860315	-0.0004861085	4769.581037521362
99	2672.2825	820.103	3589.0745	1278.7383	3278.3384	505.5005	3670.4395	1986.328	731.2857	918.3	494999	208.22752	66.39779	208.22641	66.40218	6.0002365	-208.54922	27.331085	0.07339888	-7.658124e-06	4820.32731795311
100	2731.1501	1469.4348	3925.9502	225.32994	3625.2793	91.432045	3764.1028	3366.9792	742.5	995.75	499999	209.07504	66.830826	209.07481	66.833664	5.997694	-209.40865	27.40832	0.07348101	0.00017985498	4872.280232191086
101	3481.9946	520.51715	3911.5283	2460.211	3399.132	697.21985	3878.174	1286.8257	938.2	957.6	504999	210.2865	66.7867	210.28563	66.79019	5.999035	-210.6127	27.559462	0.073391855	8.1082486e-05	4923.125068902969
102	3144.1758	633.5146	3720.6475	2256.667	3633.905	297.39972	3885.03	2664.608	852.0	966.25	509999	211.2752	66.81853	211.27452	66.824455	6.004276	-211.59302	27.255312	0.07402168	-0.00030435208	4972.704081296921
103	3297.4075	816.50824	3718.5579	1474.2671	3185.9744	769.50006	3860.7046	1615.8699	900.6667	883.6	514999	212.2796	67.13639	212.2788	67.14354	6.0036182	-212.5869	27.109781	0.07424963	-0.00025944182	5022.372014760971
104	2765.114	735.29	3858.642	1863.6418	3668.4133	261.00458	3895.9185	2579.466	730.1667	983.35	519999	213.66478	67.35945	213.66357	67.3666	5.9963994	-213.98123	26.772406	0.074986376	0.00028045167	5071.897789239883
105	3014.026	907.6503	3879.307	1728.6833	3295.5903	819.32135	3949.0176	1512.1333	804.1429	877.7	524999	214.85158	67.50944	214.85126	67.516	6.002795	-215.1487	27.046825	0.074413605	-0.00019977587	5123.437342643738
106	3419.3564	459.44632	3876.558	2577.762	2867.0789	1386.1367	4045.6553	167.82921	884.5	744.25	529999	216.00095	67.80746	216.00005	67.81246	5.999715	-216.29465	26.805431	0.07507855	3.210218e-05	5175.293290376663
107	2897.3564	1434.2856	3919.0264	26.091835	3310.8296	1058.5652	4038.8818	557.48474	760.1667	854.0	534999	217.07277	68.17695	217.07242	68.18427	6.004376	-217.36	27.212875	0.07468249	-0.0003224972	5225.463034152985
108	3160.3662	936.2179	3927.2957	1652.8512	2977.6453	1007.5722	3963.7498	1269.1656	834.8333	780.5	539999	218.18965	68.500885	218.18857	68.50732	5.9998326	-218.48247	27.110737	0.075077236	2.4405146e-05	5275.111632823944
109	2826.4333	1225.9642	3840.8062	502.6888	2771.1028	982.4625	4073.405	999.8874	754.1667	703.35	544999	219.5392	68.63871	219.5386	68.64565	5.992191	-219.84895	26.925076	0.075873405	0.00059599354	5324.720190525055
110	3163.929	1099.5587	3956.4575	1282.644	3331.94	743.08295	3913.086	1793.114	830.4286	871.45	549999	221.21542	68.85483	221.21495	68.86117	6.0037346	-221.51468	26.799818	0.07471507	-0.00026672138	5374.649473428726
111	3800.2114	58.910175	3888.7139	3722.7903	2944.2341	1154.9515	4071.2183	719.64575	1000.0	737.6	554999	222.67227	69.148766	222.67152	69.156624	5.995888	-222.9631	26.3795	0.07432726	0.00031756947	5426.544392824173
112	3710.08	103.91953	3836.9124	3582.372	3782.6914	461.90802	4150.551	1976.041	978.8	958.3	559999	223.90746	69.5502	223.90685	69.55895	6.00655	-224.18675	26.52215	0.07507778	-0.00047856217	5478.364776134491
113	3580.7454	550.7817	3916.4553	2484.9329	3706.316	55.610184	3838.2498	3583.855	931.0	1000.0	564999	225.11607	69.641556	225.116	69.64871	5.9935465	-225.40112	26.392788	0.07504491	0.00049282244	5527.992658138275
114	3449.719	833.9005	3899.887	1588.2095	3606.1921	863.4295	4153.8936	627.9624	904.0	920.5	569999	226.59123	69.83277	226.59053	69.83896	5.9975214	-226.88405	26.74087	0.07418812	0.00019352706	5577.609686136246
115	3249.7908	1356.5707	3954.179	220.77515	3689.8657	205.66878	3929.5806	2880.4922	848.0	986.7	574999	228.09575	69.90923	228.09503	69.91805	6.003687	-228.38315	26.678793	0.07361628	-0.0002604654	5627.1805827617645
116	3923.655	93.39847	4007.3835	3779.5066	3399.4849	887.94305	3975.258	849.6398	1000.0	880.6	579999	229.43483	70.31057	229.43387	70.31725	5.997849	-229.6988	26.305138	0.07431956	0.00017067544	5677.573788404465
117	3506.0845	910.0259	4038.8313	1689.2283	3876.7944	322.44876	4130.4746	2535.1309	891.0	979.85	584999	230.50418	70.83803	230.50352	70.84571	6.0011935	-230.7607	26.576159	0.07497946	-7.753023e-05	5729.527214765549
118	3303.2139	835.60815	4051.2224	1884.5376	3985.0103	47.03845	4060.429	3867.3083	849.3333	1000.0	589999	231.51746	71.033424	231.51703	71.041046	6.005539	-231.77707	26.350887	0.07498356	-0.00040478708	5780.876758575439
119	3242.2734	960.83246	4051.5088	1721.897	3732.616	525.3749	4103.656	2414.066	826.5	926.15	594999	233.0814	71.08468	233.08058	71.09356	6.000182	-233.35498	26.159426	0.07421969	-2.212453e-06	5830.681584596634
120	3875.267	274.08698	4138.18	3378.8062	3536.9038	1069.9213	4079.9094	469.45837	970.0	897.4	599999	234.29297	71.144516	234.2925	71.15222	6.0001144	-234.53857	26.079819	0.07558976	2.2881745e-06	5880.515446424484
121	3305.5925	1314.2499	4033.0776	373.79755	3475.8582	896.22705	4145.672	1464.3679	855.0	878.25	604999	235.30678	71.27359	235.30585	71.28291	5.997092	-235.56517	26.460424	0.074514456	0.00023013802	5930.279747009277
122	3020.597	1065.8824	3991.8586	1408.1766	3114.1096	707.16626	4008.1133	1825.8643	773.7143	785.15	609999	236.50626	71.664444	236.50598	71.67053	5.9954643	-236.7634	26.101019	0.07435687	0.0003455783	5981.377447843552
123	3269.8262	945.3716	3997.033	1698.6934	3800.5593	54.18141	3952.5122	3724.2236	831.0	1000.0	614999	237.72725	71.78402	237.72678	71.79165	6.001831	-237.9774	26.1711	0.07388103	-0.00012429619	6033.336940050125
124	3747.341	297.97122	3996.6836	3166.9917	1907.2028	1493.9269	4003.3574	152.84953	957.6	497.2	619999	238.70876	72.01845	238.70828	72.02785	6.0049787	-238.95125	26.414566	0.07365346	-0.00035999436	6084.3442323207855
125	3189.3718	558.50995	4068.885	2576.5403	3810.259	485.3641	4110.5635	1887.2135	807.6667	958.0	624999	239.99715	72.168846	239.99632	72.17748	5.9919305	-240.23715	25.983994	0.07334175	0.0006080957	6134.073938846588
126	3445.4863	506.1235	4002.1665	2615.8054	3523.5854	781.4126	4112.597	1907.2935	859.8333	872.65	629999	240.8554	72.47291	240.85526	72.48038	6.001996	-241.08655	25.920475	0.073984556	-0.00013657997	6183.814043045044
127	2589.562	836.392	4049.8418	1785.1447	2884.8057	878.14526	4095.8489	1293.1376	657.875	725.7	634999	241.65663	72.77252	241.65575	72.77936	6.005966	-241.88437	26.28613	0.075073734	-0.00043290583	6233.509037017822
128	2312.0164	1133.3173	3917.313	533.8665	3285.72	888.8571	4147.8677	1475.4574	602.7143	813.85	639999	242.53633	72.74055	242.53575	72.748375	5.995818	-242.7591	25.925638	0.07341998	0.0003228383	6284.933993339539
129	3327.3132	829.1334	4006.9873	1940.4792	2972.0955	1060.1062	4292.628	1282.9047	835.1667	715.6	644999	243.36157	72.83395	243.36118	72.842606	6.006633	-243.56305	25.957338	0.073916115	-0.00048752356	6336.963821172714
130	3679.2092	708.29755	4080.6895	2098.5996	2354.395	1192.2203	4094.3022	225.80048	926.0	599.3	649999	243.98567	73.193954	243.98477	73.20255	5.991134	-244.1863	25.665546	0.07386646	0.00067404803	6388.559017658234
131	3233.1897	937.7182	3931.4097	1234.8245	2841.679	933.00116	4086.3567	1480.9231	815.6667	713.3	654999	244.91483	73.27359	244.91455	73.28227	6.0058174	-245.1178	25.476887	0.07326754	-0.00042088184	6438.382579803467
132	3618.335	849.6608	4208.301	1758.9283	3330.2786	719.62396	4069.9397	1828.1232	892.6667	835.8	659999	245.6013	73.38638	245.60088	73.395874	5.9999413	-245.79175	25.750011	0.0748669	1.530671e-05	6488.220799207687
133	2066.582	1009.9579	3966.2476	214.76082	3512.7136	830.09827	4181.3716	1830.1023	532.0	857.25	664999	246.0365	73.56524	246.036	73.5703	5.9976506	-246.20525	25.511173	0.074903116	0.00018566119	6538.17738699913
134	3227.6997	911.67426	4054.6594	1789.3937	3396.2703	751.1178	4049.618	1832.3864	800.7143	868.75	669999	246.59497	73.74834	246.59438	73.75512	6.000732	-246.76993	25.158295	0.07466687	-4.310188e-05	6588.871749162674
135	3016.572	1136.7086	4173.3296	1540.8654	3597.234	819.9376	4207.4487	1273.7072	747.3333	887.15	674999	247.09877	73.85646	247.09856	73.86351	6.0016046	-247.2696	25.26499	0.07427968	-0.000109313296	6640.980885028839
136	2843.327	1367.7881	4205.58	306.5087	3366.0522	684.8277	4058.6008	2150.6843	709.5	859.75	679999	247.67583	74.11671	247.6751	74.12356	6.0021453	-247.8416	25.095724	0.07465643	-0.00015087638	6692.377752780914
137	3690.0906	665.96204	4114.515	2364.139	3432.136	1019.43286	4112.128	640.7582	924.8	841.0	684999	248.38083	74.30118	248.38055	74.30692	5.996542	-248.53966	25.322351	0.07430701	0.00027030642	6742.0653030872345
138	3077.1711	675.211	4064.5933	2161.4148	3487.2976	923.3502	4158.209	410.1734	763.6667	888.85	689999	248.92262	74.364944	248.92195	74.373825	6.000793	-249.07617	25.408045	0.07512764	-4.7979403e-05	6791.925832033157
139	3166.6711	1076.2091	3998.2212	1456.9757	3177.187	909.5251	4100.4404	1882.4843	801.4286	794.05	694999	249.50075	74.398605	249.50023	74.40646	5.995693	-249.6469	25.184038	0.07428592	0.00033270998	6841.724573612213
140	2416.2998	918.1027	4050.2634	1363.4794	2343.1987	1442.3286	4177.0356	206.6655	607.75	590.25	699999	249.96526	74.62876	249.9651	74.63482	6.001288	-250.10374	25.428467	0.07455143	-8.435304e-05	6892.875446796417
141	2739.0327	1077.9989	4034.502	1138.7596	3650.864	741.4641	4227.2427	1799.9589	687.4286	880.7	704999	250.39212	74.96603	250.39175	74.974945	6.0086155	-250.51793	25.134657	0.07514574	-0.0006342007	6944.94811463356
142	3791.7754	500.03085	4122.481	2797.7568	3146.7153	1254.271	4258.3467	251.61487	936.0	775.3	709999	251.33008	74.94338	251.33005	74.94937	5.993694	-251.4657	25.015472	0.07539936	0.00048652667	6995.899953365326
143	2855.6423	742.85394	4071.8179	1860.82	3739.8462	550.2859	4302.842	2368.728	702.2857	927.2	714999	251.99492	75.3115	251.9942	75.32034	6.006571	-252.11845	25.58609	0.07595621	-0.00048447296	7045.919174671173
144	2570.3604	1222.3136	4028.6714	359.21286	2662.216	1232.1697	4204.67	394.5992	642.2222	660.1	719999	252.75745	75.36304	252.75737	75.37125	6.008114	-252.90895	25.412355	0.07718112	-0.000623825	7095.717133998871
145	3126.385	628.32684	4026.4324	2514.6917	2690.8452	1143.416	4183.4287	887.91974	775.0	677.3	724999	253.9405	75.29735	253.94	75.30503	5.9947805	-254.076	25.509718	0.079033025	0.0004253726	7145.332518339157
146	2589.7	935.4611	3927.0884	1089.8081	3406.4863	953.7368	4138.395	695.7001	666.75	874.85	729999	254.91695	75.3692	254.9164	75.37706	6.0020537	-255.0473	25.77045	0.079047404	-0.00014856021	7196.9577713012695
147	3300.7366	1375.817	4171.1265	324.5077	2623.844	1152.8562	4073.9917	423.83884	815.5	654.3	734999	255.36183	75.3119	255.36162	75.31931	5.9937506	-255.4653	25.237494	0.07620962	0.00049577566	7249.070482969284
148	2781.9595	1159.2977	4077.2334	987.1295	3725.2917	603.6065	4298.6143	1904.4957	695.1429	933.6	739999	255.28204	75.86499	255.28207	75.8704	5.997844	-255.38808	25.12504	0.07405533	0.0001736628	7299.797918319702
149	3136.125	1332.29	4163.1064	839.54443	2321.3728	1063.9213	4175.8354	626.12494	778.7143	581.9	744999	255.17543	76.30519	255.1751	76.31319	6.002397	-255.2463	25.33611	0.07522929	-0.00016938912	7349.52189540863
150	3510.3394	937.993	4076.5928	1638.7709	3033.2053	872.796	4040.27	1254.3795	870.6	755.65	749999	255.38565	76.43413	255.38522	76.44298	5.994984	-255.47295	25.223902	0.07472986	0.00038799047	7399.388076782227
151	3594.945	427.08072	4183.8555	2904.9922	3610.5723	780.2506	4151.0244	1615.1948	867.8333	895.0	754999	255.85585	76.49715	255.85555	76.50453	5.997204	-255.93845	25.021727	0.07393256	0.00021813168	7448.999800443649
152	3435.5664	798.5472	4174.82	2257.2712	2997.8105	984.1742	4152.5166	1521.0775	843.6667	736.55	759999	256.67853	76.71451	256.67807	76.72106	6.000143	-256.76315	25.168163	0.07330237	5.3305627e-07	7500.957489013672
153	2959.9966	1196.5929	4116.8984	469.18997	3591.1445	767.67456	4339.4688	1578.7444	714.2857	882.9	764999	257.52927	76.7346	257.52878	76.742226	6.004852	-257.61365	25.317984	0.07414544	-0.00035086952	7552.999443054199
154	2935.7383	1221.8734	4169.291	1280.5995	3333.3276	945.1909	4132.057	1280.9325	735.8333	832.7	769999	257.97836	76.85303	257.978	76.85944	6.0011754	-258.0525	24.68312	0.073870815	-7.785653e-05	7603.094362735748
155	2901.5813	951.29626	4137.2407	1782.5371	3146.604	939.13696	4217.6934	1431.1571	713.375	769.15	774999	258.64587	76.731384	258.64578	76.7361	6.002045	-258.7259	24.631195	0.074256934	-0.00014623189	7653.279191732407
156	2546.724	884.4969	3910.4172	1516.8773	2863.2505	1151.0029	4181.409	791.67444	631.625	693.8	779999	259.07928	76.94098	259.07874	76.9472	5.999908	-259.1431	24.986113	0.074935265	1.9182538e-05	7703.088928461075
157	3009.9192	1149.2018	4159.149	1118.3171	3016.006	1166.7247	4254.729	1297.9106	741.6667	738.0	784999	259.5404	77.083664	259.54004	77.092575	5.987578	-259.59988	24.930971	0.07397367	0.0009328524	7752.756600618362
158	2463.9834	785.2712	3951.085	1438.1599	2527.8486	1044.3131	4092.511	1079.1774	619.0	640.85	789999	260.00577	77.20167	260.00546	77.21	6.0058684	-260.0692	25.112827	0.07378514	-0.00041759282	7807.638912439346
159	3228.0823	885.79736	4018.1528	1606.3063	2292.6924	950.82416	4399.224	1211.6394	808.1667	561.6	794999	260.0259	77.55605	260.02542	77.56342	6.0039306	-260.05133	24.96306	0.075557224	-0.00028238897	7859.877324581146
160	2487.473	1060.46	4017.363	1330.8102	3275.1736	977.9376	4253.7866	1337.7944	625.625	817.75	799999	259.98212	77.586815	259.9814	77.594	5.9958286	-260.01224	24.890081	0.075332746	0.00032017726	7909.910753965378
161	2555.2444	912.1106	4174.755	1696.0289	3199.7234	832.74744	4283.569	1487.2798	637.125	799.0	804999	260.0162	77.62899	260.01587	77.636314	6.0043554	-260.0428	24.823048	0.07447986	-0.0003122358	7959.718109130859
162	2479.4595	1046.2812	4066.8174	1218.0109	3075.3574	1041.4353	4147.304	1621.2126	618.875	751.65	809999	260.4037	77.44716	260.40363	77.45443	5.999999	-260.42764	24.624815	0.07512202	1.1330438e-05	8009.513487577438
163	2785.2231	929.0784	3974.2131	1368.1498	3017.727	917.0399	4107.6743	1358.2124	698.1429	750.45	814999	260.44	77.32784	260.43954	77.33442	5.9913692	-260.4618	24.946232	0.07447216	0.00064957526	8059.5830681324005
164	2888.6873	912.65625	3983.9167	1511.7297	3873.9106	64.68849	4033.3533	3770.5703	726.0	994.25	819999	261.05206	77.03187	261.05145	77.03991	6.0074906	-261.07864	24.538853	0.073881105	-0.0005395359	8111.617769241333
165	3568.765	817.0807	4304.507	1987.3225	3459.641	732.7655	4160.7666	1628.7146	862.1667	883.4	824999	261.56583	77.12463	261.56567	77.13193	6.0002227	-261.58267	24.800854	0.07477653	-5.8242917e-06	8163.63764166832
166	3310.3157	827.33154	4051.277	1773.2042	3455.114	1044.3479	4301.699	994.8329	828.8333	819.7	829999	261.72687	77.23552	261.72678	77.24348	5.9972444	-261.73105	24.975245	0.075214304	0.0002186451	8213.372320890427
167	3398.8516	613.78577	4118.698	2612.4521	3225.609	997.45984	4004.3877	583.3681	848.3333	819.7	834999	262.0836	77.01664	262.0833	77.02255	6.00545	-262.07974	24.833847	0.075979404	-0.00039995718	8263.183511972427
168	3289.513	1066.3168	4129.6973	1539.3701	2447.7695	1250.6393	4100.3564	784.8586	814.1667	614.5	839999	262.6046	76.85781	262.60452	76.86605	5.9934616	-262.60315	24.62558	0.07566306	0.00050329126	8312.845106124878
169	2987.402	1093.7649	4062.2192	1411.214	3603.6177	824.6873	4218.272	1452.4828	752.8333	890.8	844999	262.97427	77.070145	262.97418	77.07689	5.9999123	-262.995	24.625538	0.07476965	1.7786146e-05	8363.309605121613
170	3418.6028	1087.153	4036.138	1013.60895	3179.3796	967.4757	4132.4497	1519.8583	869.1667	785.65	849999	263.9458	76.74899	263.9458	76.75526	6.0014973	-263.95566	24.144037	0.07458324	-0.00010139215	8415.340436935425
171	3306.557	600.65894	4152.97	2546.5583	2468.8247	1087.6422	4181.0947	1248.0369	792.5	600.7	854999	264.433	77.003525	264.43262	77.010574	5.9958835	-264.4292	24.159021	0.07414357	0.00031298812	8466.969052314758
172	3409.2227	759.689	4037.5417	2015.0934	3289.5078	1068.5907	4254.797	1497.1277	846.1667	808.8	859999	264.83563	77.32283	264.83505	77.33088	6.0038056	-264.84198	24.464966	0.07312947	-0.00026935164	8516.678025722504
173	2777.2766	923.4865	4173.3228	1511.278	3502.92	703.3428	3890.4426	1541.5553	677.7143	914.45	864999	265.3633	77.346054	265.36276	77.35637	5.9996247	-265.35245	23.912432	0.073916346	3.8094102e-05	8566.396916866302
174	3706.2273	699.9969	4138.693	2155.0513	2921.5347	869.6588	4193.442	1802.5203	918.5	704.8	869999	265.75446	77.36897	265.75406	77.37719	6.0064306	-265.7389	24.211737	0.075045615	-0.00047273596	8616.127935171127
175	3943.5437	350.96048	4310.541	3288.789	3204.8125	994.6374	4156.122	1580.1501	964.2	784.15	874999	266.06058	77.498116	266.0599	77.5051	5.9916363	-266.04996	24.089165	0.07438302	0.00063852564	8667.019240140915
176	3171.1091	832.5664	4194.4355	2046.7329	3679.1204	558.7613	4196.671	2473.223	772.1429	913.2	879999	266.64536	77.38252	266.6454	77.38772	5.9990244	-266.61856	23.873894	0.073531665	8.240217e-05	8719.109749794006
177	2633.844	946.91394	4080.0847	1374.6166	3405.9858	758.6583	4165.839	1908.968	650.5714	848.7	884999	266.99274	77.484055	266.99265	77.49185	6.000714	-266.96048	23.852388	0.074254215	-4.08288e-05	8770.357769966125
178	3999.9712	103.553604	4201.3804	3908.1636	3359.3179	888.0809	4377.2393	1614.361	1000.0	800.55	889999	267.46136	77.49088	267.4612	77.496155	5.998331	-267.43533	24.031391	0.07346571	0.00013201476	8820.080809354782
179	2991.2024	897.9416	4056.9697	2002.4777	3102.6753	813.0332	4164.239	1703.9509	746.0	765.8	894999	267.8701	77.29548	267.86996	77.303	6.0060034	-267.8406	23.949947	0.074257314	-0.00043253417	8869.869409322739
180	2929.4526	1047.6106	4211.0195	1377.7131	3023.6775	674.811	3990.7913	1755.9246	727.0	770.45	899999	268.2379	77.14502	268.23752	77.151825	6.0013213	-268.2061	23.833284	0.07381593	-8.891502e-05	8919.688290834427
181	3251.5466	983.783	4090.6748	1562.406	3335.2192	1097.9495	4220.9907	1450.9153	802.0	810.2	904999	268.56787	77.15381	268.56735	77.15966	5.9959397	-268.53296	23.542463	0.074092105	0.000317517	8970.777507066727
182	3466.9167	1068.2355	4067.5166	1098.2117	3231.145	796.77484	4099.096	1981.2975	866.0	807.1	909999	269.10654	76.99017	269.10614	76.997986	5.9963965	-269.0737	23.547997	0.07344732	0.00027513615	9022.823348999023
183	3505.3696	981.95825	4101.5825	1545.475	3378.5703	755.74133	4191.4644	2033.3572	883.8	834.85	914999	269.40494	76.95369	269.4046	76.96051	6.002566	-269.35855	23.79312	0.073534146	-0.00017636544	9073.649480581284
184	3377.0273	938.58875	4104.8535	1358.9727	3484.3816	909.3784	4141.0293	1625.2871	828.0	853.0	919999	269.9597	77.02497	269.95905	77.03304	5.998125	-269.91336	23.335089	0.07304027	0.00014993302	9123.553993940353
185	3258.4983	876.2646	4157.435	1711.9534	3451.4927	840.775	4255.829	1698.9845	791.0	842.9	924999	270.3326	76.98876	270.33206	76.99699	6.001068	-270.3016	23.537918	0.073263	-6.961484e-05	9173.33740067482
186	3989.7886	106.35554	4143.296	3839.4053	2911.1816	963.9289	4012.611	1061.9268	1000.0	765.45	929999	270.9287	76.80407	270.92825	76.81119	5.9955034	-270.8784	23.199923	0.07298058	0.00033813834	9223.00296831131
187	3464.8193	665.6682	4203.5645	2231.3171	3526.7368	788.6536	4064.7844	1210.0801	830.1667	884.35	934999	270.95105	77.18873	270.95074	77.195305	6.0034256	-270.8961	23.200174	0.07277693	-0.00023724158	9274.52705192566
188	3648.64	649.58344	4208.3296	2442.6558	3911.78	261.6261	4047.5063	2794.3052	884.2	983.0	939999	271.3224	77.17592	271.32224	77.182076	6.005266	-271.2814	23.079996	0.07354463	-0.0003788537	9326.530583143234
189	4047.427	78.75589	4186.6367	3974.6018	3210.8542	998.21906	4252.8203	1705.6699	990.4	781.65	944999	272.0086	76.867195	272.00806	76.87297	6.000673	-271.9523	22.65723	0.07365127	-4.0402127e-05	9377.141345977783
190	2746.5725	819.9629	3988.2822	1675.3081	2510.0735	808.4556	4127.6133	1235.6245	667.25	614.55	949999	272.28293	77.13015	272.2827	77.137886	5.9905143	-272.21915	22.805616	0.07325173	0.0007120785	9426.920750617981
191	3927.3352	516.7147	4230.0312	2898.2927	3707.2095	605.61615	4203.116	1944.6561	940.2	924.15	954999	272.72122	76.91149	272.72043	76.918106	6.002038	-272.64798	23.035166	0.073621005	-0.0001385138	9476.673751831055
192	3402.7483	1031.36	4492.919	1871.8217	3388.795	856.40955	4401.6035	1626.3392	814.7143	790.05	959999	272.83444	77.147224	272.83456	77.15501	5.9990096	-272.76404	22.646156	0.07308843	8.359365e-05	9526.327896118164
193	3943.661	431.91632	4415.236	3137.2666	3060.495	970.0201	4432.765	1780.7732	940.0	722.2	964999	273.42416	76.866684	273.42377	76.871994	6.0013576	-273.3526	22.973928	0.07334756	-8.7439024e-05	9578.107227802277
194	4056.8926	249.62643	4376.5347	3614.9763	3575.3777	849.88965	4244.0757	1450.8777	967.4	892.2	969999	273.8959	76.804436	273.89545	76.81187	6.0026393	-273.8225	22.754835	0.0737306	-0.00018464231	9630.147359371185
195	3302.1746	1035.2188	4227.699	1326.2806	3136.0698	1073.5825	4280.781	1007.4405	816.0	762.4	974999	274.23306	76.87359	274.23257	76.88111	5.9985747	-274.15295	22.821838	0.07461282	0.00011663854	9680.38960814476
196	3768.1772	466.23593	4047.3723	2841.026	3714.2292	507.87405	4392.6187	2621.1748	934.0	901.4	979999	274.336	76.63145	274.33554	76.63917	5.999338	-274.2628	22.699638	0.07399038	6.0836483e-05	9730.070925951004
197	3232.4915	592.0689	4077.8108	2523.8367	3118.3813	872.3212	4305.3096	903.2592	794.0	726.85	984999	274.7827	76.5246	274.78207	76.53113	6.0040526	-274.7027	22.628859	0.073554166	-0.00028831026	9779.844038248062
198	3261.05	582.66455	4102.803	2265.0566	2747.4124	713.1388	4242.539	1694.9329	778.5714	647.65	989999	274.88474	76.69923	274.88446	76.70499	5.997225	-274.7831	22.58487	0.07302807	0.00021713038	9829.689683437347
199	3291.8582	880.0555	4197.7275	1878.8624	3583.286	950.94055	4273.321	1357.7432	793.5	867.0	994999	275.3603	76.57704	275.35986	76.57946	5.99695	-275.2635	22.485846	0.07322247	0.00023345508	9881.801728963852
200	3742.9856	358.40445	4315.311	3314.0403	3583.2039	945.92676	4221.9443	794.3677	879.8333	883.9	999999	275.8146	76.53117	275.81454	76.536865	6.0065165	-275.7105	22.499947	0.073086366	-0.00047092733	9933.917679548264
