Epoch	AverageEpRet	StdEpRet	MaxEpRet	MinEpRet	AverageTestEpRet	StdTestEpRet	MaxTestEpRet	MinTestEpRet	EpLen	TestEpLen	TotalEnvInteracts	AverageQ1Vals	StdQ1Vals	AverageQ2Vals	StdQ2Vals	LogPi	LossPi	LossQ	Alpha	LossAlpha	Time
1	18.829405	18.645859	180.94559	4.403019	161.5956	4.703078	168.25412	151.83644	22.728111	79.6	4999	15.974741	13.980089	15.973473	13.980496	1.5724342	-18.481075	2.6005406	0.1508525	0.24433322	38.241538286209106
2	19.751406	19.602743	168.75218	4.1404915	195.26828	1.8365414	198.87029	191.71158	23.224771	99.7	9999	142.46533	81.73925	142.46739	81.73546	3.9455216	-160.1072	127.84164	0.34105214	-0.31353244	82.57049250602722
3	176.72227	88.008415	398.01404	53.75177	60.539856	0.8869266	62.219727	58.71892	105.23404	62.65	14999	379.4383	106.028534	379.43826	106.049614	2.9599595	-403.40723	568.8555	0.6679019	0.017336145	129.67179012298584
4	233.13374	118.54634	510.44556	34.35706	271.81424	3.5946953	277.65903	265.5186	134.91891	128.55	19999	429.77725	113.92546	429.788	113.92849	2.9506166	-446.1862	589.2939	0.4419542	0.023004867	177.14358568191528
5	234.24242	68.95833	436.46127	28.17876	320.36044	19.7085	392.11328	305.29254	115.15909	162.1	24999	434.1634	117.22797	434.16486	117.30409	2.9804602	-448.3581	435.69916	0.44701084	0.008125981	224.92319464683533
6	303.13135	26.603262	390.9901	251.5627	252.8073	2.1544569	256.85797	249.50323	150.54546	117.9	29999	401.96164	128.40353	401.96127	128.47481	2.9873712	-412.85794	288.5906	0.36576495	0.004861725	272.34346985816956
7	281.26266	18.57492	319.8172	237.55136	267.65753	16.32168	279.4072	237.77051	139.08333	126.35	34999	367.8644	137.59071	367.8696	137.64618	2.9723363	-377.27176	198.90726	0.34602705	0.009627179	319.82311248779297
8	71.03832	117.99796	434.66904	3.1897185	443.8474	193.22179	873.7229	118.624374	66.27027	377.6	39999	330.78064	136.56044	330.7829	136.61716	2.9566631	-338.4742	178.89592	0.28203607	0.012490553	371.4466655254364
9	846.4873	210.29797	1005.9434	403.32455	992.03503	1.4575733	995.71045	990.08777	803.5	1000.0	44999	299.88956	118.75825	299.8896	118.79318	2.9743717	-306.57794	130.4271	0.24957497	0.006154243	423.213978767395
10	908.3919	272.97134	1095.9497	301.81482	1019.3029	0.38132894	1020.0688	1018.5941	878.3333	1000.0	49999	279.54108	102.08958	279.54102	102.12436	2.9806828	-285.06577	77.47674	0.21545601	0.004069313	475.2386884689331
11	674.8638	399.26193	1112.9867	221.2926	1055.1702	0.49508053	1056.0299	1054.2317	573.75	1000.0	54999	264.55344	91.793	264.5551	91.82083	2.9688518	-269.4889	52.038933	0.19007322	0.005639304	527.1844861507416
12	964.2109	271.96524	1193.5818	366.53177	728.50366	35.65106	803.2486	655.01587	862.1667	535.0	59999	249.23582	84.15046	249.23528	84.180305	2.9519439	-253.2202	39.868652	0.13463736	0.0069501754	576.8751637935638
13	813.6993	426.27792	2016.2031	403.55536	1291.801	373.40952	2086.8057	643.4374	460.81818	600.5	64999	231.47975	77.20299	231.47968	77.21803	2.9996815	-235.00435	31.2259	0.12284556	5.255041e-05	628.441620349884
14	1000.06616	392.96255	1828.5482	527.2112	1053.0277	308.76163	1450.8348	353.99933	578.5	725.95	69999	217.03377	70.44807	217.03375	70.45816	2.9600945	-220.1393	27.438807	0.11511725	0.0044299853	679.8594534397125
15	1119.6006	121.88643	1359.8302	1034.7996	1067.8574	111.75486	1417.0608	825.2718	994.0	945.55	74999	202.90504	60.746212	202.90573	60.767952	2.9460964	-205.40273	25.222738	0.08272458	0.004498751	731.7254781723022
16	595.9015	272.77258	1232.313	205.83575	828.7824	285.2033	1159.2903	353.8779	369.2	703.6	79999	189.99472	52.055576	189.995	52.06836	2.9875607	-192.16364	19.224148	0.06810148	0.00084158144	783.3988597393036
17	434.79907	236.5787	1120.8966	211.63513	585.4415	217.43787	1149.2687	348.3097	234.14285	368.4	84999	179.69795	47.431705	179.69943	47.4425	2.9982505	-181.65857	17.148277	0.06372464	0.00011808033	833.8435425758362
18	324.9829	72.17233	694.0887	268.17	311.09906	0.8665586	313.11478	309.63803	152.27272	136.15	89999	172.36469	46.50861	172.36586	46.517822	3.0036433	-174.22556	15.323335	0.06434028	-0.00022898066	881.8745980262756
19	486.9975	244.30565	1120.4913	292.1771	846.81885	325.1893	1462.2444	393.35855	197.8	295.15	94999	167.68387	47.411102	167.68423	47.41808	2.984756	-169.3879	14.25794	0.061384223	0.0009519308	930.954592704773
20	559.88965	293.3693	1194.1382	180.6076	1151.2483	417.2925	1647.8218	427.67172	288.13333	722.7	99999	164.21416	46.41532	164.21483	46.42237	2.9923244	-165.75568	14.0202465	0.059049327	0.00044458403	981.8086729049683
21	869.0061	430.3656	1653.183	172.75113	1104.172	328.16156	1697.0077	554.0613	456.91666	535.5	104999	161.69615	44.438095	161.69666	44.4448	2.9990842	-163.09834	13.060918	0.054199733	5.466788e-05	1032.377202987671
22	837.49036	213.35748	1165.7123	517.62024	854.776	269.37726	1488.8853	408.3013	359.07144	354.25	109999	159.55914	42.712704	159.55882	42.71577	3.0054061	-160.90598	12.118603	0.05739407	-0.00030174857	1081.7208561897278
23	759.0809	273.77966	1328.9205	425.0734	434.85977	38.75724	531.63055	399.93454	366.7857	225.45	114999	157.54848	41.023853	157.54854	41.027485	2.9859626	-158.76036	11.5060215	0.05458114	0.00077937945	1130.072932958603
24	856.0173	565.30133	2420.721	418.31372	874.09705	412.68637	1700.5492	459.61148	375.46155	372.95	119999	156.60764	40.446136	156.60762	40.444378	2.9970658	-157.7853	10.704497	0.0505162	0.00015634675	1179.7961893081665
25	1245.0342	685.2173	2374.6567	538.129	809.7516	443.32666	2224.3193	240.78557	514.6	373.75	124999	158.09077	40.78953	158.09065	40.787193	2.9965684	-159.25502	10.414073	0.052408222	0.00018159441	1230.2242300510406
26	947.08856	510.921	2229.0588	254.09737	255.56001	11.609153	269.07346	240.22684	415.25	131.0	129999	160.35957	41.680946	160.35945	41.682735	3.0154362	-161.53963	11.081255	0.053610187	-0.0008203249	1278.2088680267334
27	780.83215	799.59204	2599.9343	232.32439	1607.7042	688.4452	2667.609	1033.4093	319.625	605.9	134999	164.00854	42.191624	164.00812	42.19374	3.0023654	-165.23685	12.620327	0.05737302	-0.0001278191	1328.876146554947
28	2039.3378	872.1035	2760.313	279.883	2457.3267	501.717	2767.749	955.5211	762.3333	920.05	139999	168.88844	43.364162	168.88786	43.366745	3.0111458	-170.13948	12.745847	0.05931568	-0.00066095474	1379.5371761322021
29	1971.675	907.409	2772.5308	342.0464	2542.917	487.45428	2801.5422	1339.7435	726.7143	911.85	144999	175.0852	44.75141	175.0848	44.75555	2.9956017	-176.39052	12.647725	0.061843835	0.0002757783	1430.3540165424347
30	1439.7933	862.5834	2668.7915	221.10457	1152.7491	813.08	2654.42	468.49423	537.2	434.6	149999	180.53766	44.955196	180.53737	44.954796	3.0035594	-181.81483	12.622711	0.062300507	-0.00020977727	1481.1162943840027
31	1324.4983	801.87445	2606.9966	295.25513	468.8456	18.590715	510.0271	442.6159	498.9	191.7	154999	184.27188	44.875977	184.27141	44.877743	2.9907818	-185.48892	12.692834	0.06111055	0.0005609885	1529.3112041950226
32	779.8982	791.75104	2661.1406	88.68625	994.8408	791.85004	2752.8843	472.3113	305.6875	372.6	159999	185.99886	44.82643	185.99844	44.82957	2.990354	-187.0982	12.615083	0.05502263	0.0005497055	1580.0709278583527
33	1779.8948	1083.7151	2842.2305	280.8542	942.75793	507.89114	2265.466	475.22604	643.25	341.45	164999	186.82463	45.426754	186.82475	45.427254	3.0036314	-187.89787	12.791574	0.05404789	-0.00019624294	1630.4230253696442
34	1398.6376	763.09204	2800.2004	275.48065	2487.102	504.63126	2807.8887	1400.4834	503.77777	889.55	169999	188.73352	46.011795	188.7335	46.013477	2.9935968	-189.78952	12.305001	0.054138854	0.00035693	1681.7770862579346
35	1264.5703	422.353	2117.4072	849.27264	1547.6482	720.5513	2751.9397	800.0323	455.54544	569.9	174999	190.89828	47.214645	190.89818	47.21809	3.0041668	-191.97943	12.102223	0.054125153	-0.00022237354	1733.1607511043549
36	2016.9111	769.0589	2830.5452	863.9865	1115.7351	203.7631	1606.8473	882.7224	714.4286	393.55	179999	194.49403	48.13802	194.49406	48.13553	3.0031161	-195.5969	11.8787	0.056145247	-0.0001686806	1782.5635614395142
37	2715.3335	134.13255	2846.028	2474.87	2807.909	16.808517	2833.1514	2769.2214	973.0	1000.0	184999	198.38184	48.629738	198.3811	48.628178	3.002543	-199.4959	11.956295	0.058492664	-0.00014036256	1834.0974276065826
38	2619.367	396.08923	2870.7673	1765.7153	2860.5178	12.540987	2891.6082	2840.908	923.3333	1000.0	189999	201.81166	48.713985	201.81148	48.712303	2.9998906	-202.90718	12.050213	0.05727196	1.0402978e-05	1885.612911939621
39	2175.965	981.01514	2923.8687	770.2846	2636.5774	524.0466	2892.7957	1344.3186	768.5	917.25	194999	205.23291	49.328403	205.23259	49.3272	3.0011232	-206.32628	11.8520565	0.057074256	-6.044558e-05	1937.0309841632843
40	2154.3147	713.8511	2866.5068	1121.037	1025.5483	135.52754	1344.7621	771.67596	755.5	368.45	199999	208.64479	49.49355	208.64465	49.49272	2.9951544	-209.74365	11.664199	0.057947777	0.0002804852	1985.8822646141052
41	2359.7095	660.03235	2893.5605	1117.1661	2876.5112	27.307228	2918.4136	2795.4165	826.0	1000.0	204999	211.40382	49.88401	211.40367	49.88424	3.0011735	-212.45927	11.331267	0.05622946	-6.179939e-05	2037.2140543460846
42	2376.173	1029.0837	2917.26	85.010155	2962.68	4.412087	2973.3481	2956.024	823.1667	1000.0	209999	213.77008	50.047043	213.77002	50.046143	2.9955094	-214.79892	11.480873	0.05629425	0.00025425872	2088.6113364696503
43	2935.0928	63.957287	2983.6382	2811.008	1626.1948	634.3504	2813.0981	1085.1832	1000.0	579.0	214999	216.2499	50.175636	216.24995	50.175808	2.9954898	-217.277	11.690195	0.055734895	0.00024754208	2139.885729789734
44	2692.0896	448.68195	2931.9722	1794.9059	2907.476	20.003498	2947.8928	2878.88	921.8	1000.0	219999	218.5998	50.231796	218.59966	50.23235	3.0026479	-219.62325	11.592459	0.05439353	-0.000136525	2191.0366821289062
45	2985.3733	22.98809	3014.246	2951.68	2918.363	5.214051	2929.989	2908.9094	1000.0	1000.0	224999	221.097	50.353752	221.09685	50.35379	2.9911497	-222.09946	11.133268	0.052592225	0.00046741313	2242.4565980434418
46	3030.4233	39.062904	3092.9417	2979.2668	2821.233	163.43913	2939.3381	2226.8052	1000.0	959.8	229999	223.1649	50.604015	223.16463	50.604206	3.0025146	-224.13942	10.789978	0.050551165	-0.0001238811	2293.3380069732666
47	3044.0059	25.744165	3071.8418	3002.5864	3109.0193	2.2348533	3112.6582	3104.7766	1000.0	1000.0	234999	225.40767	50.780334	225.4075	50.779858	3.002677	-226.3784	10.807145	0.05290915	-0.00013396094	2344.3035457134247
48	3058.3564	8.428349	3068.9724	3045.6804	3053.862	10.412411	3072.9531	3030.3271	1000.0	1000.0	239999	227.71284	50.909	227.71272	50.912144	2.997442	-228.66745	10.419874	0.05248938	0.00013870576	2395.307351589203
49	2643.0786	947.19995	3086.1218	525.39	3101.8396	12.744089	3122.0308	3062.1926	865.5	1000.0	244999	229.68163	51.228	229.6815	51.225346	2.9973817	-230.6144	10.484355	0.05145089	0.00013909819	2446.3284175395966
50	2690.3457	929.33966	3126.2568	612.4749	3102.1216	6.546592	3113.6753	3090.818	870.3333	1000.0	249999	231.83208	51.531033	231.83195	51.52964	2.9986055	-232.74797	10.048363	0.051030036	7.512396e-05	2497.225043296814
51	3106.2866	17.023026	3119.701	3076.9807	3106.9265	2.0263722	3110.9988	3102.5571	1000.0	1000.0	254999	234.1838	52.22903	234.1836	52.22837	3.0005367	-235.0992	10.07364	0.051155116	-2.371409e-05	2548.1027493476868
52	3093.3354	15.992389	3112.5286	3065.973	3118.1133	3.034132	3122.7498	3111.3826	1000.0	1000.0	259999	236.61955	52.629055	236.6195	52.629173	3.0007303	-237.52805	9.69709	0.050681103	-3.3102715e-05	2599.048931121826
53	3103.201	16.536016	3120.661	3072.4429	3125.0684	2.934236	3130.576	3119.2654	1000.0	1000.0	264999	238.81815	52.705734	238.81815	52.70409	2.9989882	-239.7036	9.782423	0.050146822	5.4906493e-05	2649.828919172287
54	3122.5562	9.559982	3136.3591	3112.0247	3132.435	7.3131886	3144.269	3124.0164	1000.0	1000.0	269999	240.9754	52.975716	240.97528	52.977146	2.999579	-241.87254	10.013203	0.050188277	2.5252104e-05	2700.531847000122
55	3133.4187	7.780657	3141.2793	3119.311	3119.9766	3.3121912	3123.6335	3109.193	1000.0	1000.0	274999	243.3701	53.205288	243.37035	53.205994	2.991518	-244.24875	9.433539	0.048235126	0.00041685137	2751.2953758239746
56	3114.5535	14.273435	3129.7273	3090.8796	3031.0542	16.621767	3046.0723	2994.1926	1000.0	1000.0	279999	245.52925	53.357365	245.52898	53.357944	3.000378	-246.40018	9.183697	0.04707436	-1.4689655e-05	2802.0996437072754
57	1882.7804	1219.3368	3111.363	557.71313	3072.014	3.5902596	3077.289	3064.1772	610.125	1000.0	284999	247.54437	53.756485	247.54445	53.758457	3.0024424	-248.4182	9.406287	0.048414055	-0.00011342865	2853.0911195278168
58	3110.9146	7.607468	3121.5464	3102.3813	3090.9048	1.530449	3094.315	3087.566	1000.0	1000.0	289999	249.16267	53.934654	249.1629	53.935562	2.9992898	-250.0065	9.612786	0.04836576	3.7093316e-05	2904.240719795227
59	2711.832	800.93414	3135.587	1110.5352	3155.6638	2.285855	3158.7954	3150.489	876.8	1000.0	294999	250.47275	54.211212	250.4727	54.212738	2.999844	-251.3189	9.090923	0.047878087	1.1476433e-05	2955.410412311554
60	2662.0696	675.52765	3128.4077	1387.9216	3147.8613	7.6284866	3162.3748	3139.7302	861.8333	1000.0	299999	251.88612	54.097023	251.88597	54.10179	3.001576	-252.70485	9.512192	0.048968017	-7.241445e-05	3006.8109183311462
61	2533.91	900.044	3143.7502	806.5592	3079.7517	376.70822	3179.506	1437.8833	817.0	972.15	304999	252.8156	53.867107	252.81548	53.87017	3.00897	-253.61514	10.410477	0.049488686	-0.00044779474	3058.1517293453217
62	3013.8132	287.2717	3156.504	2371.832	425.8921	114.55274	544.3522	309.5417	961.0	169.3	309999	253.7661	53.854965	253.766	53.855637	2.996322	-254.552	9.998341	0.05059798	0.00019387355	3105.8400976657867
63	2347.9236	1106.1044	3141.9133	562.3454	3108.8538	7.1138506	3120.9001	3097.1814	755.6667	1000.0	314999	255.06567	53.395546	255.06583	53.395504	3.0017297	-255.84425	9.8245735	0.050697487	-8.439279e-05	3157.404644012451
64	3121.2024	13.294766	3139.671	3107.1138	3232.043	2.7992747	3236.8032	3227.954	1000.0	1000.0	319999	255.8405	53.42863	255.84035	53.431477	3.0007555	-256.60394	10.555206	0.050785784	-3.372128e-05	3209.027677297592
65	3132.2666	17.197136	3157.829	3112.5117	3189.4492	4.5376215	3201.8027	3182.0813	1000.0	1000.0	324999	256.6415	53.303684	256.64142	53.30511	2.9967215	-257.37726	9.527945	0.04970675	0.00017131289	3260.2657613754272
66	3129.114	16.031712	3151.485	3110.5447	3202.098	3.4447463	3210.7412	3196.0234	1000.0	1000.0	329999	257.9713	52.957596	257.9715	52.95897	2.9938097	-258.71725	10.118312	0.049836393	0.00030931798	3311.174358844757
67	3156.311	33.36624	3203.0056	3107.99	3154.7268	6.6960444	3163.1785	3139.4692	1000.0	1000.0	334999	258.79718	53.16426	258.79724	53.16518	3.00373	-259.51984	9.490043	0.048685532	-0.0001774634	3361.9056890010834
68	3173.3335	33.605324	3207.361	3114.2827	2135.9712	121.874565	2520.8735	1993.271	1000.0	652.4	339999	260.0017	52.744877	260.00168	52.748287	2.9967442	-260.7459	9.807035	0.048057023	0.0001638501	3411.7441346645355
69	3137.1394	47.285755	3176.0654	3047.0295	3185.4946	7.8501544	3196.666	3174.8062	984.4	1000.0	344999	261.23087	52.61344	261.231	52.61429	2.9977908	-261.95273	9.462044	0.04809129	0.00011023179	3462.482465982437
70	3127.7202	194.02432	3262.7893	2741.8193	3255.346	108.82397	3326.663	2792.2166	965.6	991.75	349999	262.2252	52.507263	262.22498	52.50819	3.007382	-262.9263	9.3104	0.04878025	-0.00035916024	3513.1525897979736
71	3165.4695	41.586273	3230.6409	3111.4834	3140.0767	2.913457	3144.0764	3132.0278	1000.0	1000.0	354999	263.08255	52.346203	263.0825	52.34961	2.9928021	-263.7605	9.489492	0.048692774	0.00035854665	3563.9356784820557
72	3124.016	38.654026	3175.8943	3065.9014	3158.5405	3.3426685	3165.7004	3152.4248	1000.0	1000.0	359999	263.79303	52.25811	263.79288	52.259853	2.9947662	-264.46384	8.390245	0.0472484	0.00024956578	3615.2584092617035
73	3187.1614	41.242382	3224.495	3110.154	2103.561	155.14725	2499.3398	1876.1451	1000.0	634.9	364999	264.42694	52.355812	264.4268	52.357304	2.999684	-265.0698	8.435416	0.046429373	1.802272e-05	3665.6407673358917
74	3175.7808	24.29754	3206.7827	3148.097	3187.888	10.682911	3197.1528	3144.0276	1000.0	1000.0	369999	265.32254	52.471497	265.3226	52.47387	2.997192	-265.9611	8.139995	0.04598465	0.00013072132	3717.233511209488
75	3181.4114	38.039536	3253.9119	3141.9038	3191.7803	2.3155804	3196.9307	3188.2349	1000.0	1000.0	374999	266.35495	52.614346	266.3548	52.614204	3.003059	-266.99582	8.369478	0.047086965	-0.0001340943	3768.7637465000153
76	1921.0503	1228.3486	3199.4119	27.02501	3255.7769	10.956761	3269.0278	3221.5447	600.44446	1000.0	379999	267.112	52.842148	267.11197	52.843395	3.006607	-267.73663	8.236992	0.04713238	-0.0003084657	3820.3700811862946
77	1677.8728	1528.6614	3207.7715	26.662031	3201.9768	11.297573	3225.7297	3186.8984	533.2	1000.0	384999	267.7042	52.8837	267.70416	52.885757	3.002779	-268.30453	8.865553	0.048538134	-0.00013175841	3871.9483494758606
78	3188.0225	24.433193	3231.4502	3163.1094	3249.0898	7.977882	3259.8433	3233.772	1000.0	1000.0	389999	268.28476	53.043957	268.28488	53.044582	3.0009005	-268.90402	8.959617	0.05014018	-4.0752246e-05	3923.6125128269196
79	2159.3032	1409.1771	3183.8262	159.49998	3180.0957	1.1908534	3182.5251	3177.324	694.8333	1000.0	394999	269.2758	52.84781	269.2756	52.850708	2.9998026	-269.8754	9.016642	0.049230896	1.3700056e-05	3975.0351452827454
80	3190.0054	13.9010725	3211.3047	3168.2876	3269.2622	1.8296008	3273.5159	3265.909	1000.0	1000.0	399999	269.7356	52.85995	269.7358	52.858116	2.9978032	-270.32324	9.226629	0.0485192	0.000112493566	4026.6180810928345
81	3221.31	21.182695	3247.8674	3184.422	3222.3135	1.6994778	3225.4731	3218.4636	1000.0	1000.0	404999	270.9366	52.782944	270.9362	52.784847	2.993638	-271.5493	8.679594	0.048079073	0.00030856763	4078.4694123268127
82	3236.8855	8.3700285	3243.5828	3220.4	3234.668	4.4791665	3242.949	3228.136	1000.0	1000.0	409999	271.5884	53.012215	271.5882	53.013523	2.9975257	-272.15204	8.374346	0.04511457	0.00011779287	4129.748294591904
83	3200.5923	24.768707	3229.6934	3160.76	3229.1821	4.819311	3237.4216	3219.619	1000.0	1000.0	414999	271.91437	53.379295	271.9143	53.38094	2.999126	-272.48782	8.319459	0.045740772	4.363252e-05	4181.269154310226
84	3229.9517	9.040314	3239.6812	3213.2966	3204.9355	3.4418378	3210.0151	3198.4824	1000.0	1000.0	419999	272.9294	53.13854	272.92944	53.137993	2.9935286	-273.5003	8.399586	0.044969972	0.00029283925	4232.850892543793
85	3230.2615	25.92497	3258.9292	3184.417	3276.7568	2.143303	3279.2979	3273.1802	1000.0	1000.0	424999	273.806	53.343685	273.80594	53.34789	3.002282	-274.3834	7.6232	0.04384959	-9.648624e-05	4284.424496412277
86	3227.2556	21.577688	3256.7966	3199.612	3246.882	3.2835047	3254.0344	3239.3877	1000.0	1000.0	429999	275.01318	52.84645	275.01306	52.84838	2.9978344	-275.604	7.535153	0.043910228	9.854562e-05	4335.7020428180695
87	3232.4395	7.8023405	3243.1785	3223.3528	3206.2986	3.4887474	3213.4673	3200.405	1000.0	1000.0	434999	276.01633	52.64595	276.01624	52.647873	2.9899817	-276.57095	7.234885	0.04098324	0.0004236828	4386.53856420517
88	3258.1707	13.487211	3276.8413	3235.9602	3267.2456	3.0823731	3272.445	3260.2092	1000.0	1000.0	439999	276.88016	52.544533	276.87997	52.544815	3.0025733	-277.4586	7.8352532	0.041340463	-0.000102168	4437.344487190247
89	3247.6995	13.299307	3272.2188	3236.3638	2274.7654	676.3336	3246.906	1000.42017	1000.0	696.4	444999	277.83975	52.75918	277.8394	52.761177	3.001897	-278.41046	7.3460875	0.042067822	-7.5537326e-05	4487.926705360413
90	3254.5962	18.674896	3273.056	3220.444	3215.0625	2.8088827	3219.484	3207.3179	1000.0	1000.0	449999	278.7713	52.77434	278.77124	52.776608	2.9940267	-279.3311	7.9149885	0.04035513	0.0002472582	4538.615978717804
91	3245.0283	22.789515	3272.5066	3219.9119	3257.076	2.0482159	3260.8352	3252.655	1000.0	1000.0	454999	279.78165	52.53592	279.78162	52.538036	2.9979124	-280.36682	7.143353	0.040237702	8.6340704e-05	4589.419991493225
92	3227.7039	17.849733	3243.3909	3200.8506	3276.2908	2.964963	3279.718	3269.3708	1000.0	1000.0	459999	280.93063	52.13259	280.9305	52.13379	2.9998481	-281.5047	7.3695235	0.039680693	8.543801e-06	4640.897201299667
93	3267.8567	19.928242	3293.729	3241.4854	3281.7876	4.387907	3295.5771	3276.0532	1000.0	1000.0	464999	281.91473	52.038067	281.9146	52.03809	3.0074832	-282.4884	7.288277	0.040351067	-0.0003013174	4692.5573971271515
94	2940.915	711.356	3302.3308	1351.0715	3281.4114	4.2852516	3288.444	3274.8713	900.5	1000.0	469999	282.94547	51.869717	282.94553	51.869884	2.9935188	-283.51285	7.3921227	0.040443093	0.0002670608	4744.08362531662
95	3259.4243	16.800737	3288.9634	3238.7158	3242.0542	1.3395474	3244.4355	3237.9119	1000.0	1000.0	474999	283.6241	51.854816	283.62384	51.857754	2.9976418	-284.17	6.9480953	0.03900609	9.525816e-05	4795.498793840408
96	3265.1753	20.885252	3306.1958	3249.9475	3368.0195	2.320301	3371.6357	3362.7139	1000.0	1000.0	479999	284.0999	51.82253	284.09964	51.82528	2.9954474	-284.6556	7.2685304	0.039011672	0.00017731877	4846.984093904495
97	3281.3833	18.47616	3311.2324	3257.6633	3288.0483	3.4609966	3294.4531	3282.7961	1000.0	1000.0	484999	284.9751	51.47233	284.97504	51.472202	3.0067286	-285.51624	6.766741	0.039022833	-0.00025912965	4898.787111282349
98	3273.8667	13.630807	3291.9812	3257.4185	3223.5315	3.546316	3230.3154	3216.8022	1000.0	1000.0	489999	285.8665	51.22278	285.86627	51.225174	2.9968646	-286.4263	7.188167	0.038613234	0.00012509429	4950.227469205856
99	2935.1106	800.9642	3309.478	1144.3123	2439.7922	271.4323	3361.7092	2011.8552	892.1667	717.9	494999	286.5548	51.25488	286.5546	51.255188	3.0003636	-287.1039	7.137403	0.039017912	-1.1363625e-05	5001.79533290863
100	2397.8237	1190.5028	3304.7114	67.21817	3245.2812	2.0608642	3249.7305	3241.8425	728.2857	1000.0	499999	287.16516	51.393238	287.16516	51.393154	2.9971435	-287.6874	7.030568	0.03855007	0.00011370669	5053.525284051895
101	3280.993	7.6658487	3295.8328	3274.6296	3238.1519	2.4210927	3244.0657	3233.289	1000.0	1000.0	504999	287.41183	51.8608	287.4117	51.86242	3.000187	-287.9329	7.080362	0.038009804	-4.0325763e-06	5104.996365070343
102	3267.1284	13.103072	3292.3809	3256.6099	3338.6147	4.5063753	3346.786	3332.1138	1000.0	1000.0	509999	287.906	51.904404	287.90576	51.90535	3.0005412	-288.42706	6.6304693	0.03915632	-1.8718612e-05	5156.277522563934
103	2981.9058	604.9304	3294.2424	1772.1017	3281.2766	3.0849183	3287.9485	3276.8447	903.4	1000.0	514999	288.3539	51.785	288.3536	51.785294	3.006418	-288.8557	6.968267	0.039716206	-0.00025280862	5207.69782948494
104	3267.9114	11.531974	3277.8394	3246.7114	3276.1108	2.498496	3280.2915	3271.3093	1000.0	1000.0	519999	288.7901	51.784042	288.7899	51.786335	3.0054011	-289.3051	6.849417	0.041449536	-0.0002224976	5259.210274219513
105	3276.1477	16.306213	3294.6663	3252.9048	3282.5142	6.2247066	3293.0925	3268.5947	1000.0	1000.0	524999	289.3448	51.42727	289.34482	51.426632	2.9917293	-289.84595	7.0277095	0.04094167	0.0003431929	5310.505492210388
106	3280.6387	12.596555	3294.7715	3262.473	3296.018	2.9691172	3301.7908	3288.715	1000.0	1000.0	529999	290.0295	51.28179	290.02924	51.282917	2.9945323	-290.55344	6.733205	0.04084718	0.00021513383	5361.411820173264
107	3272.4534	3.2825704	3276.9568	3267.17	3300.9824	4.196098	3307.2083	3291.5186	1000.0	1000.0	534999	290.62564	50.902893	290.62564	50.903893	2.9990804	-291.1253	6.428957	0.038694844	3.742137e-05	5412.161650657654
108	3276.8328	14.497294	3291.5344	3259.1838	3284.554	2.282893	3288.1511	3279.7556	1000.0	1000.0	539999	290.87457	51.062668	290.8746	51.06261	2.998566	-291.36124	6.7403665	0.03844574	5.7214726e-05	5462.9370675086975
109	3287.4038	20.255774	3308.2012	3252.7012	3294.0708	1.9287257	3298.3467	3291.1545	1000.0	1000.0	544999	291.10266	51.332905	291.1027	51.333008	3.0051343	-291.56897	6.2941656	0.037697386	-0.00019384296	5513.750436782837
110	3135.1223	300.53674	3310.3838	2535.0608	3251.1658	3.0780032	3256.5308	3244.9663	950.0	1000.0	549999	291.6556	50.91187	291.65552	50.912262	3.0002112	-292.13455	6.093416	0.039438475	-5.430007e-06	5564.8935289382935
111	3310.6426	22.488535	3342.5027	3280.5771	3271.1685	5.9633937	3280.2405	3262.6538	1000.0	1000.0	554999	292.1673	50.929813	292.16724	50.928722	2.9994075	-292.629	6.383855	0.03980818	2.5593352e-05	5616.4372391700745
112	3261.0532	82.97221	3318.6396	3098.032	3299.089	2.1426868	3303.2473	3295.3655	982.0	1000.0	559999	292.11624	51.073437	292.11646	51.074455	3.0050821	-292.5596	6.1596212	0.03842599	-0.00019970494	5667.9817814826965
113	3292.7688	27.788652	3326.1514	3245.0115	3306.5828	1.5262645	3309.015	3304.1501	993.8	1000.0	564999	292.2988	51.23785	292.29883	51.23911	2.9865456	-292.75574	6.237127	0.038311955	0.000522255	5719.534639120102
114	3292.6465	7.633485	3300.9182	3278.626	3311.1392	9.312365	3338.003	3301.5803	1000.0	1000.0	569999	292.7506	51.084675	292.75092	51.08398	3.0023394	-293.20605	6.6780076	0.037466582	-8.412208e-05	5771.094074249268
115	3299.2173	16.518812	3311.4023	3266.9863	3300.0024	2.4233165	3304.8694	3295.9338	1000.0	1000.0	574999	293.2672	51.042835	293.26746	51.04183	3.0074458	-293.73044	6.634211	0.037947763	-0.00028407507	5822.611182451248
116	3303.632	20.247633	3328.1519	3272.9443	2690.1199	237.24666	3192.269	2341.6978	1000.0	787.15	579999	293.87503	50.86296	293.8748	50.861988	2.9947789	-294.31534	6.4037547	0.038664516	0.00020565328	5873.752701282501
117	3299.6196	16.702969	3321.9595	3276.7627	3293.7007	1.9110987	3296.2705	3287.515	1000.0	1000.0	584999	294.32703	50.808693	294.32727	50.807407	2.9912353	-294.7708	5.999049	0.036307655	0.00032507008	5925.431591749191
118	3304.2485	8.882886	3316.9072	3289.6492	3242.5317	1.5880557	3245.196	3239.8728	1000.0	1000.0	589999	294.5689	51.15681	294.56894	51.154133	3.003248	-294.9863	5.94631	0.035200305	-0.000114775685	5977.005614519119
119	3288.8665	16.003407	3311.4226	3268.013	3332.5613	8.542561	3364.3467	3322.8237	1000.0	1000.0	594999	295.12866	51.18203	295.1289	51.1813	2.9974685	-295.5676	6.0380116	0.037086125	9.468435e-05	6028.4422907829285
120	3277.7227	29.255394	3322.2046	3242.7026	3268.858	2.1893444	3273.0095	3263.3276	1000.0	1000.0	599999	295.66425	51.286488	295.66425	51.286552	3.0016062	-296.08868	6.1934557	0.03640819	-5.5166398e-05	6079.8879137039185
121	3299.0977	8.342215	3306.8835	3283.4543	3313.798	3.3484051	3321.9238	3308.5752	1000.0	1000.0	604999	296.2538	51.27173	296.2537	51.272053	2.9974334	-296.6928	6.113345	0.036940083	9.6557385e-05	6131.322452545166
122	3278.4604	7.361495	3289.514	3266.5437	3273.588	2.7317262	3277.2783	3267.8389	1000.0	1000.0	609999	296.63815	51.272762	296.6382	51.27107	2.9953845	-297.05026	5.891534	0.035681136	0.00016525097	6182.922557115555
123	3295.2175	10.356678	3305.2766	3277.0386	3300.0515	2.5359125	3306.796	3296.6758	1000.0	1000.0	614999	296.81305	51.09666	296.81274	51.096012	3.004118	-297.22955	5.815272	0.035778705	-0.00014186306	6234.472814083099
124	3276.839	13.350928	3285.8838	3250.3794	3296.382	2.0393474	3301.1072	3292.2822	1000.0	1000.0	619999	297.29507	50.840736	297.29492	50.840767	2.9963624	-297.7091	5.8856897	0.035482768	0.00013170046	6285.770955324173
125	3047.8965	548.98645	3308.2627	1820.7408	3307.4673	3.509134	3314.5537	3302.2883	921.3333	1000.0	624999	297.57632	50.73426	297.5765	50.73565	2.9995835	-297.99167	5.5681176	0.034870777	1.7060094e-05	6336.515408039093
126	3302.0298	13.841284	3317.8655	3281.624	3295.1836	2.4059548	3298.9338	3290.6475	1000.0	1000.0	629999	298.11362	50.84426	298.1136	50.843765	2.9973	-298.5286	5.4430766	0.034927305	9.5497344e-05	6387.343612909317
127	2833.8713	1008.1316	3339.6216	580.47894	3305.3547	2.1296926	3309.3225	3301.1125	868.8333	1000.0	634999	298.64325	50.46022	298.64304	50.458855	2.9987087	-299.06006	6.046671	0.03559792	4.738238e-05	6438.155170917511
128	3272.6216	10.701489	3288.7998	3259.8713	3220.7773	2.530074	3224.4216	3214.4387	1000.0	1000.0	639999	299.11987	50.07354	299.1199	50.07438	2.9940732	-299.5018	5.960577	0.033021566	0.00019870969	6488.916587352753
129	2912.8433	722.8218	3301.859	1467.8967	3312.5754	2.5036378	3316.9688	3306.782	888.0	1000.0	644999	299.07697	50.262024	299.0771	50.2627	2.9951353	-299.47504	5.472673	0.032827165	0.00015767202	6540.223188400269
130	3272.791	4.6437054	3277.133	3265.5745	3275.277	2.3383484	3279.4272	3270.9949	1000.0	1000.0	649999	299.1859	50.524757	299.18604	50.52637	3.0043738	-299.56326	5.5979834	0.031650335	-0.0001372839	6591.772475242615
131	3310.463	31.156343	3370.211	3282.8235	3264.892	4.2887425	3272.8975	3258.0288	1000.0	1000.0	654999	299.46317	50.474483	299.4629	50.47421	3.0003026	-299.84906	5.7627444	0.032758556	-6.8996133e-06	6643.389059782028
132	3167.0713	210.9542	3301.3132	2746.5674	3286.0483	1.7103812	3289.159	3282.8354	960.0	1000.0	659999	299.72046	50.512924	299.7205	50.510605	2.9991093	-300.097	5.4520454	0.032970924	3.1225838e-05	6694.99133515358
133	3284.8274	6.1406283	3294.5024	3275.606	3283.8867	2.1639018	3289.8665	3280.0933	1000.0	1000.0	664999	299.7972	50.38992	299.79706	50.391525	3.0042648	-300.16675	5.0960655	0.032459363	-0.00013766252	6746.564567089081
134	3160.2488	244.42848	3286.5916	2614.0083	3250.5425	1.9267827	3254.1204	3247.2297	960.5	1000.0	669999	300.16757	50.253807	300.16757	50.25307	2.995131	-300.53967	5.4201703	0.033366106	0.0001633268	6798.181260347366
135	3280.7551	19.943682	3314.6465	3258.3748	3307.3035	2.3526514	3311.2515	3303.5847	1000.0	1000.0	674999	300.32596	50.24892	300.32587	50.248318	2.9996805	-300.70184	5.675681	0.03143309	1.3216746e-05	6849.853735923767
136	3274.7954	7.7148523	3285.0935	3266.8123	3273.4307	2.612043	3279.5413	3269.3235	1000.0	1000.0	679999	300.64554	50.077072	300.6457	50.076828	2.9928846	-301.01953	5.3605213	0.03206116	0.00022628049	6901.482279777527
137	3279.3726	6.557067	3286.6587	3269.858	3281.0	13.293742	3304.8984	3264.155	1000.0	1000.0	684999	300.68915	50.047283	300.68896	50.048443	3.0086987	-301.0568	5.089539	0.031648345	-0.00027180265	6952.977712392807
138	3278.3848	16.256823	3292.3765	3246.8477	2965.5005	421.2176	3497.5605	2232.4016	1000.0	860.8	689999	300.9474	49.77594	300.94724	49.776295	2.9986234	-301.3195	5.333572	0.03236932	4.696446e-05	7004.436233282089
139	3287.2773	14.163152	3309.2327	3266.9216	3283.6648	2.21645	3286.8855	3280.0088	1000.0	1000.0	694999	301.26743	49.548298	301.26773	49.54579	2.99191	-301.62204	5.506513	0.03128548	0.000255733	7055.8861746788025
140	3304.7297	16.44845	3322.2683	3275.263	3313.7183	2.6323402	3317.3857	3306.8567	1000.0	1000.0	699999	301.30005	49.467327	301.30014	49.468384	3.001566	-301.66486	5.7518587	0.03156781	-4.440825e-05	7107.350348711014
141	3323.8853	20.328415	3348.0383	3296.9756	3343.3105	4.6150827	3350.7761	3336.234	1000.0	1000.0	704999	301.6474	49.2647	301.64725	49.265255	3.0031264	-302.0051	5.2596745	0.031539246	-9.449694e-05	7158.738566875458
142	3319.1633	6.711549	3323.9727	3305.9282	3343.002	2.2176108	3347.4958	3339.6252	1000.0	1000.0	709999	301.96786	49.225147	301.9677	49.225346	3.000202	-302.32425	5.1541057	0.03170323	-3.9557576e-06	7210.341276884079
143	3322.282	18.23865	3343.0447	3294.8135	3326.1887	6.9607	3338.397	3314.81	1000.0	1000.0	714999	302.16614	49.213165	302.1663	49.21283	2.9899366	-302.4949	4.872777	0.029932117	0.00030940762	7261.354605674744
144	2425.5945	1053.8972	3347.231	271.36798	2686.343	582.51575	3481.3132	1793.9304	720.7143	772.25	719999	302.51044	49.240417	302.51004	49.23909	3.0036807	-302.85632	5.5292983	0.03068617	-0.00010694825	7312.03683257103
145	3360.3354	56.824257	3470.0994	3315.3647	3368.0984	3.392646	3372.2913	3360.4531	1000.0	1000.0	724999	302.78998	49.4163	302.79004	49.414852	3.0006735	-303.12534	5.366873	0.030541137	-1.8488667e-05	7362.855912685394
146	3328.946	16.031784	3355.694	3308.7407	3328.5728	5.7079372	3337.5286	3320.7036	1000.0	1000.0	729999	303.03214	49.271976	303.0322	49.271694	3.0026119	-303.37094	5.447185	0.031176858	-7.8035264e-05	7413.677948474884
147	3320.2715	12.797132	3332.4436	3299.7012	3321.9688	3.3151708	3328.0625	3315.2131	1000.0	1000.0	734999	303.4362	48.789997	303.43613	48.788193	2.9909651	-303.77936	4.859668	0.030264651	0.00027524034	7464.387547969818
148	3328.86	9.258307	3337.019	3311.567	3371.27	1.903729	3375.3052	3367.5679	1000.0	1000.0	739999	303.53024	48.78139	303.5304	48.780178	3.001085	-303.8643	4.88036	0.030536164	-2.8544497e-05	7515.779185295105
149	3194.5415	267.06396	3345.6213	2661.239	3319.211	1.5922599	3321.3774	3314.6406	956.2	1000.0	744999	303.64505	48.906284	303.64484	48.904606	3.0005	-303.95407	4.900197	0.029367385	-1.2627149e-05	7567.38089799881
150	3329.8164	9.413576	3339.5044	3313.9207	3357.5435	7.0939093	3373.133	3345.2769	1000.0	1000.0	749999	303.85623	48.815975	303.85614	48.816444	3.0093017	-304.18954	4.8188853	0.030472668	-0.00028413732	7618.928841352463
151	3321.2532	15.479485	3343.1992	3300.453	3372.3586	3.03493	3376.9646	3366.0095	1000.0	1000.0	754999	304.1595	48.86615	304.15964	48.866806	3.0059867	-304.46716	5.253596	0.031529296	-0.0001931619	7670.459358930588
152	2988.0503	683.2758	3340.9854	1621.7769	3326.2922	5.581582	3334.8064	3315.7205	894.4	1000.0	759999	304.20844	48.86892	304.20877	48.868416	2.9829292	-304.5137	5.321143	0.030650724	0.0005374794	7722.025996923447
153	3333.3113	15.776043	3360.6013	3317.3152	3314.5488	1.7410543	3320.0159	3312.2244	1000.0	1000.0	764999	304.2531	48.95045	304.25305	48.947807	3.001447	-304.56204	5.044275	0.029870166	-4.0296734e-05	7773.766495227814
154	3339.977	10.684077	3356.0547	3324.1792	3343.1362	2.6573966	3350.8357	3339.8528	1000.0	1000.0	769999	304.2741	48.86703	304.27438	48.865417	3.006309	-304.56985	4.924394	0.030401608	-0.00019035987	7825.370551109314
155	2942.6853	558.2233	3346.6084	2111.8774	3359.7778	6.0978894	3367.3977	3347.7534	877.6667	1000.0	774999	304.56122	48.769596	304.56104	48.76834	2.9969692	-304.8727	5.3508887	0.030503472	9.596163e-05	7876.883183479309
156	2899.3604	545.3183	3373.9563	1831.3213	3359.9329	5.8693933	3376.4065	3347.7544	855.3333	1000.0	779999	304.78653	48.731323	304.78674	48.730774	2.9970188	-305.1034	5.3776913	0.030600594	9.234361e-05	7928.265518188477
157	3256.5347	185.83711	3368.6624	2885.8684	3345.2012	10.901787	3372.7441	3326.922	965.0	1000.0	784999	305.10742	48.489628	305.10748	48.489777	2.9977796	-305.4031	4.930586	0.029580386	6.78367e-05	7979.788946390152
158	3350.9094	13.195281	3362.9622	3330.955	2782.0034	597.8443	3503.4385	1769.5613	996.8	802.15	789999	305.37534	48.70756	305.3754	48.708218	2.9976735	-305.6726	5.052824	0.02977825	6.969359e-05	8031.378183841705
159	3030.8699	487.10693	3374.389	2152.902	3371.054	5.80435	3379.1895	3359.3484	895.8333	1000.0	794999	305.5058	48.86616	305.5058	48.86724	3.0114257	-305.80994	4.904875	0.029957807	-0.00034391735	8083.00146985054
160	3072.5325	386.85336	3371.5366	2383.8918	2281.183	574.31903	3440.2957	1797.1969	905.8	656.25	799999	305.7722	48.645042	305.77194	48.644726	2.991673	-306.0579	4.731113	0.03136645	0.00025877272	8134.545958280563
161	3357.9832	11.047752	3372.0496	3342.6404	3361.8945	2.1962497	3366.2026	3357.3293	1000.0	1000.0	804999	305.76483	48.672565	305.7649	48.670456	3.0018744	-306.0546	4.9653244	0.030723376	-5.3952717e-05	8186.042915582657
162	3170.9675	418.82657	3368.578	2234.5603	3376.36	2.9492803	3384.4841	3372.169	941.3333	1000.0	809999	305.97977	48.481712	305.97974	48.481983	3.002515	-306.2588	4.9002104	0.03070774	-7.4893884e-05	8236.882279872894
163	3350.3062	10.532765	3360.1428	3330.5476	3357.6099	2.7738314	3363.3152	3352.5479	1000.0	1000.0	814999	306.15033	48.196968	306.1503	48.19609	2.9917324	-306.4323	5.0181913	0.030768005	0.0002500706	8287.642563581467
164	3360.0347	3.7402906	3363.9424	3353.8345	3344.6438	4.5378265	3350.9773	3335.515	1000.0	1000.0	819999	306.3502	48.29626	306.35007	48.29625	3.0066583	-306.63626	4.9654913	0.03000725	-0.0001963968	8338.513837575912
165	3351.8633	12.140863	3371.4343	3334.0474	3387.7	4.1891026	3392.9773	3371.8323	1000.0	1000.0	824999	306.56796	48.01495	306.5681	48.013252	2.9986608	-306.8545	4.7378044	0.030389953	4.2621123e-05	8389.215409755707
166	3366.45	9.154357	3376.805	3351.046	3361.6206	1.0680872	3363.58	3359.451	1000.0	1000.0	829999	306.78403	47.829315	306.7841	47.83021	2.999435	-307.0609	4.331369	0.030046813	1.8958684e-05	8440.345090866089
167	3361.4312	3.7512703	3365.6711	3356.341	3349.5012	7.216034	3359.384	3335.5923	1000.0	1000.0	834999	306.9415	47.851547	306.9415	47.85014	2.999834	-307.21964	4.7354527	0.030366968	6.748766e-06	8491.838145256042
168	3348.6636	9.960542	3359.5896	3332.5833	3369.2593	3.9208107	3375.63	3360.69	1000.0	1000.0	839999	307.3289	47.633457	307.32922	47.63287	2.995501	-307.61264	4.546092	0.03053208	0.00013519934	8543.319227933884
169	3369.075	3.28245	3372.3823	3363.0525	3382.877	5.1224465	3392.5625	3373.1814	1000.0	1000.0	844999	307.58072	47.32632	307.5808	47.327724	2.9999025	-307.85895	4.4387913	0.028797887	4.951644e-06	8594.82250404358
170	3369.9448	8.351413	3380.8555	3360.729	3380.9583	4.2108083	3386.516	3369.6082	1000.0	1000.0	849999	307.9026	47.48418	307.90283	47.48135	2.9945736	-308.1724	4.5382104	0.028446699	0.00015670035	8646.20761680603
171	3176.7605	391.42392	3395.9087	2394.7954	3386.019	4.514699	3395.9822	3375.2185	935.8	1000.0	854999	308.17276	47.603447	308.17276	47.6032	3.0079305	-308.45547	4.6360126	0.028648324	-0.00022597681	8697.724935770035
172	2974.6882	665.02856	3381.3455	1572.5657	3362.7898	1.3017685	3365.2698	3360.2747	873.6667	1000.0	859999	308.4573	47.53764	308.45737	47.53897	3.0014505	-308.7359	4.4831834	0.030342486	-4.0984392e-05	8749.30131649971
173	3345.399	202.01282	3469.9153	2942.5063	3397.439	3.6776373	3403.9895	3390.6318	966.4	1000.0	864999	308.6963	47.424084	308.6963	47.423107	2.9979587	-308.97644	4.81892	0.030094022	6.3526975e-05	8800.884644031525
174	2850.0264	755.768	3396.4265	1686.9128	2103.1594	550.1598	3426.2166	1620.6367	838.3333	599.3	869999	308.9341	47.24308	308.93393	47.24471	3.0035386	-309.19965	4.5058885	0.029791996	-0.00010469946	8852.393637418747
175	3057.0085	606.517	3378.019	1844.1375	3373.3098	7.432473	3385.0627	3363.616	903.6	1000.0	874999	308.9557	47.44569	308.9558	47.44338	2.996877	-309.2273	4.777617	0.03011682	9.639751e-05	8903.988367557526
176	2513.5254	774.4545	3379.9834	1637.078	3378.062	3.1926243	3384.736	3373.55	733.0	1000.0	879999	309.1216	47.310074	309.12167	47.309628	3.0047646	-309.38434	4.443082	0.030091552	-0.00014248473	8954.082406520844
177	3215.0803	394.95053	3447.8523	2427.5	3390.1335	3.4036474	3396.1208	3385.2075	938.4	1000.0	884999	309.30524	47.278843	309.3054	47.277103	2.9958498	-309.5799	4.367048	0.03026838	0.00012884752	9006.052946567535
178	2864.819	433.98175	3447.0889	2250.1514	3405.8003	2.2108433	3409.609	3400.871	827.0	1000.0	889999	309.5752	47.258038	309.5752	47.259327	3.0025637	-309.82965	4.5201426	0.03062435	-7.528009e-05	9057.534826040268
179	3369.9324	12.230657	3383.3374	3353.153	3383.65	1.4370357	3386.3455	3379.762	1000.0	1000.0	894999	309.50198	47.49516	309.50223	47.494278	3.000207	-309.7532	4.3518014	0.031212268	-4.1227936e-06	9108.424185991287
180	3373.5156	10.312354	3391.5068	3363.0276	3356.0598	1.3165911	3358.8066	3353.5547	1000.0	1000.0	899999	309.60645	47.339817	309.60626	47.33929	3.0000405	-309.8463	4.2638445	0.030828876	9.399444e-07	9159.212346553802
181	3386.5183	27.648468	3432.3389	3353.1074	3374.0051	6.623233	3389.242	3360.7126	1000.0	1000.0	904999	309.7004	47.56063	309.70047	47.56084	3.0030487	-309.95026	4.562306	0.030629018	-9.274268e-05	9209.828805208206
182	2943.7476	655.59216	3396.1511	1688.0109	3363.1914	8.267585	3374.2673	3348.4495	861.2	1000.0	909999	309.82965	47.476566	309.82968	47.47515	3.0044982	-310.07217	4.8106537	0.03180802	-0.00014211333	9260.628016233444
183	2948.4358	615.62024	3383.0608	1788.869	3371.487	62.68532	3408.7722	3138.8787	869.1667	990.9	914999	309.99164	47.56439	309.99164	47.562965	2.9972522	-310.24274	5.316508	0.0320474	9.1369606e-05	9311.530235290527
184	3110.5266	568.09515	3380.7961	1840.5201	3376.2148	12.09836	3395.8254	3355.665	921.0	1000.0	919999	310.22003	47.3204	310.2199	47.319927	3.0000405	-310.4589	4.40478	0.03161991	7.413507e-07	9362.637688875198
185	3361.2852	4.326396	3366.9023	3353.5085	3333.1304	1.2861958	3335.2952	3330.1567	1000.0	1000.0	924999	310.37106	47.348637	310.37115	47.346897	2.9974258	-310.61	4.4484563	0.032001108	8.4144995e-05	9413.923996925354
186	3321.1245	62.10909	3363.722	3199.956	3387.9368	1.9255573	3392.983	3384.73	984.8	1000.0	929999	310.39304	47.51934	310.39313	47.517235	3.0080273	-310.6356	4.746393	0.032174695	-0.00025932986	9465.18335366249
187	3189.7188	369.3795	3382.2185	2451.18	3374.6523	3.2768512	3382.3674	3366.1267	943.2	1000.0	934999	310.59338	47.220867	310.59326	47.22202	2.9868867	-310.82883	4.5649633	0.03159849	0.00042217158	9516.473108291626
188	3380.2222	17.889624	3406.1917	3354.2656	3398.0554	2.762932	3402.656	3392.8137	993.4	1000.0	939999	310.50314	47.476494	310.50327	47.4764	3.0028257	-310.7296	4.3189774	0.031878863	-8.443049e-05	9567.892827272415
189	3309.8914	195.70535	3488.7002	2928.937	3390.724	5.9409757	3399.7366	3377.4048	969.2	1000.0	944999	310.54437	47.47744	310.54437	47.47741	2.9960709	-310.7761	4.0376077	0.030549383	0.00012264404	9619.268301010132
190	3400.341	29.789537	3455.1062	3370.5361	3380.7036	1.7444388	3384.8481	3377.852	1000.0	1000.0	949999	311.0136	47.22205	311.01352	47.221924	2.9969952	-311.2569	4.5257335	0.03056151	9.242852e-05	9670.452383518219
191	3283.2212	170.06145	3382.6738	2943.7493	3365.3157	3.4926436	3370.5908	3357.1755	969.8	1000.0	954999	311.30896	46.962627	311.3092	46.960285	3.0104964	-311.54865	4.3017235	0.030488653	-0.00032162823	9721.57243013382
192	3361.9946	4.0723305	3368.0583	3357.1987	3385.651	6.74165	3399.0808	3375.9917	1000.0	1000.0	959999	311.55347	46.944	311.55362	46.942513	2.9935222	-311.7784	4.822061	0.03146676	0.00020570755	9772.772411108017
193	3172.614	413.1057	3373.6863	2249.3962	3216.9702	444.81787	3403.806	1749.0154	942.3333	954.65	964999	311.68494	47.00455	311.6849	47.003494	3.005226	-311.9264	4.1545906	0.031181306	-0.00016070285	9823.790591955185
194	3370.6953	16.965939	3394.6238	3344.424	3391.0073	4.48632	3396.2957	3381.8357	1000.0	1000.0	969999	311.91577	46.9253	311.9157	46.923588	2.9935038	-312.1442	4.615706	0.030554792	0.0002040655	9874.99310183525
195	3347.3484	33.375214	3373.4846	3281.7998	3379.2415	2.4555109	3383.4365	3372.4453	988.4	1000.0	974999	311.99942	47.21423	311.99942	47.214012	3.0005047	-312.23096	4.3665104	0.031064468	-1.285541e-05	9926.065499544144
196	3368.2727	15.990213	3386.2456	3343.5693	3378.226	1.9325516	3382.2808	3375.225	1000.0	1000.0	979999	312.3029	47.038643	312.30304	47.03514	3.0028212	-312.5341	4.6093283	0.030913264	-8.5024934e-05	9977.255326509476
197	3392.2505	35.74338	3439.4148	3341.8047	2012.4459	755.4741	3429.0613	1404.3035	1000.0	589.4	984999	312.3814	47.00268	312.3813	47.0029	2.9998136	-312.61087	3.9045422	0.031509317	7.691735e-06	10028.305447101593
198	2973.2036	705.817	3363.267	1564.6594	3363.5618	1.573109	3366.9983	3360.82	873.8	1000.0	989999	312.72272	46.894726	312.72293	46.89401	3.0001552	-312.94235	4.418537	0.031134857	-2.6791274e-06	10079.675440788269
199	3349.1692	11.989562	3364.0986	3337.7654	3365.825	1.8594756	3371.3892	3363.0627	1000.0	1000.0	994999	312.85123	46.80347	312.85107	46.801453	3.0013466	-313.0745	4.2895327	0.031049622	-3.956753e-05	10131.144619941711
200	3198.472	305.96805	3362.6262	2518.936	3370.3716	1.3612204	3371.9456	3367.5544	945.3333	1000.0	999999	312.72272	47.153225	312.72272	47.152893	2.997459	-312.9342	4.2752056	0.03030736	8.141119e-05	10182.504676818848
