Epoch	AverageEpRet	StdEpRet	MaxEpRet	MinEpRet	AverageTestEpRet	StdTestEpRet	MaxTestEpRet	MinTestEpRet	EpLen	TestEpLen	TotalEnvInteracts	AverageQ1Vals	StdQ1Vals	AverageQ2Vals	StdQ2Vals	LogPi	LossPi	LossQ	Alpha	LossAlpha	Time
1	16.754074	3.5043411	31.803202	10.787355	50.13827	5.7920756	59.566154	38.086624	14.324713	44.35	4999	12.504585	7.615394	12.505131	7.6144447	-2.12372	-13.66114	0.24133484	0.12831955	1.0627943	33.612396240234375
2	16.79708	3.4580412	31.073076	10.702331	49.514015	16.148151	78.21897	22.101408	14.155367	53.05	9999	28.47369	11.917708	28.473944	11.914082	1.5305492	-30.758734	0.5917545	0.051673964	0.25102553	73.09086990356445
3	65.80314	85.376	697.52264	16.51235	78.677505	27.58293	121.53346	30.755621	70.1831	78.75	14999	41.595863	15.375368	41.596092	15.374502	4.6128893	-44.338764	1.5709974	0.023394693	0.036008697	114.6990225315094
4	80.58839	28.309093	160.68732	20.28702	93.71852	26.123281	162.09435	34.613983	80.33871	93.15	19999	47.453377	17.264559	47.45371	17.260649	6.0299954	-49.821526	1.3723127	0.018096454	-0.00056921557	157.03381633758545
5	78.910736	37.25963	149.81657	16.7132	75.88529	34.74767	127.7715	27.22556	83.21667	77.9	24999	50.416626	19.141933	50.416874	19.143476	6.007146	-52.469658	1.1971494	0.018601371	-0.00014268914	198.7223789691925
6	76.88034	97.52459	735.86456	10.939718	73.37629	29.604164	130.61731	29.930431	94.84906	84.2	29999	52.23504	19.984505	52.235313	19.98679	6.02371	-54.119938	1.6626289	0.02278868	-0.00050519744	240.91406631469727
7	118.48417	125.049286	813.6682	23.830313	106.2573	51.79583	272.77203	43.982082	140.31429	116.35	34999	53.953663	20.483135	53.953537	20.484001	5.9482846	-55.659542	1.7417097	0.020324768	0.0010685174	286.59173345565796
8	131.38602	116.90304	743.9428	38.939426	191.22847	179.84499	705.5531	22.103281	143.4	234.95	39999	55.34559	21.264032	55.345364	21.26365	6.068023	-56.921024	1.7517	0.020879759	-0.0014168564	341.1211647987366
9	151.13496	141.5605	791.37885	41.827625	275.69244	306.14627	806.7961	24.281075	168.96666	323.2	44999	56.31667	21.545229	56.316505	21.543472	5.8958077	-57.70385	1.7098769	0.01814607	0.002080173	395.81365489959717
10	173.46423	194.03268	779.499	45.274193	441.48984	333.232	792.77295	38.93089	218.04347	594.2	49999	56.928593	21.9086	56.92855	21.906431	6.049675	-58.23478	2.0742118	0.01820553	-0.00092785264	450.96628999710083
11	355.81625	321.29578	785.92175	40.156235	551.14874	289.97598	795.4935	18.843454	481.2	776.05	54999	59.657726	21.58413	59.657444	21.583544	6.0119085	-60.975163	1.9380513	0.021888155	-0.00024779313	506.02791810035706
12	291.80984	285.74808	788.38763	38.601994	119.93032	53.04044	222.79459	25.343826	353.07693	137.85	59999	62.200764	21.090637	62.20063	21.090208	5.9804525	-63.44415	1.7152464	0.021378243	0.0004127853	549.6938211917877
13	124.985825	120.31652	750.4813	30.554811	338.22382	290.97748	791.8228	46.106976	147.08824	423.9	64999	62.82566	21.31727	62.825695	21.316528	5.9893575	-63.923508	1.6811074	0.019045038	0.00021333773	604.394858121872
14	155.02632	97.60096	561.82837	41.19596	621.4847	305.48837	858.1252	55.01921	180.54839	728.8	69999	61.898506	22.263617	61.89831	22.263227	6.001423	-62.93707	2.0541866	0.019400233	-2.4213303e-05	658.9988043308258
15	212.20306	208.05484	799.73584	30.368633	565.1019	299.32257	898.3973	51.537155	274.11765	694.45	74999	61.67015	22.93931	61.669964	22.939499	5.990991	-62.69501	2.2255259	0.019374192	0.00017730895	713.9873583316803
16	352.40247	248.83966	755.4633	32.53274	610.7408	391.57687	903.4598	23.169786	411.9091	699.9	79999	62.814632	23.01051	62.81437	23.010096	6.0006213	-63.82463	2.1051128	0.018819112	-7.782006e-06	768.6827661991119
17	390.41013	315.1507	945.0279	73.73834	609.7821	364.21292	1004.4579	45.876705	460.0	642.9	84999	63.9233	23.059786	63.923206	23.059696	5.988254	-64.891266	2.269159	0.018711323	0.00021972595	823.2776598930359
18	382.27835	310.75113	962.89453	83.670555	501.3108	409.1695	1002.9823	96.06359	411.36365	522.05	89999	65.60669	22.688301	65.60663	22.6876	5.987742	-66.55113	1.8668295	0.017337784	0.00021626988	877.8299324512482
19	529.3739	301.3368	970.80005	196.50298	724.0238	375.4247	1004.6524	50.419594	639.1111	752.25	94999	67.046234	22.905367	67.046165	22.905178	6.001717	-67.95485	1.7821586	0.016998552	-2.6197427e-05	932.4907703399658
20	415.82013	372.57343	965.7823	29.424337	531.5046	344.79172	997.44403	47.93295	474.7	631.7	99999	67.899216	23.458992	67.899155	23.459055	6.0011883	-68.77518	2.0298629	0.01716108	-1.7783355e-05	986.8675267696381
21	621.40393	378.63663	968.72833	114.94404	868.21765	230.37875	1000.25824	192.01831	656.7143	932.65	104999	69.294556	23.392942	69.29444	23.392233	5.9864836	-70.150116	1.9650543	0.016498638	0.00022800165	1041.4274492263794
22	778.71747	306.25806	970.78723	103.4893	698.2008	373.35	1004.5766	111.72606	863.5	747.35	109999	70.784004	23.17892	70.78392	23.177683	6.0048757	-71.62625	1.7175652	0.016330326	-7.6905926e-05	1096.038253545761
23	587.5088	301.08545	959.3995	112.87936	959.8001	182.66554	1005.7136	163.87288	749.4286	957.8	114999	72.34218	22.923307	72.34228	22.922098	6.001146	-73.15817	1.6702317	0.016487742	-1.6400292e-05	1150.722711801529
24	561.7228	356.0499	968.14655	123.56576	501.33585	435.35593	1002.1915	38.256622	617.375	545.4	119999	73.716255	22.719198	73.71632	22.717783	5.9866138	-74.52919	1.700609	0.016719231	0.000218962	1205.1910412311554
25	708.1735	209.30862	925.368	268.1864	868.1283	234.52983	1004.0914	183.91692	875.3333	926.7	124999	75.118546	22.49978	75.118416	22.498922	5.9661207	-75.91036	1.6353153	0.01455596	0.0004947532	1259.7300109863281
26	739.4993	288.49542	973.17236	333.29532	943.56384	180.57838	1000.9992	178.14856	779.3333	958.7	129999	75.99428	22.198072	75.9943	22.197145	5.993611	-76.744286	1.5596365	0.0129956985	8.655283e-05	1314.2113344669342
27	916.9584	42.401127	963.79926	838.01685	961.36053	148.3223	1006.5334	318.43127	1000.0	969.55	134999	77.078384	22.03171	77.07833	22.03098	6.0094204	-77.84139	1.441925	0.013312218	-0.00012403878	1369.0526142120361
28	713.1096	306.03503	966.3178	112.610435	665.0589	201.91968	1005.1295	173.71265	816.1667	924.5	139999	78.27411	21.785385	78.27403	21.78511	5.9909296	-79.019646	1.433461	0.013438665	0.00012475092	1424.0757551193237
29	439.73816	280.00214	792.15607	154.37892	526.48474	333.70596	894.9736	118.90463	556.6667	619.9	144999	79.840866	21.196835	79.840866	21.196274	6.0281844	-80.60221	1.4228767	0.015030455	-0.00038897013	1478.8554940223694
30	760.9544	212.66109	967.83417	304.1523	904.3996	126.62593	1000.3991	466.40567	898.5	973.55	149999	80.860245	21.333572	80.86026	21.334345	5.975313	-81.57024	1.2856667	0.013880736	0.00035768346	1533.5263178348541
31	785.698	341.33865	978.05206	105.03349	834.5054	284.2996	1002.7089	45.585464	820.4	861.2	154999	81.32073	21.279959	81.320885	21.2801	5.9940987	-82.00562	1.2539724	0.0134867765	8.172448e-05	1588.0762968063354
32	844.6027	257.3749	978.4606	270.15332	982.4658	40.35262	1006.6888	858.1479	893.8333	1000.0	159999	81.65162	21.222754	81.65157	21.222383	5.9787045	-82.310425	1.2525887	0.012380322	0.0002711473	1642.948353767395
33	970.93475	4.6181216	975.1207	962.3761	972.12726	109.382996	1002.8887	495.77188	1000.0	974.6	164999	82.03095	20.945473	82.03094	20.94639	6.0014787	-82.682175	1.1707264	0.01208885	-1.6091522e-05	1697.9194903373718
34	718.01654	304.0787	968.2302	151.04459	829.7002	282.20242	1002.19196	249.60103	758.0	857.25	169999	82.540504	20.631386	82.54051	20.63173	5.9870095	-83.17127	1.1103944	0.011412596	0.00015413144	1752.7250111103058
35	733.3149	252.44019	975.99066	278.82877	960.6556	130.81013	1005.5439	394.69272	776.8333	971.65	174999	82.93029	20.407557	82.93026	20.40802	6.0037603	-83.53446	1.110069	0.011365377	-4.1772008e-05	1807.5744729042053
36	830.5577	231.53178	967.9163	316.88757	681.6587	357.2326	1006.5143	188.44353	887.3333	677.85	179999	83.2571	19.984272	83.2572	19.984118	5.997233	-83.84716	1.1048994	0.011325357	3.306665e-05	1862.4552533626556
37	568.1754	376.37653	978.7348	80.79223	828.5324	295.2091	1004.23486	231.7975	611.625	836.65	184999	83.2988	19.86171	83.298965	19.861942	6.0034313	-83.855934	1.0778363	0.011244939	-3.7942755e-05	1917.0485696792603
38	906.71173	106.202	979.65717	700.8988	781.13696	313.86453	1004.20886	94.006676	942.4	831.95	189999	83.22423	19.668016	83.224205	19.668644	5.978984	-83.77625	1.0272706	0.010929958	0.0002333287	1971.7309198379517
39	802.82733	236.73654	973.55	296.026	997.6968	13.140114	1004.78345	941.593	906.1667	1000.0	194999	83.46956	19.409845	83.46961	19.410524	6.003691	-84.0091	0.95700306	0.010398588	-3.758599e-05	2026.54301071167
40	839.6751	199.85435	975.2036	456.0129	995.6121	12.889469	1000.4621	940.1828	898.4	1000.0	199999	83.831985	19.233313	83.83199	19.234324	5.983114	-84.36827	1.0108398	0.010431128	0.00017406758	2081.253561258316
41	785.2461	312.696	975.6187	128.79477	991.2433	32.720814	1000.79315	848.8037	817.0	1000.0	204999	84.21871	19.042194	84.2187	19.04251	6.0075307	-84.739334	1.0128624	0.010335014	-7.361038e-05	2136.175046682358
42	971.96814	3.2527673	975.4199	965.96875	965.3215	161.79791	1004.75244	260.08896	1000.0	964.3	209999	84.73505	19.003368	84.73503	19.003468	5.9979663	-85.25949	0.9146383	0.010228192	2.2181619e-05	2191.069252729416
43	848.4325	247.50456	976.7453	353.4597	979.6481	21.486813	993.95416	914.89185	876.0	1000.0	214999	85.44713	18.76615	85.44707	18.767235	5.9869437	-85.965614	0.9413463	0.0098327	0.00012946271	2245.7280576229095
44	884.2026	107.06317	973.8901	733.5443	947.6447	155.19626	1000.2584	288.43744	922.3333	967.8	219999	85.83058	18.711843	85.83062	18.71238	6.0093603	-86.32924	0.8447375	0.009648815	-8.9312496e-05	2300.5587096214294
45	960.38995	12.716862	973.8628	943.7558	997.916	11.20105	1004.8654	964.92944	1000.0	1000.0	224999	85.971596	18.666727	85.971596	18.667137	5.9780736	-86.45824	0.865244	0.009458792	0.00020849376	2355.472282886505
46	815.58	314.9559	974.4149	113.98209	996.8058	2.9527133	1000.4341	991.4979	850.0	1000.0	229999	86.42789	18.426746	86.42793	18.427048	6.0097194	-86.91171	0.8739364	0.009071924	-8.696952e-05	2410.327469587326
47	965.4499	15.370126	976.36395	935.21124	978.15985	69.253136	1001.83527	681.4399	1000.0	1000.0	234999	86.738396	18.238966	86.73835	18.239794	5.9741287	-87.20998	0.83855623	0.00876616	0.00022956119	2465.1505405902863
48	723.4266	347.0077	976.69183	116.21434	990.2826	46.665203	1006.0569	787.3913	753.0	1000.0	239999	87.07994	18.005713	87.07988	18.005793	6.000689	-87.55066	0.82953405	0.008462235	-3.8991034e-06	2520.0517086982727
49	936.8688	75.68171	977.49695	785.598	993.5386	30.139816	1007.0241	870.68146	1000.0	1000.0	244999	87.25631	17.943539	87.2564	17.94351	5.995614	-87.70349	0.82265383	0.008484637	3.7692644e-05	2574.936466693878
50	976.42004	2.6311657	980.10175	972.1325	870.1217	309.0763	1005.02386	110.7675	1000.0	879.15	249999	87.26535	17.860373	87.26526	17.860645	6.0022025	-87.70629	0.753857	0.00827066	-1.6440963e-05	2629.7463643550873
51	970.0633	4.181763	976.7412	966.18097	999.1243	3.9088957	1005.40564	992.4878	1000.0	1000.0	254999	87.302216	17.757189	87.30222	17.757402	6.002446	-87.73339	0.76818633	0.008476358	-1.8727731e-05	2684.698492527008
52	893.3693	166.28175	981.8339	560.8845	1001.0041	5.1225157	1008.3399	990.4408	925.8	1000.0	259999	87.461044	17.570566	87.46113	17.570261	5.9923706	-87.88393	0.77092576	0.008335479	6.420223e-05	2739.5501067638397
53	939.5331	71.52192	983.56995	796.80426	1003.241	1.6879952	1006.29987	1000.234	1000.0	1000.0	264999	87.69681	17.336576	87.69676	17.337498	6.002748	-88.112885	0.69859016	0.008082559	-2.0460004e-05	2794.531393289566
54	883.0738	182.14742	982.3527	478.5692	1001.52185	2.555234	1004.8879	995.4717	915.8333	1000.0	269999	87.81304	17.164495	87.81302	17.164532	5.998313	-88.219925	0.67867684	0.008065779	1.4956692e-05	2849.396970510483
55	922.96106	78.78574	976.8173	771.5854	1000.7233	3.9316382	1006.5295	993.34546	1000.0	1000.0	274999	87.85825	17.063835	87.858315	17.064077	5.995642	-88.250015	0.69377726	0.007639914	3.5867644e-05	2904.110550880432
56	955.4435	46.529053	983.2762	862.53815	1002.7087	2.560186	1006.3416	998.68555	1000.0	1000.0	279999	87.797295	17.161247	87.79731	17.161465	5.9921503	-88.18785	0.70312744	0.007648058	6.263559e-05	2958.9649481773376
57	960.39386	30.50438	976.9936	899.4295	996.4118	22.691475	1007.0805	900.8972	1000.0	1000.0	284999	88.0938	16.914637	88.093895	16.914444	5.9934444	-88.491165	0.67290384	0.0073657846	5.047692e-05	3013.8480172157288
58	935.1924	45.116592	980.58954	858.05524	999.9912	2.8585522	1004.3443	992.34564	1000.0	1000.0	289999	88.38179	16.643074	88.38176	16.642855	6.0145836	-88.77199	0.69545037	0.007485005	-0.0001099813	3068.5749340057373
59	915.1278	42.84961	970.81775	853.76294	999.5399	4.0142236	1006.65796	991.64124	1000.0	1000.0	294999	88.62131	16.280094	88.621315	16.280079	5.999061	-89.008156	0.6809494	0.007982993	8.731798e-06	3123.403204202652
60	713.46466	232.30966	985.7118	343.7495	996.2775	19.850025	1009.26917	919.4025	811.5	1000.0	299999	88.7516	16.069109	88.75166	16.068634	5.9972277	-89.13106	0.6315932	0.007814104	2.300236e-05	3178.224977493286
61	654.26465	269.18884	990.7388	234.13223	953.97217	105.3987	1005.0472	535.9901	690.125	978.25	304999	88.693886	16.227262	88.69395	16.226936	5.9972663	-89.050514	0.5979663	0.007565489	2.2692513e-05	3233.162650346756
62	842.71326	217.15385	979.0835	415.7799	987.7626	25.10223	1003.27356	910.97144	889.0	1000.0	309999	88.39015	16.593695	88.39012	16.593369	5.9912767	-88.749985	0.640603	0.007533617	6.7321525e-05	3287.924477338791
63	853.5137	245.919	977.964	305.84576	927.74426	95.72328	1004.37476	780.4219	884.3333	1000.0	314999	88.43862	16.446268	88.43862	16.446161	5.994295	-88.7909	0.62397724	0.007483741	4.2573614e-05	3342.7565920352936
64	772.2021	293.20102	978.6096	161.33012	999.8613	3.4030502	1008.4807	994.28577	832.6667	1000.0	319999	88.49013	16.324448	88.49014	16.324394	5.9994755	-88.840324	0.5803148	0.007265661	4.9893974e-06	3397.6390676498413
65	973.25555	6.0046945	979.1218	962.4918	964.4217	143.44905	1006.0004	339.394	1000.0	968.35	324999	88.587006	16.089409	88.58708	16.089195	5.988563	-88.9319	0.5680098	0.0069179535	8.055288e-05	3452.5352113246918
66	964.4127	22.472197	985.5201	928.28705	557.44745	364.6824	1006.28015	147.94844	1000.0	558.35	329999	88.69955	16.070063	88.69956	16.070286	6.000762	-89.03844	0.5641609	0.0067403335	-4.0308846e-06	3507.4995284080505
67	837.49756	201.42557	977.7111	445.57834	953.8049	188.81123	1004.924	130.93567	873.8	956.3	334999	88.68286	16.08846	88.68292	16.088394	6.007488	-89.01235	0.5721429	0.006942914	-5.0258575e-05	3562.4044597148895
68	947.78174	22.708406	967.51794	905.18835	978.3705	40.475353	1008.1104	897.8444	1000.0	1000.0	339999	88.8038	15.883867	88.803795	15.883572	5.9911456	-89.130745	0.51552314	0.006828357	6.2351486e-05	3617.3177506923676
69	806.74994	300.94943	973.612	140.71957	1002.3165	3.3316991	1007.0769	989.89233	858.0	1000.0	344999	88.930374	15.826348	88.93036	15.826589	6.012643	-89.254684	0.56002426	0.006908087	-8.577106e-05	3672.1992807388306
70	949.21893	64.04528	986.27246	821.448	961.2062	48.7878	1007.6476	876.96423	1000.0	1000.0	349999	89.11559	15.69862	89.11564	15.698249	5.990612	-89.441124	0.53013545	0.0069155456	6.6998306e-05	3726.949865579605
71	876.7185	151.6961	988.42	608.02106	976.1981	101.99265	1006.2821	531.9562	897.0	976.4	354999	89.32147	15.491455	89.321526	15.4914465	5.9985743	-89.63949	0.5551025	0.006679265	1.1056459e-05	3781.611978292465
72	772.00714	189.56007	984.9624	459.88406	951.355	206.01303	1006.2299	54.621223	785.0	955.05	359999	89.43572	15.333846	89.43564	15.334029	5.9941792	-89.75413	0.5662413	0.0068978593	4.0229046e-05	3836.3617169857025
73	653.76855	274.283	980.67334	271.02502	1000.66174	4.3049717	1008.08673	987.60864	681.375	1000.0	364999	89.45828	15.225182	89.458305	15.226098	6.005685	-89.76519	0.5645908	0.0068808794	-3.6432095e-05	3891.0111622810364
74	960.27637	22.002533	980.3492	925.6048	1000.1366	4.1254406	1007.86224	992.3114	1000.0	1000.0	369999	89.42096	15.252147	89.42103	15.252344	6.017754	-89.73349	0.5498505	0.0070023467	-0.00012390083	3945.79660987854
75	956.27405	13.132541	969.60815	932.28784	972.8973	81.90933	1006.8695	639.5327	1000.0	982.75	374999	89.57851	15.09156	89.57856	15.091471	5.995695	-89.88008	0.57461154	0.0072854874	3.331808e-05	4000.768064022064
76	974.8341	8.509132	987.7412	962.34174	1002.4872	2.5786195	1006.4295	997.5613	1000.0	1000.0	379999	89.608505	14.93258	89.6085	14.933061	6.0012035	-89.90499	0.55319256	0.0072311005	-7.003793e-06	4055.66468167305
77	796.0147	284.58304	980.37415	218.75983	972.2079	49.01987	1007.82996	873.2701	816.8333	1000.0	384999	89.63353	14.767408	89.63358	14.767226	5.9928303	-89.92834	0.52902454	0.007135971	5.306058e-05	4110.576638221741
78	949.76355	57.14676	990.20276	836.85815	956.29346	110.79189	1006.63916	491.82303	975.8	976.9	389999	89.714066	14.781944	89.71411	14.781519	6.014256	-90.00415	0.5367691	0.007273213	-0.000102292404	4165.353295326233
79	970.6124	22.500385	990.1986	929.22473	1003.03046	4.613418	1007.8854	990.58026	1000.0	1000.0	394999	89.84445	14.699899	89.8444	14.700217	5.986108	-90.131836	0.50836587	0.007500006	0.00010316968	4220.330941200256
80	934.19226	41.903812	978.69824	873.73267	1002.2438	5.8324795	1007.04083	980.95197	983.2	1000.0	399999	89.96562	14.720873	89.965576	14.721296	6.0058827	-90.25668	0.52229834	0.0071019423	-4.1058283e-05	4275.250574350357
81	905.8654	148.84044	990.0367	608.3589	932.8242	202.00078	1009.71625	77.11497	927.2	954.8	404999	90.10133	14.73703	90.101395	14.736979	6.008592	-90.38364	0.51007015	0.007096379	-6.237441e-05	4330.06125497818
82	968.63446	22.217836	988.368	926.662	976.61847	80.80442	1007.7037	639.5989	995.6	1000.0	409999	90.214134	14.662677	90.214165	14.662129	5.986522	-90.49597	0.51794225	0.0072091203	0.00010115948	4384.926176071167
83	965.34607	35.10453	989.5177	895.4848	918.8376	76.25201	1007.0763	818.27655	1000.0	994.25	414999	90.143036	14.697125	90.14302	14.697053	5.9998345	-90.41498	0.48751777	0.0074690683	3.438282e-06	4439.613010883331
84	951.70496	37.29545	987.22363	897.3481	985.9752	34.655933	1005.8731	889.06836	1000.0	1000.0	419999	90.19881	14.595964	90.198906	14.5956955	6.0037627	-90.47411	0.47993448	0.0073833	-2.5572466e-05	4494.224133729935
85	813.358	274.8621	977.92267	198.55444	968.5541	147.88164	1005.6137	324.08054	838.4286	966.0	424999	90.36418	14.47917	90.36418	14.479397	5.995908	-90.644394	0.49120098	0.007231208	3.145902e-05	4548.996696472168
86	893.9373	165.80367	978.4426	562.3403	1000.52576	3.4223843	1004.1607	992.4453	916.2	1000.0	429999	90.44751	14.576001	90.447556	14.575807	5.9805074	-90.71225	0.4892578	0.0070725908	0.00013599446	4603.855300426483
87	977.8161	6.7136354	985.0538	968.0202	999.95764	13.393133	1006.3258	943.12146	1000.0	1000.0	434999	90.45527	14.646831	90.45525	14.646678	5.99989	-90.719284	0.45148355	0.0067176544	2.123642e-06	4658.838757514954
88	885.0855	210.1321	989.1079	415.42926	997.77234	5.504847	1005.5251	988.5618	903.0	1000.0	439999	90.61185	14.45267	90.61188	14.452493	5.9876246	-90.87833	0.4676645	0.006388198	8.0814265e-05	4713.542226791382
89	978.49384	9.197385	986.21814	965.9338	998.0947	8.835031	1005.9616	968.62897	1000.0	1000.0	444999	90.75668	14.254877	90.75665	14.255926	6.0065804	-91.01793	0.43929127	0.0061426745	-3.9905695e-05	4768.514178037643
90	975.57306	9.393005	987.4082	961.48486	989.93005	24.48568	1005.338	909.02344	1000.0	1000.0	449999	90.84098	14.138831	90.84102	14.139216	6.0153995	-91.09734	0.4421165	0.006666009	-0.00010080887	4823.441108465195
91	974.6393	4.398765	980.1559	967.22437	1003.384	2.5888636	1007.2606	997.467	1000.0	1000.0	454999	90.861046	14.11147	90.86101	14.111301	5.99978	-91.11079	0.40342367	0.0065678954	3.4716606e-06	4878.304241895676
92	962.37177	34.605614	989.87994	906.3248	966.04297	74.549126	1007.02185	674.01196	1000.0	984.1	459999	90.97057	13.839481	90.970566	13.8395605	5.996123	-91.21655	0.4165211	0.006627192	2.8151726e-05	4933.101138591766
93	924.0288	74.55305	988.3978	802.8019	989.1974	45.274597	1006.6913	792.65424	966.0	1000.0	464999	90.878494	13.821845	90.87851	13.82152	5.999222	-91.12365	0.43538457	0.0064980476	6.686336e-06	4987.891383647919
94	906.46375	122.671234	989.10986	665.4881	989.8514	42.6293	1007.0019	810.62714	946.6	1000.0	469999	90.85335	13.750246	90.85332	13.7508335	6.009741	-91.09602	0.4445334	0.006840747	-6.6196204e-05	5042.749997615814
95	871.94446	46.981884	948.3328	804.3277	995.215	25.920689	1006.84644	883.9664	1000.0	1000.0	474999	90.83725	13.58096	90.837265	13.581257	5.9943404	-91.068634	0.41374984	0.0070349686	4.1084397e-05	5097.444029092789
96	926.32294	60.16329	985.6153	845.54535	983.98865	45.67736	1005.1855	839.96625	1000.0	1000.0	479999	90.759895	13.625242	90.75988	13.625021	6.0023727	-90.99241	0.4249375	0.0068892357	-1.4940512e-05	5152.38237786293
97	868.76776	225.85512	990.4927	366.42593	1003.4406	1.6142993	1005.9558	999.1631	895.1667	1000.0	484999	90.74768	13.523416	90.74769	13.522856	6.0079923	-90.97709	0.45269814	0.0071420525	-5.552675e-05	5207.284742355347
98	983.47723	7.2443924	992.1293	974.03424	926.9372	198.12865	1005.789	91.20086	1000.0	958.7	489999	90.73427	13.36939	90.734314	13.3685255	5.9969673	-90.954765	0.49121597	0.0071470854	2.351087e-05	5262.1617641448975
99	984.7455	5.023502	989.58984	976.2254	1002.3961	2.994474	1006.0407	996.7371	1000.0	1000.0	494999	90.82501	13.175691	90.82495	13.176064	5.9954324	-91.05954	0.41477045	0.0071128113	3.3608747e-05	5317.172738075256
100	611.7314	323.50046	976.1501	193.06825	964.1453	146.82072	1005.9445	329.36365	634.1429	966.4	499999	91.03478	12.932812	91.03483	12.93296	5.9819884	-91.26821	0.44923222	0.0067056185	0.00012294075	5371.942178964615
101	931.37634	70.8511	982.74915	801.3525	987.83417	34.148144	1005.33154	885.8482	960.4	1000.0	504999	91.02056	12.960608	91.02055	12.961428	5.9893045	-91.24264	0.45397687	0.006338962	6.816444e-05	5426.750009298325
102	936.3797	52.842922	981.40924	843.94806	953.80695	181.37561	1003.5443	163.61034	1000.0	958.6	509999	91.01931	13.097043	91.01927	13.097161	6.0076547	-91.24355	0.43587914	0.006344401	-4.6429155e-05	5481.640776395798
103	943.4025	42.137722	979.66486	868.99426	1002.0202	5.353754	1008.3584	988.7795	1000.0	1000.0	514999	91.151375	12.912995	91.15142	12.913253	5.9823055	-91.37014	0.4437909	0.0062960135	0.00010897745	5536.515475988388
104	953.61053	33.121914	988.69116	895.7853	999.44354	5.5602365	1006.44415	984.3773	1000.0	1000.0	519999	91.25191	13.06899	91.25193	13.068978	6.0076776	-91.47609	0.43111986	0.005917012	-4.415111e-05	5591.331528186798
105	947.3444	41.497337	985.1771	880.79877	960.3656	61.871998	1003.81824	831.78534	1000.0	1000.0	524999	91.33215	13.137781	91.33221	13.137197	6.015436	-91.54754	0.4371829	0.006076117	-9.588879e-05	5646.007322311401
106	982.3675	10.681185	991.2896	961.52423	985.69745	23.854502	1006.9024	930.327	1000.0	1000.0	529999	91.3951	13.063395	91.395096	13.062966	5.989939	-91.61836	0.438007	0.006200342	6.580534e-05	5700.787821769714
107	964.3537	37.03514	990.2259	890.84436	997.74756	10.880933	1007.15656	969.8207	1000.0	1000.0	534999	91.60857	12.599901	91.6086	12.59991	6.0044637	-91.831184	0.49398115	0.0063125486	-2.6001411e-05	5755.5505521297455
108	970.59894	26.284298	990.9876	919.41455	999.662	3.1656106	1004.1071	991.5168	1000.0	1000.0	539999	91.721176	12.4051	91.721115	12.405878	5.985809	-91.9344	0.46469003	0.0058318703	8.740934e-05	5810.394851922989
109	731.14453	347.62027	983.04047	86.34461	980.9211	24.423395	1003.2472	909.75714	783.2857	1000.0	544999	91.7111	12.58214	91.71109	12.582151	6.003541	-91.91991	0.4799131	0.0060683815	-1.9768464e-05	5865.20357131958
110	951.2415	41.715576	992.78534	891.391	993.72394	8.872584	1006.29346	973.39545	1000.0	1000.0	549999	91.72689	12.877224	91.72694	12.876043	6.000323	-91.93856	0.42697948	0.0061205197	-3.9682388e-07	5919.951414823532
111	959.41327	33.022587	989.46295	913.15784	961.777	63.90457	1009.04456	845.2139	1000.0	1000.0	554999	91.73046	13.23806	91.73047	13.237415	5.993741	-91.93125	0.4182863	0.0060053184	3.8696875e-05	5974.810990333557
112	921.7256	60.84065	992.78516	836.8135	998.38965	5.7675858	1004.6743	983.401	1000.0	1000.0	559999	91.7184	13.337319	91.7184	13.337107	6.000416	-91.92252	0.48620868	0.0059191072	-1.2107938e-06	6029.648937702179
113	943.433	50.328407	990.9761	880.78796	998.7537	7.019755	1007.4719	985.8805	1000.0	1000.0	564999	91.687164	13.18595	91.68713	13.185803	6.0002327	-91.88669	0.44450313	0.00601904	5.6874754e-08	6084.521377801895
114	974.2562	32.931225	995.94604	908.8083	995.2106	11.101108	1006.0334	965.6752	1000.0	1000.0	569999	91.67543	13.15458	91.67543	13.15492	5.995788	-91.8754	0.41200885	0.0058996584	2.6073187e-05	6139.320715904236
115	963.1496	40.966267	996.4025	884.0315	1001.7118	5.0189934	1007.69684	989.86584	1000.0	1000.0	574999	91.782486	12.894135	91.7825	12.894305	5.9968777	-91.9808	0.3750012	0.0056063035	1.9038609e-05	6194.141206264496
116	971.0155	28.725998	994.19	914.36957	999.7044	6.2177005	1005.37964	985.9672	1000.0	1000.0	579999	91.86306	12.732965	91.86297	12.733428	6.00655	-92.06504	0.40869948	0.005793389	-3.6342728e-05	6248.9133512973785
117	950.58167	29.67568	985.63605	913.0752	1002.3268	3.3500087	1007.49304	995.1878	1000.0	1000.0	584999	91.91437	12.672418	91.91445	12.673151	5.9961762	-92.10705	0.39766258	0.005898764	2.3732468e-05	6303.822680234909
118	865.2814	175.44531	973.00824	516.17816	1000.5928	4.0043125	1008.36615	994.2951	908.8	1000.0	589999	91.89822	12.526408	91.89824	12.526999	6.001086	-92.08921	0.36927363	0.0058409944	-5.216974e-06	6358.6155886650085
119	967.81165	21.494507	983.04315	926.1856	930.0369	59.960224	1006.65375	839.61847	1000.0	1000.0	594999	91.880135	12.573598	91.880104	12.574126	6.0152516	-92.06753	0.36568326	0.006109932	-9.1447226e-05	6413.322306871414
120	912.6592	58.37268	984.2427	813.67053	1000.1849	6.767406	1007.04865	980.73724	1000.0	1000.0	599999	91.88733	12.53501	91.887375	12.535322	5.9802136	-92.079384	0.3482992	0.0060742935	0.00012036741	6468.130776643753
121	961.1847	44.79256	984.7459	871.61096	1000.6297	3.8187044	1006.4232	994.7466	1000.0	1000.0	604999	91.98789	12.363461	91.9879	12.363859	6.002499	-92.18579	0.36323443	0.005536138	-1.3054091e-05	6523.009154319763
122	984.76044	4.140375	991.02094	977.9802	1000.7484	4.4564314	1007.02313	991.708	1000.0	1000.0	609999	92.05629	12.2762	92.05631	12.277015	5.9852405	-92.24716	0.38355708	0.005516608	8.396668e-05	6577.970814228058
123	965.3623	32.32771	990.0239	901.60187	988.9497	30.862906	1008.70355	908.78784	1000.0	1000.0	614999	92.093704	12.351323	92.09371	12.350993	6.006794	-92.281715	0.37590253	0.005269299	-3.5781683e-05	6632.873472213745
124	985.1981	7.233719	990.82275	970.97	968.1053	154.99821	1007.7103	292.53995	1000.0	964.9	619999	92.18427	12.269185	92.18422	12.269675	6.005211	-92.37617	0.3913103	0.0056883935	-2.7833104e-05	6687.776242017746
125	823.3342	353.11923	989.1501	33.846256	999.36053	4.603494	1007.6373	988.59515	837.8333	1000.0	624999	92.40906	12.116433	92.40906	12.116688	5.9960494	-92.6009	0.33511993	0.0055785207	2.3565375e-05	6742.818874120712
126	967.2755	39.025578	991.37646	889.6245	1004.9705	1.4581482	1007.24176	1002.1529	1000.0	1000.0	629999	92.51837	12.015308	92.51837	12.015225	5.988519	-92.7156	0.39234567	0.0055481642	6.483509e-05	6797.743713855743
127	924.52203	71.44817	986.00525	775.8134	876.49133	258.70596	1006.2915	220.36449	967.8333	881.15	634999	92.68381	11.852919	92.683846	11.8525305	6.03218	-92.87828	0.36672482	0.0057390453	-0.00018457191	6852.354376316071
128	983.0049	4.829835	987.994	973.7666	983.9404	52.803543	1008.18964	818.20325	1000.0	1000.0	639999	92.78664	11.663479	92.78659	11.664385	5.977375	-92.96031	0.39348733	0.0057571847	0.00013507705	6907.19731760025
129	952.5863	68.07007	992.1627	816.7523	998.7617	6.7566133	1007.18524	984.30255	1000.0	1000.0	644999	92.699135	11.767386	92.69911	11.767311	6.0009484	-92.880684	0.35340488	0.0055434485	-4.294151e-06	6962.1847422122955
130	948.25793	67.53041	992.5583	813.9861	994.1872	12.509177	1006.4618	960.15717	1000.0	1000.0	649999	92.66965	11.74562	92.66962	11.745334	5.9748693	-92.83966	0.3526122	0.00529363	0.0001351119	7016.994519710541
131	977.53595	10.612386	985.82904	957.0713	956.3032	189.3176	1008.8802	132.57964	1000.0	960.45	654999	92.54059	11.873809	92.5406	11.874081	6.0131664	-92.713585	0.37939513	0.0051950063	-6.678279e-05	7072.0528111457825
132	840.5379	244.64667	990.0657	354.2697	1001.2031	6.7012906	1009.27216	986.95306	871.6	1000.0	659999	92.60434	11.719603	92.604294	11.720503	6.0122027	-92.78247	0.3541942	0.005819173	-6.4370215e-05	7126.825805187225
133	989.55457	3.157204	994.9155	985.7238	932.4789	106.3272	1008.7034	618.3949	1000.0	959.35	664999	92.56888	11.716801	92.568954	11.716964	5.98867	-92.73809	0.36617133	0.005560302	6.445253e-05	7181.597813606262
134	864.5388	266.45132	990.15137	268.83624	972.1548	43.610306	1004.27356	841.88983	879.3333	1000.0	669999	92.44862	11.956143	92.44867	11.956181	5.994128	-92.61836	0.34685284	0.0052258386	3.2690292e-05	7236.381651163101
135	988.8586	1.7194672	991.3148	987.3279	1002.67346	3.2211764	1005.9496	993.9221	1000.0	1000.0	674999	92.55218	12.076684	92.5521	12.076766	6.003173	-92.73279	0.3394165	0.0052300924	-1.565059e-05	7291.2324295043945
136	952.3008	53.738647	992.6424	846.68536	999.3566	5.9024916	1007.6828	988.0939	1000.0	1000.0	679999	92.73637	12.008979	92.73634	12.009488	6.0036654	-92.914116	0.35334033	0.004928234	-1.8542982e-05	7346.139901399612
137	957.1027	55.37614	991.7073	847.4516	950.03284	184.03111	1005.94995	150.28894	1000.0	959.05	684999	92.9675	11.776118	92.96749	11.775835	5.9819317	-93.14546	0.34527415	0.0053337654	9.6022806e-05	7400.937022447586
138	956.9183	44.696934	990.1426	869.0119	1000.1835	5.7760057	1006.8737	986.90814	1000.0	1000.0	689999	93.09782	11.52033	93.09781	11.520121	5.993903	-93.26675	0.34070244	0.005196581	3.4049808e-05	7455.842169046402
139	980.8844	14.56857	993.7758	952.6789	998.32	3.8533387	1004.96533	990.85895	1000.0	1000.0	694999	93.02233	11.554337	93.022285	11.554794	5.990669	-93.189865	0.34275684	0.0051757027	4.7161502e-05	7510.706419467926
140	938.31384	40.019928	986.7795	879.7801	971.8804	42.795406	1007.13983	909.0101	1000.0	1000.0	699999	93.01697	11.46982	93.016884	11.46923	6.010976	-93.18214	0.3619161	0.005041891	-5.266213e-05	7565.481756687164
141	965.9957	37.866528	990.71844	890.962	999.39746	4.0595756	1008.2836	992.0507	1000.0	1000.0	704999	92.92977	11.6323595	92.92977	11.632599	5.9895005	-93.096924	0.30117202	0.0048599676	5.2862e-05	7620.437942743301
142	921.88904	46.31839	981.8872	868.0505	894.1929	173.41235	1005.283	169.36467	1000.0	958.85	709999	93.03768	11.561803	93.0377	11.562247	6.0104733	-93.206276	0.33055034	0.00475788	-5.054686e-05	7675.300738811493
143	977.0661	19.351542	991.44147	940.4242	989.8584	28.442308	1003.82544	871.621	1000.0	1000.0	714999	93.05299	11.5137	93.05298	11.513733	6.001901	-93.217896	0.3204197	0.0047082934	-8.524555e-06	7730.125661849976
144	938.4627	27.282043	967.5185	905.0975	991.8541	20.39306	1008.16254	909.60114	989.6	1000.0	719999	93.00332	11.509586	93.00333	11.50934	5.9766397	-93.16093	0.29882482	0.004864808	0.00011472415	7784.822262048721
145	983.5116	10.875935	991.27954	962.16364	991.63684	20.579067	1003.9017	906.0889	1000.0	1000.0	724999	92.95465	11.561253	92.95464	11.561295	6.0331917	-93.115	0.3607348	0.0050800964	-0.00016336713	7839.748511314392
146	973.9915	17.019474	989.43616	942.72546	995.9669	5.991445	1004.6623	984.6879	1000.0	1000.0	729999	92.96375	11.620136	92.96372	11.620492	5.9925237	-93.12776	0.33116108	0.0053490736	4.093551e-05	7894.744378089905
147	967.3838	12.287785	979.4957	948.5247	452.37695	268.1216	1005.2286	199.12587	1000.0	455.0	734999	92.96445	11.468408	92.964516	11.46805	6.0030775	-93.12025	0.31125194	0.0051264726	-1.4863577e-05	7949.550920248032
148	962.487	12.092878	975.03937	942.54706	995.937	7.1025653	1009.5247	983.97125	1000.0	1000.0	739999	92.99837	11.429391	92.99838	11.429731	5.998361	-93.15182	0.32034454	0.0052524805	9.84565e-06	8004.49827837944
149	977.84247	14.546096	997.6055	953.68787	1001.7113	4.2598524	1007.177	992.0443	1000.0	1000.0	744999	92.949486	11.404251	92.94945	11.403856	6.0022216	-93.10365	0.29761612	0.0051261587	-1.0693684e-05	8059.402770757675
150	973.5952	14.662566	988.89996	947.5431	987.3309	32.733032	1006.46594	878.45526	1000.0	1000.0	749999	93.009415	11.349205	93.00935	11.349619	6.00132	-93.17092	0.328044	0.0050728004	-6.387246e-06	8114.050307750702
151	972.2917	5.466643	977.8419	965.61523	1000.5	9.304672	1009.94336	977.6075	1000.0	1000.0	754999	93.156075	11.260537	93.15613	11.260429	5.994001	-93.315865	0.29051995	0.0054733325	3.3886434e-05	8168.8494555950165
152	973.1121	9.637579	983.5552	957.1422	910.7565	228.41096	1005.7741	44.88642	1000.0	928.85	759999	93.28619	11.159661	93.28618	11.15987	6.0022526	-93.447525	0.31011415	0.005417878	-1.099793e-05	8223.62232375145
153	962.42566	18.633656	983.94965	940.5594	993.2834	4.739702	1002.45105	985.1157	1000.0	1000.0	764999	93.43963	10.980237	93.439575	10.980699	5.9939623	-93.597916	0.30510527	0.0051694703	3.2966447e-05	8278.391966819763
154	874.6217	201.29967	985.71405	472.1747	998.86523	3.5543272	1004.5771	991.4125	895.6	1000.0	769999	93.56196	11.024376	93.561966	11.024625	6.004035	-93.717865	0.3003917	0.0055026994	-2.0240468e-05	8333.276417016983
155	971.3463	11.019441	986.9304	953.6332	993.82666	2.450936	997.86743	987.5325	1000.0	1000.0	774999	93.649445	11.036211	93.649414	11.0365	6.006507	-93.80565	0.33060986	0.005623864	-3.3783446e-05	8388.163588762283
156	966.12756	24.917757	983.67737	917.9752	995.67267	4.27064	1002.62726	988.0377	1000.0	1000.0	779999	93.74284	11.092839	93.74281	11.093395	6.002306	-93.906204	0.3185177	0.0056684366	-1.1170292e-05	8443.01243853569
157	968.73645	15.152811	987.2907	941.0231	989.50793	20.246346	1004.8312	904.92487	1000.0	1000.0	784999	93.938034	11.077893	93.938065	11.078416	5.9985228	-94.10089	0.2959377	0.0057041612	9.692572e-06	8497.896369218826
158	969.9157	17.47892	984.4089	936.6839	997.66455	5.095582	1004.97675	987.88245	1000.0	1000.0	789999	94.073524	11.001927	94.07357	11.003076	5.994954	-94.2307	0.3231699	0.005442064	2.907394e-05	8552.722515583038
159	974.2179	3.574002	978.6119	969.16583	984.34924	40.446964	1003.9741	812.5333	1000.0	1000.0	794999	94.11671	10.985379	94.11666	10.985383	6.0102444	-94.27828	0.3011899	0.0056319144	-5.6314217e-05	8607.466416597366
160	971.46075	16.27534	988.632	942.85486	940.3834	195.52788	1007.961	96.436615	1000.0	957.8	799999	94.17503	10.852426	94.17507	10.85255	5.975184	-94.330025	0.29195228	0.005448819	0.00013642326	8662.301748752594
161	959.73615	19.108889	978.4744	924.14685	989.68195	19.35392	1003.1246	909.6489	1000.0	1000.0	804999	94.22296	10.826819	94.22292	10.82696	6.01361	-94.383675	0.27883253	0.0058243056	-7.069662e-05	8717.051139593124
162	980.1522	5.410839	987.9152	972.53125	996.7588	4.8047357	1003.41876	985.85144	1000.0	1000.0	809999	94.29225	10.719748	94.29226	10.7204275	6.0138435	-94.45632	0.30503005	0.005616507	-7.7187404e-05	8772.021978616714
163	971.54376	4.0427456	975.83185	965.7085	994.7377	7.2372513	1007.74426	982.30286	1000.0	1000.0	814999	94.379524	10.622214	94.379524	10.622513	6.006817	-94.544136	0.3207822	0.00594453	-3.94567e-05	8826.711023569107
164	981.0838	7.093501	991.5795	969.7292	994.79333	17.293505	1006.74615	933.4755	1000.0	1000.0	819999	94.527916	10.540724	94.52796	10.541439	6.004672	-94.6923	0.2898066	0.005948944	-2.7676397e-05	8881.507781982422
165	955.4997	53.839146	993.92163	849.1407	986.9287	39.41639	1006.383	817.1546	1000.0	1000.0	824999	94.53595	10.607529	94.53585	10.608013	5.9907374	-94.68734	0.2514797	0.0059907194	5.836304e-05	8936.391412496567
166	978.52625	8.465508	986.50055	964.78644	991.31433	10.719891	1003.2051	962.81	1000.0	1000.0	829999	94.514656	10.538845	94.514626	10.539078	5.9875317	-94.665535	0.29062065	0.005996024	7.4638214e-05	8991.152037382126
167	968.5973	22.794767	989.8142	925.34705	993.1266	19.1945	1010.13855	913.27484	1000.0	1000.0	834999	94.62052	10.4051285	94.62056	10.404762	6.0145288	-94.776276	0.29525176	0.0059033525	-8.486587e-05	9045.850050210953
168	933.1854	38.886814	980.46826	876.0685	993.22314	7.029135	1004.8704	976.43024	1000.0	1000.0	839999	94.62371	10.304156	94.6237	10.30394	5.991579	-94.7749	0.27265382	0.005865227	5.188191e-05	9100.58865404129
169	945.9892	72.79766	989.5816	784.27686	969.3595	126.533646	1007.94183	418.5061	973.0	970.8	844999	94.65237	10.270629	94.65232	10.271135	5.9994917	-94.80837	0.30722094	0.0059677535	4.5110464e-06	9155.517395973206
170	964.81824	31.321539	990.929	905.1035	979.5702	38.677177	1001.8487	884.2914	1000.0	1000.0	849999	94.69373	10.164195	94.69375	10.164525	5.993936	-94.84632	0.26736376	0.0056586233	3.642388e-05	9210.321614980698
171	908.5081	57.894745	972.90576	813.3376	996.39795	3.4605968	1004.02484	990.6857	1000.0	1000.0	854999	94.665184	10.216601	94.665184	10.216375	6.018947	-94.81935	0.31133044	0.005986662	-0.00011253929	9265.255276918411
172	951.2838	30.227072	990.43304	902.18933	927.3182	198.98763	1006.53436	76.568245	1000.0	955.35	859999	94.701126	10.240759	94.70117	10.240736	5.979907	-94.859	0.28012437	0.005934744	0.00012194159	9320.29415678978
173	972.45	6.3059487	980.7078	965.1425	992.8749	10.19644	1007.79236	970.097	1000.0	1000.0	864999	94.78816	10.128073	94.78819	10.12804	6.0024486	-94.9392	0.25123042	0.0056136046	-1.2497985e-05	9375.173649549484
174	942.0576	30.952698	976.0498	897.4071	833.96326	177.87057	1005.8906	485.154	1000.0	869.0	869999	94.95366	10.080009	94.953674	10.080744	5.9940476	-95.114174	0.2825063	0.006024596	3.6163718e-05	9429.72707605362
175	872.45197	204.61658	985.69116	463.70557	933.83203	165.7009	1006.12506	259.5541	896.8	951.9	874999	95.08884	9.95699	95.088806	9.956707	6.011275	-95.23839	0.30484518	0.005892495	-6.496466e-05	9484.385977983475
176	959.39905	33.516068	986.38666	895.31464	994.3592	3.8085625	999.13184	983.4992	1000.0	1000.0	879999	94.96297	10.153779	94.96301	10.1537895	5.9992332	-95.11104	0.2811102	0.0058149686	6.6075922e-06	9539.251889705658
177	804.35455	283.838	982.56647	190.40952	994.5626	9.961799	1008.40283	975.57733	829.1667	1000.0	884999	94.887985	10.315695	94.88798	10.31613	5.991493	-95.037285	0.25965965	0.0060277805	5.1637016e-05	9593.981283426285
178	854.36273	176.5544	995.7724	483.2759	1000.2337	5.7080626	1009.24786	989.7722	893.5	1000.0	889999	94.91407	10.321369	94.91405	10.321435	5.9863186	-95.06149	0.27665773	0.0055414024	7.835326e-05	9648.742943525314
179	855.22107	176.97545	992.53723	525.17523	927.12854	59.21215	1004.9727	827.79706	908.0	1000.0	894999	94.81314	10.458722	94.81313	10.457746	6.0073533	-94.9583	0.31107646	0.005593998	-3.8873663e-05	9703.528423547745
180	981.31934	6.4567986	990.99603	972.2703	996.9255	5.20845	1006.0976	988.66614	1000.0	1000.0	899999	94.713585	10.625998	94.71355	10.625876	6.005343	-94.859985	0.28954458	0.0060577546	-2.9108656e-05	9758.234956264496
181	978.2384	8.875166	993.8568	967.859	993.6742	6.8151026	1006.74786	982.90155	1000.0	1000.0	904999	94.77325	10.677172	94.77322	10.67705	5.9912424	-94.92476	0.2771286	0.0056044376	5.1185787e-05	9813.11311674118
182	973.72034	6.283366	981.7354	962.9842	917.19543	56.826744	1006.2538	847.71204	1000.0	1000.0	909999	94.799866	10.505151	94.79988	10.505362	5.9866	-94.9372	0.31436548	0.0056280755	7.611883e-05	9867.918747663498
183	979.5226	8.677698	996.69666	973.21234	995.39246	6.471068	1006.84894	982.73346	1000.0	1000.0	914999	94.704704	10.536994	94.704704	10.537948	6.006656	-94.85106	0.29553953	0.005429482	-3.4075238e-05	9922.709279060364
184	919.10187	48.217796	973.7137	854.3471	999.7845	3.9277494	1003.78876	992.19196	1000.0	1000.0	919999	94.67482	10.4640045	94.67486	10.463925	5.998241	-94.81103	0.29485044	0.0054927273	1.1409488e-05	9977.530695915222
185	960.22736	12.938191	972.1591	936.32227	994.91345	21.33936	1007.63513	903.71375	1000.0	1000.0	924999	94.71968	10.531214	94.719604	10.531136	5.99619	-94.8616	0.30370662	0.0055212653	2.2450298e-05	10032.336899280548
186	952.06213	42.709347	992.65076	869.78516	997.8875	5.541656	1006.86597	983.6443	1000.0	1000.0	929999	94.72778	10.489418	94.72782	10.4900675	6.0043435	-94.86973	0.3035657	0.0055583664	-2.1761232e-05	10087.180219650269
187	900.5422	187.0088	994.2835	483.06165	986.2416	24.162477	1008.7818	917.141	915.3333	1000.0	934999	94.76974	10.560642	94.76974	10.560614	6.0042124	-94.91191	0.27115288	0.0055855433	-2.1685242e-05	10142.00789141655
188	978.4298	7.934397	993.55414	970.74365	994.167	6.5738773	1007.50946	985.123	1000.0	1000.0	939999	94.70228	10.532711	94.702255	10.5338125	5.980797	-94.843056	0.2901303	0.00563165	0.00010781057	10196.814078330994
189	957.4912	24.681633	973.6386	908.75244	993.07715	9.54842	1003.8506	960.7052	1000.0	1000.0	944999	94.89134	10.401377	94.89135	10.401786	5.984861	-95.038315	0.27827954	0.005427132	7.738278e-05	10251.536573410034
190	839.7391	176.90295	971.83765	506.3163	986.14484	26.205162	1006.9515	909.63025	884.6	1000.0	949999	94.87528	10.376264	94.87526	10.377273	6.034718	-95.0067	0.24609531	0.005336855	-0.00018149678	10306.397281885147
191	960.3657	30.732067	985.7555	900.2837	1003.3545	3.8974102	1009.3823	995.9336	1000.0	1000.0	954999	94.70784	10.463134	94.70785	10.463035	5.9961576	-94.8423	0.2652439	0.005695151	2.3469873e-05	10361.17025256157
192	930.7374	38.449642	973.9106	880.82587	990.6708	21.143688	1010.8941	915.93866	1000.0	1000.0	959999	94.71168	10.362378	94.711716	10.362885	6.016849	-94.854546	0.253885	0.005986846	-9.736883e-05	10415.84600687027
193	919.953	59.178432	974.89075	831.4143	992.5358	7.273319	1009.6024	982.88275	1000.0	1000.0	964999	94.842766	10.252391	94.8428	10.251885	5.9870844	-94.98286	0.2638086	0.005716064	7.779723e-05	10470.36629652977
194	962.43884	12.7582655	976.10486	939.63385	992.57245	20.306625	1007.51025	909.5582	1000.0	1000.0	969999	94.85369	10.3376255	94.85368	10.338174	6.010335	-94.985825	0.2796135	0.005679344	-5.949347e-05	10525.223668575287
195	970.4299	2.5996997	973.16376	965.7508	999.6613	6.812883	1008.6788	983.1435	1000.0	1000.0	974999	94.81877	10.306896	94.81878	10.307183	5.982148	-94.95463	0.25614473	0.0056593986	0.00010627348	10579.903260946274
196	953.6909	60.239193	992.4179	833.7929	998.49036	6.2617016	1009.0271	986.46155	1000.0	1000.0	979999	94.83621	10.295141	94.836205	10.295277	5.996228	-94.97015	0.23424642	0.005625193	2.222855e-05	10634.844368457794
197	955.11896	13.925109	981.30054	940.8216	982.182	39.2027	1006.94965	815.12524	1000.0	1000.0	984999	94.6953	10.199143	94.69523	10.200366	6.00484	-94.82061	0.2775085	0.005474505	-2.5205656e-05	10689.526131868362
198	783.48987	320.4001	978.45264	34.974297	996.45624	4.7273145	1008.7313	987.44635	825.8571	1000.0	989999	94.76002	10.121137	94.760056	10.121111	5.9920893	-94.90183	0.25637758	0.005715848	4.5398923e-05	10744.095836639404
199	968.46063	19.27157	995.65	945.9074	994.425	7.453833	1007.68713	982.1087	1000.0	1000.0	994999	94.860634	10.116757	94.86067	10.11713	6.016029	-94.99395	0.22539365	0.005305978	-9.038272e-05	10798.905116558075
200	959.7005	28.586071	979.1862	903.01135	1004.24316	5.6002727	1010.4412	988.49835	1000.0	1000.0	999999	94.73842	10.116737	94.73834	10.117368	5.9756346	-94.86382	0.2942811	0.0056539206	0.00013888639	10853.887333154678
