Epoch	AverageEpRet	StdEpRet	MaxEpRet	MinEpRet	AverageTestEpRet	StdTestEpRet	MaxTestEpRet	MinTestEpRet	EpLen	TestEpLen	TotalEnvInteracts	AverageQ1Vals	StdQ1Vals	AverageQ2Vals	StdQ2Vals	LogPi	LossPi	LossQ	Alpha	LossAlpha	Time
1	16.846401	12.296764	109.67694	5.578207	6.414946	0.13857761	6.585854	5.994249	21.239317	10.9	4999	16.216034	14.26631	16.21636	14.265783	1.4157921	-18.745892	2.259851	0.14807272	0.26647687	37.11381530761719
2	18.538061	19.89437	203.61403	5.2939215	204.88762	2.128715	209.59462	202.10893	21.872807	99.0	9999	88.30657	40.210056	88.309784	40.19839	3.429089	-97.048775	44.144287	0.23553586	-0.08528696	81.5498993396759
3	216.25359	41.871284	329.27518	29.394567	29.945755	0.6105347	31.006317	28.839895	104.375	47.05	14999	185.96556	53.90358	185.96762	53.848442	2.9502552	-197.36043	138.78685	0.2827423	0.012857294	128.7511751651764
4	97.945435	180.25903	673.6037	7.163375	1005.4084	1.9571024	1008.5267	999.5902	116.567566	1000.0	19999	212.35703	66.376015	212.35323	66.36404	2.9353054	-220.93655	141.22792	0.22438872	0.013237994	180.58095359802246
5	415.9352	316.98093	1142.3699	198.99213	996.5133	1.2646595	999.5099	994.7882	320.35294	1000.0	24999	205.79193	62.112404	205.79205	62.087425	2.9496205	-212.05263	78.98784	0.16642724	0.00800581	232.3774471282959
6	1031.0198	12.316105	1047.927	1018.33405	1025.2504	0.99524766	1026.6099	1023.15027	1000.0	1000.0	29999	198.33806	52.722816	198.33968	52.68959	2.9387178	-203.45099	47.8209	0.12440626	0.007301393	284.23135471343994
7	438.22858	225.59055	1022.1907	277.24274	331.5228	3.4463623	337.08084	327.07843	272.21054	162.15	34999	193.53703	42.0518	193.53844	42.016796	3.0005124	-197.73248	33.687813	0.09798035	-3.8646125e-05	331.7917082309723
8	318.62326	149.35667	576.7114	116.96375	111.6642	5.082528	120.31727	103.32019	221.95454	151.3	39999	193.48398	43.51226	193.48584	43.483776	2.9985595	-197.5487	35.265705	0.10769162	0.0001645256	379.3447480201721
9	413.0998	353.56564	977.0814	113.014244	230.3632	3.2373724	236.70474	225.28043	473.3	99.7	44999	193.45993	41.951008	193.4606	41.95104	2.9916387	-197.01575	35.12799	0.09568937	0.000835583	426.58867025375366
10	363.67245	172.38875	1080.3337	212.33397	354.51398	3.1136875	360.38345	348.42117	187.41379	179.7	49999	191.79684	43.29716	191.79744	43.299744	2.9958892	-195.19191	27.444227	0.09665476	0.0004016465	474.1101965904236
11	359.28925	29.801216	437.17838	313.30225	440.81982	15.452511	475.2204	413.30023	162.16129	268.8	54999	191.13185	48.6114	191.13	48.604507	2.994354	-194.3565	21.931288	0.09148446	0.00052875956	522.2100043296814
12	353.08435	51.164574	448.67	190.21672	208.4561	32.880695	310.96548	185.29576	150.60606	96.55	59999	188.78546	52.65429	188.78513	52.648064	2.9805214	-191.78392	19.37269	0.08222074	0.001661237	569.5587766170502
13	388.05566	116.723785	698.26825	183.16682	478.96094	48.220387	671.0122	444.2517	166.93333	217.85	64999	182.17172	53.98693	182.17134	53.985245	3.0041978	-184.73323	18.168777	0.07607291	-0.00033440828	617.8787333965302
14	325.213	129.82304	515.71344	27.646753	370.21454	176.20497	533.23236	142.40034	139.66667	204.05	69999	178.13809	53.46822	178.13931	53.46856	3.003298	-180.5974	18.302265	0.08730247	-0.00026614638	665.9142556190491
15	284.33057	61.884758	551.8879	153.9118	233.9377	8.951283	247.25621	216.60583	132.45946	107.55	74999	173.91414	52.27791	173.91603	52.271843	2.9880881	-176.1357	17.896254	0.084679715	0.0009857202	713.258425951004
16	294.3192	30.780897	386.9683	246.55136	339.55048	18.241024	372.02298	312.2114	127.8	147.75	79999	168.80618	51.671364	168.80792	51.664917	2.9867008	-170.76524	16.533073	0.073622935	0.0010124978	761.0289335250854
17	391.8456	135.1715	834.73334	273.59674	705.6507	115.53027	825.2983	492.11023	160.90323	240.2	84999	165.12253	51.81483	165.12439	51.81122	3.0183213	-167.0621	14.279267	0.07725397	-0.0014113747	809.2407212257385
18	634.7784	41.89705	750.114	570.7587	657.8034	11.980889	695.8524	643.7759	213.21739	227.35	89999	169.01614	51.990475	169.018	51.990505	3.0086184	-171.12875	14.434159	0.08729108	-0.00072558346	857.4707894325256
19	682.43787	131.8107	1098.9022	294.35593	668.2821	2.4458313	673.7962	664.2124	226.59091	213.45	94999	176.34544	53.515335	176.347	53.514465	3.0120695	-178.4428	17.401459	0.0913896	-0.0010997466	905.6081712245941
20	625.7957	188.03136	957.9521	163.03528	522.59924	89.32632	676.73926	421.59048	212.91667	178.7	99999	182.8108	55.799965	182.81267	55.79936	2.976065	-184.81972	16.642687	0.089873165	0.0021104245	953.7894096374512
21	539.72375	155.59787	833.383	276.3404	609.68445	2.3312426	616.4694	606.8594	183.40741	206.25	104999	186.18192	56.232517	186.18431	56.23504	2.9882264	-188.12863	15.440261	0.07606613	0.0009164591	1001.9431114196777
22	640.6027	97.98236	827.9744	281.25546	639.2599	102.230446	768.9867	256.30872	218.95454	220.2	109999	187.77832	57.30097	187.77994	57.294155	2.9987626	-189.613	14.643361	0.074583255	9.6219e-05	1050.0748493671417
23	671.70044	163.83531	1050.857	256.20755	684.42285	1.5255228	686.8018	681.7506	231.31818	228.25	114999	187.91734	57.8042	187.91814	57.804214	3.00017	-189.59912	15.77182	0.07357807	-6.123412e-06	1097.8752980232239
24	645.4595	174.40108	961.2687	165.67436	435.58868	245.97687	869.3568	288.33643	222.39131	180.45	119999	186.59366	57.089264	186.59431	57.08893	2.990981	-188.14592	13.947581	0.06986358	0.00064735406	1145.9156701564789
25	675.30786	178.73564	875.627	259.07996	715.61896	48.496853	853.2108	668.23157	228.95238	231.3	124999	185.18439	56.121624	185.18526	56.111206	2.995036	-186.642	13.536167	0.06764922	0.00034010416	1193.9307568073273
26	723.01044	76.23009	951.1735	617.8478	676.9159	9.106406	689.1465	656.02216	241.85715	210.5	129999	185.089	54.889854	185.0889	54.885826	2.9982696	-186.49876	11.88115	0.06604526	0.00011894241	1241.5598843097687
27	731.77106	58.018005	834.81616	596.4249	731.6036	36.98228	775.5563	612.3246	228.36363	226.2	134999	185.43402	54.676163	185.43387	54.67007	3.0021574	-186.79314	10.846159	0.066280894	-0.00013582286	1289.329523563385
28	832.89465	133.29	1187.2236	701.5868	767.84296	7.7183375	784.01196	755.31885	249.9	232.45	139999	186.27243	54.162865	186.27258	54.161053	3.0013647	-187.5624	10.720857	0.06652637	-8.509216e-05	1337.0292444229126
29	797.34924	109.71847	1108.6333	661.1794	726.6693	7.0775304	738.4822	709.53253	242.4762	226.55	144999	188.25287	54.11125	188.25275	54.108295	3.0005565	-189.53123	10.4379225	0.0669466	-3.1652093e-05	1384.7383270263672
30	732.847	62.37617	854.8956	630.3264	746.18256	11.214795	772.1874	722.5286	224.81818	225.45	149999	190.2688	54.45137	190.26917	54.448418	3.0029788	-191.50151	10.250947	0.06690642	-0.00019731221	1432.4619204998016
31	741.50226	39.647335	843.59186	676.5712	719.2735	7.5722165	729.4934	702.3537	226.5	220.75	154999	192.3542	55.236774	192.35448	55.23512	2.9972897	-193.54774	10.2576	0.06774346	0.00019102158	1480.1648905277252
32	747.4472	65.09565	925.64075	667.00806	746.45056	14.707806	777.3423	724.3257	228.54546	227.25	159999	194.39954	56.07837	194.39943	56.07599	2.9964519	-195.54636	9.641544	0.06576806	0.00024208	1528.0053627490997
33	796.2432	96.388596	1086.3678	663.68933	722.8224	44.754642	811.46625	665.6437	241.95238	223.5	164999	196.4072	56.8754	196.40752	56.872166	3.0025997	-197.55635	9.510965	0.066025354	-0.000168026	1575.9181010723114
34	768.9942	148.54121	1051.9327	299.671	811.7148	75.41281	893.9306	683.1681	238.7	252.5	169999	198.6359	57.263355	198.63576	57.262093	2.9958954	-199.7478	9.738561	0.06605996	0.00027642364	1623.923022031784
35	748.2178	149.3126	890.7547	293.1671	723.6917	41.99906	890.7153	688.41504	233.09091	224.55	174999	200.24133	57.66076	200.24153	57.65994	2.9991162	-201.32526	9.755402	0.06491318	6.305573e-05	1671.9347229003906
36	775.24896	134.18642	951.42596	306.8817	678.46954	26.714468	760.59924	631.2624	238.80952	213.1	179999	201.54958	58.0286	201.54971	58.03017	2.997132	-202.58623	9.853178	0.064242825	0.00018987288	1719.7100994586945
37	669.4765	166.93584	853.67957	280.7905	279.60892	5.536424	290.5994	270.6146	209.29167	110.2	184999	202.47162	58.633606	202.47142	58.63569	3.0052192	-203.503	9.52538	0.06438222	-0.0003311011	1766.8436193466187
38	656.5439	206.36761	977.4999	232.18994	731.1846	10.653417	744.91016	712.40814	204.125	221.8	189999	202.95755	58.832043	202.95734	58.83679	3.0009782	-203.94301	10.012167	0.065493375	-5.9274018e-05	1814.5786674022675
39	733.8924	158.89265	889.42413	27.179657	813.6718	33.361324	889.0885	768.5269	223.39131	244.85	194999	203.21906	59.183666	203.21913	59.184914	3.0017343	-204.15585	10.060066	0.06611711	-0.00011110916	1862.4707255363464
40	802.4427	37.984722	891.5424	727.06744	783.6364	9.566033	796.32745	763.0433	240.4	236.5	199999	203.4822	59.469204	203.48181	59.47041	2.998381	-204.4032	9.857429	0.065787904	0.00011239313	1910.3056237697601
41	768.2953	58.17509	878.6326	656.512	709.7703	16.281162	777.05334	700.42377	232.95454	220.2	204999	203.7857	59.88922	203.7858	59.889606	2.9988003	-204.7054	9.987464	0.06524447	8.4661435e-05	1958.1725928783417
42	727.2535	158.61241	844.15594	27.01015	792.931	4.7347383	803.8933	785.16974	222.95454	238.4	209999	204.39883	60.028954	204.39923	60.028465	2.9967785	-205.29668	9.973472	0.06393269	0.00021451378	2006.4573862552643
43	762.0648	59.67988	885.3844	642.3837	786.05206	5.26025	798.4418	773.6345	233.59091	238.1	214999	204.97052	60.29066	204.97037	60.29183	2.9973536	-205.8416	9.929146	0.0625327	0.00017255759	2054.7184648513794
44	817.0145	85.822395	1085.9338	711.5135	793.256	11.093145	808.87274	769.1259	245.2	237.45	219999	205.89883	60.290623	205.89923	60.2923	2.9961374	-206.74747	9.809063	0.061591435	0.00024411402	2103.0037293434143
45	855.6551	101.31938	1176.9446	725.4385	825.36523	8.103805	844.03217	812.0087	254.05	244.05	224999	206.39328	60.729836	206.39339	60.728878	2.997487	-207.2168	9.982916	0.060288824	0.00015738375	2151.2940878868103
46	903.30664	125.947334	1240.0537	759.3422	958.1138	22.995071	994.3327	890.0605	266.0	280.4	229999	206.99947	60.87722	206.99982	60.876167	2.998647	-207.7898	9.399414	0.05955576	8.460232e-05	2199.6290068626404
47	888.63007	92.92977	1094.9093	739.1787	903.5584	35.17724	962.3296	864.2528	263.6842	274.55	234999	207.75024	61.190742	207.75034	61.187786	2.9996614	-208.5136	9.084707	0.058874805	2.4256802e-05	2248.0920374393463
48	821.24365	72.64975	971.2565	602.13165	856.73926	21.714436	932.4467	826.6913	247.3	258.2	239999	208.44745	61.529396	208.44759	61.528515	2.9996607	-209.19395	8.903509	0.057953376	2.440095e-05	2296.1191062927246
49	839.4432	69.96783	1014.37787	694.5968	829.0037	35.354492	970.3091	806.1891	251.95	244.3	244999	209.10223	61.83076	209.1025	61.831894	3.0000184	-209.86224	8.937103	0.05881095	2.771449e-06	2344.1446211338043
50	855.5236	61.83787	969.3421	739.1909	834.00476	12.330471	866.22974	810.589	253.73685	247.65	249999	209.85077	61.815105	209.85085	61.815918	2.9956589	-210.56638	8.472556	0.057823315	0.00025680134	2392.118419408798
51	873.55566	70.768036	1019.9789	770.3248	887.20996	41.80268	975.52576	828.37506	258.5	258.7	254999	210.4248	62.054756	210.42528	62.05431	2.999545	-211.1217	8.7399	0.056730445	3.073553e-05	2440.100022792816
52	907.16943	132.99472	1270.3026	671.9571	938.6966	32.358635	1005.4733	895.9875	266.22223	271.2	259999	211.08173	62.339657	211.08168	62.341835	2.997597	-211.78067	8.643592	0.056513965	0.00013994589	2488.1440539360046
53	957.01245	126.702484	1220.0886	810.8071	1012.5978	10.421537	1032.513	990.02673	279.66666	283.05	264999	211.897	62.737297	211.8972	62.73693	3.0020823	-212.58466	8.770167	0.056297265	-0.00011334491	2536.218724966049
54	972.36456	126.04416	1226.7694	681.3211	865.1346	34.712494	946.94366	823.6281	284.27777	252.75	269999	212.61298	63.03054	212.6128	63.03257	2.9985628	-213.2873	8.445807	0.057188164	8.599422e-05	2584.204270362854
55	1027.8444	116.65795	1261.335	828.38293	924.7593	20.934849	1000.9566	906.7072	295.64706	271.9	274999	213.52505	63.283524	213.52518	63.28376	2.9995992	-214.19646	8.69693	0.056233436	2.5979078e-05	2632.3327226638794
56	901.98676	197.96663	1262.1521	664.60944	961.5392	62.67716	1072.34	883.13544	263.57895	289.8	279999	214.45406	63.51716	214.45438	63.518475	3.002522	-215.1138	8.287124	0.05693479	-0.00013946515	2680.545190811157
57	944.00446	183.62407	1258.8665	671.90076	701.846	64.769066	803.6391	616.59955	276.44446	204.85	284999	215.50803	63.855865	215.50795	63.856556	3.000626	-216.1793	8.964109	0.0574073	-3.155334e-05	2728.3445563316345
58	938.5466	132.09004	1243.0483	677.86005	938.65753	70.16098	1062.8544	814.4959	274.66666	274.55	289999	216.58153	64.048546	216.58134	64.05094	3.0035758	-217.23207	8.7941065	0.057698242	-0.00020399252	2776.579038143158
59	891.00165	154.6911	1177.208	529.5016	867.7233	7.37583	881.3843	855.60236	258.8421	251.85	294999	217.63354	64.185135	217.63393	64.18753	2.999122	-218.27945	8.276952	0.058846828	5.539898e-05	2824.467446565628
60	919.85547	227.0552	1215.8182	21.474756	837.7162	8.15477	855.714	821.9312	267.8421	248.9	299999	218.64278	64.56083	218.6428	64.562256	3.0022519	-219.2576	8.63632	0.05903838	-0.00012976407	2872.4532618522644
61	961.1404	44.347267	1054.1405	860.8996	981.2245	8.81728	999.21857	965.507	275.0	278.6	304999	219.5027	65.09497	219.50282	65.094124	3.0005226	-220.12112	8.538071	0.06034311	-2.7783155e-05	2920.554201602936
62	920.9904	120.77637	1191.8232	703.08405	858.7443	7.345846	871.5134	841.5428	268.26315	254.45	309999	220.58867	65.341034	220.5888	65.34122	3.0018446	-221.22623	8.576057	0.06110692	-0.00010823279	2968.5181612968445
63	969.44824	67.624664	1188.5331	868.9918	935.27295	55.889275	1024.2305	872.84	276.8889	269.45	314999	221.56116	65.41281	221.56122	65.41377	2.9992676	-222.1783	8.871623	0.0607624	4.806676e-05	3016.534496307373
64	937.44977	106.187675	1129.2858	624.1165	952.9238	28.62526	1016.3693	898.9266	275.5	269.5	319999	222.25587	65.82182	222.25595	65.820816	3.004746	-222.85735	9.00449	0.061109584	-0.00028943073	3064.600821495056
65	993.8302	91.70365	1207.3585	889.445	1000.2544	18.274904	1025.3164	969.2832	294.58823	281.85	324999	222.89473	65.88329	222.89517	65.88306	2.9994626	-223.49232	8.910947	0.06261696	3.7642123e-05	3112.731840133667
66	952.31976	134.95822	1191.69	549.11584	964.9469	36.993782	1041.9031	927.0392	285.64706	281.15	329999	223.365	65.973976	223.3652	65.97306	2.998415	-223.93867	8.864356	0.062604554	0.00010298478	3160.7206716537476
67	943.30597	139.45595	1116.085	558.24445	1104.449	41.88025	1156.4095	969.9565	282.83334	329.85	334999	224.1832	66.09675	224.18347	66.09603	3.002608	-224.76477	8.824985	0.06264364	-0.0001584176	3209.0275349617004
68	1039.9425	77.1429	1166.1073	894.7487	710.0883	104.97967	917.2371	550.33997	310.0	240.9	339999	224.69678	66.58982	224.69705	66.58861	3.0012076	-225.28185	9.402303	0.063042745	-7.2988776e-05	3257.0502712726593
69	1067.2097	201.01135	1549.0261	607.07526	1203.2666	61.952835	1277.251	1093.398	320.1875	346.45	344999	225.35664	67.007355	225.35675	67.007385	3.00281	-225.92625	9.444995	0.06461973	-0.00017693879	3305.5448620319366
70	1068.7344	236.83566	1401.9923	566.48517	1220.96	99.29393	1351.6823	1006.39417	318.375	352.0	349999	226.08987	67.38559	226.08983	67.38636	2.9976423	-226.65726	9.414385	0.06437848	0.00015620129	3354.099660873413
71	1138.5841	309.5642	2068.0166	805.61633	956.38104	79.58225	1160.3009	885.70685	341.2143	283.85	354999	226.6901	67.59895	226.69032	67.59884	3.000171	-227.22295	9.244565	0.06323437	-7.109809e-06	3402.5371429920197
72	1133.2153	191.95029	1343.8939	634.428	1174.7717	81.81799	1323.846	1003.9601	330.73334	338.75	359999	227.15585	67.73523	227.15575	67.736534	3.0010786	-227.6847	9.643779	0.064212784	-6.4994056e-05	3451.3252024650574
73	1066.6001	134.82103	1295.859	825.89343	825.83044	11.043564	844.67426	807.28235	306.35294	241.25	364999	227.48904	68.08587	227.48895	68.08787	2.9995987	-228.02455	9.325623	0.06431709	2.9509187e-05	3499.6380858421326
74	947.1264	157.10437	1192.9764	661.16406	955.45087	64.02379	1074.0709	856.2307	272.16666	274.55	369999	227.9766	68.434456	227.97675	68.43695	3.0020475	-228.49538	9.014812	0.063619874	-0.00012902675	3548.1916859149933
75	917.49084	171.19296	1328.5829	660.1568	1001.1522	162.13147	1266.2848	767.85876	269.6842	289.0	374999	228.27617	68.60932	228.27623	68.608955	3.0001109	-228.7721	9.400124	0.06417385	-3.3109666e-06	3596.9136724472046
76	979.8294	184.33205	1336.9515	667.94867	1015.49036	105.2094	1096.2802	803.09796	283.52942	289.1	379999	228.79782	68.51746	228.79805	68.518326	2.9948523	-229.30035	9.081656	0.06456252	0.00033416823	3645.4359517097473
77	945.54224	147.59877	1309.012	739.57166	970.9748	101.47991	1143.2634	808.9483	274.33334	280.45	384999	229.02727	68.75198	229.02733	68.75167	3.001108	-229.52765	9.3096075	0.063539654	-6.6755616e-05	3694.034080028534
78	1011.1716	155.48877	1307.3876	781.4298	1016.10175	182.41235	1282.1147	820.4794	291.6111	289.25	389999	229.16302	68.93325	229.16298	68.933495	2.9985118	-229.65327	9.43898	0.062480666	9.739559e-05	3742.6344623565674
79	1010.68005	237.76962	1552.3767	400.98203	1055.9515	84.95063	1200.416	875.429	294.29413	307.15	394999	229.33115	69.03125	229.331	69.02885	2.9978986	-229.8039	9.186873	0.061649553	0.00013456358	3790.9915430545807
80	1205.7205	227.03342	1762.8562	887.827	82.410904	272.3817	1269.6918	18.935894	350.64285	38.05	399999	229.60893	69.07633	229.60886	69.073105	2.9983075	-230.09135	9.187911	0.061562214	0.00010675821	3839.5142889022827
81	1170.7507	176.40208	1443.4553	804.1649	1347.1531	197.93747	1869.3785	1076.3699	338.66666	384.55	404999	230.30092	68.80755	230.3012	68.80623	2.9973922	-230.77255	9.321791	0.061242115	0.00016046841	3888.75248837471
82	1158.8688	492.4876	1582.3746	17.689682	1370.696	64.04937	1550.4181	1244.8428	338.0	391.4	409999	231.05455	68.60998	231.05466	68.607956	3.002808	-231.52133	8.834686	0.05999561	-0.00016624508	3937.485219478607
83	1234.5438	232.44853	1701.7538	806.2142	1133.8448	16.696846	1168.6982	1109.5568	357.14285	328.25	414999	231.5165	68.72835	231.51653	68.72773	2.99588	-231.963	8.8444395	0.059451696	0.00025080514	3985.7146894931793
84	1104.9292	214.8407	1456.8185	627.4553	820.88605	99.38543	1239.3005	749.80005	321.125	238.7	419999	231.85706	68.72689	231.8571	68.72684	3.0025342	-232.29695	9.234703	0.05929701	-0.00014785469	4034.1234996318817
85	1140.377	95.604294	1341.6722	980.37714	1123.1516	86.59896	1323.874	933.188	331.8	323.0	424999	232.43903	68.55288	232.43892	68.551056	2.9963849	-232.87456	8.726763	0.059578076	0.00021799993	4082.599794626236
86	1113.9434	243.01488	1426.3041	597.5777	1130.4067	16.320974	1152.6726	1097.4573	327.0	332.15	429999	232.56915	68.78439	232.56947	68.78303	3.0003462	-232.99088	8.552639	0.05894	-1.6596317e-05	4131.089216709137
87	1007.4863	232.18547	1401.3354	589.9061	1146.2826	11.360042	1177.9536	1123.0944	295.88235	337.65	434999	232.94345	68.80654	232.9434	68.80494	3.0026655	-233.3796	8.452215	0.05957361	-0.00015475662	4179.531628608704
88	1191.474	150.24054	1593.613	947.2871	1213.9747	8.986322	1235.3058	1183.1954	348.73334	355.65	439999	233.50807	68.758736	233.50798	68.75856	2.9976625	-233.91824	8.361318	0.058451906	0.00014198537	4229.015465021133
89	1154.9333	169.81744	1408.6797	806.05225	936.8747	135.81659	1194.334	813.2739	337.14285	276.65	444999	233.92368	69.10277	233.9238	69.102646	2.9992983	-234.33064	8.171635	0.05796614	4.493124e-05	4277.357549190521
90	1159.8636	202.06236	1496.922	775.82574	773.2591	19.89306	798.9709	738.70966	339.46667	225.85	449999	234.37575	69.31246	234.37566	69.31112	2.9975748	-234.7867	8.341246	0.058649402	0.00014383429	4325.165273666382
91	1169.864	200.80466	1570.3059	826.0533	1250.7937	123.590744	1399.7734	969.7854	344.64285	358.25	454999	234.55353	69.471596	234.5537	69.47124	3.0041466	-234.94922	8.345447	0.0587393	-0.00023905329	4373.718385219574
92	1035.9464	198.57217	1397.8835	667.6822	1043.5159	153.81818	1341.2716	887.77216	301.47058	303.75	459999	234.48935	69.667114	234.4892	69.66767	2.9960117	-234.8851	7.882028	0.05832129	0.00023644965	4422.156942844391
93	1100.8528	296.5232	1657.4008	620.37616	1154.7922	93.362785	1278.9065	847.661	321.125	334.45	464999	234.7191	69.63073	234.719	69.630394	3.005468	-235.12305	8.058545	0.058470093	-0.00031840702	4470.584083557129
94	1125.0042	262.7253	1830.6016	742.72186	1257.8192	60.873535	1417.1687	1170.608	329.46667	365.35	469999	235.09966	69.530815	235.09967	69.53174	2.9933643	-235.4892	7.680838	0.05807175	0.00039187662	4519.215495586395
95	1160.061	277.52008	1757.2865	799.8499	1292.1427	77.92453	1397.872	1125.6371	338.46667	367.35	474999	235.44092	69.56372	235.44075	69.56118	3.0025089	-235.82083	8.012803	0.058021717	-0.00014153264	4567.772399187088
96	1160.1873	168.66335	1423.1317	828.41284	1303.174	47.16119	1394.4895	1228.7089	336.33334	369.9	479999	235.76115	69.63194	235.76128	69.63183	2.9986274	-236.1495	8.028731	0.05750392	8.247987e-05	4616.255947589874
97	1174.5231	122.39929	1406.5665	971.97766	1242.2195	75.18955	1334.9132	980.82043	340.64285	357.5	484999	236.22638	69.72662	236.22646	69.72633	2.9975913	-236.59525	7.8436437	0.057105724	0.00014003168	4664.730297088623
98	1180.6837	184.6722	1416.9313	757.833	1217.7593	126.095825	1391.7864	945.66064	341.93332	348.9	489999	236.55463	69.80132	236.5545	69.80187	3.0027218	-236.9213	7.739454	0.05749114	-0.00015172623	4713.190727710724
99	1108.0894	116.61641	1334.4061	841.8958	1208.0	20.317955	1246.1681	1166.5856	324.73334	353.05	494999	236.80443	69.9003	236.8044	69.90092	3.0021255	-237.16342	7.8632765	0.058381055	-0.000120061326	4761.5937936306
100	1203.1686	137.8286	1456.8572	990.12024	1185.3389	40.197994	1295.3447	1091.1841	350.46667	343.2	499999	237.01695	70.01908	237.01668	70.01962	3.000487	-237.3682	7.9257336	0.057733763	-2.5463032e-05	4809.988213062286
101	1208.9823	200.31894	1642.1226	685.20215	1027.6515	129.55583	1234.2675	881.77124	348.2857	306.7	504999	237.35722	70.0112	237.35762	70.01133	2.9988935	-237.7142	7.994362	0.05837992	6.856827e-05	4858.298295974731
102	1209.2751	115.27028	1407.7615	1000.94653	1158.9121	23.23339	1199.7288	1115.1804	346.92856	336.0	509999	237.81827	69.988144	237.818	69.98806	2.9989557	-238.1717	7.971823	0.0583281	6.4619424e-05	4906.66148352623
103	1217.9861	188.72629	1389.6215	766.55383	1264.3517	199.35487	1661.8143	1010.6785	349.0	363.9	514999	238.1168	70.06843	238.1169	70.07005	2.9975634	-238.44635	7.6228313	0.058277197	0.00014366594	4955.660482406616
104	1378.4712	265.43362	2073.985	1048.4711	1284.1462	98.04401	1516.9805	1183.2731	396.66666	368.9	519999	238.36024	70.13792	238.36035	70.13915	2.9974022	-238.6889	7.5725875	0.05741828	0.00015043106	5004.411393165588
105	1206.6842	135.03986	1466.7156	845.2494	1193.7975	37.306194	1309.9807	1150.6692	349.66666	350.7	524999	238.7134	70.04535	238.71346	70.04464	3.001357	-239.04347	7.495965	0.056035455	-7.307433e-05	5052.847695827484
106	1251.3274	197.384	1744.6625	846.02576	1050.6887	115.33708	1290.3715	863.3294	359.57144	302.85	529999	239.23863	69.99889	239.2385	70.000374	3.001569	-239.55444	7.321184	0.056198034	-8.6323824e-05	5101.244082212448
107	1339.1694	187.44438	1705.9075	1095.4618	1220.3577	116.516426	1366.2806	1045.334	382.69232	353.5	534999	239.14572	70.438446	239.1459	70.43878	2.9943433	-239.44553	7.466556	0.055392053	0.00032098993	5149.748563051224
108	1137.2095	173.52623	1406.8528	844.397	1005.7796	187.0745	1437.5017	862.79193	325.0	290.5	539999	239.32475	70.25575	239.32472	70.2554	3.0016677	-239.63844	7.4388924	0.0554267	-8.926289e-05	5198.37579536438
109	1086.9513	247.00787	1460.9152	636.353	1287.2502	62.32409	1397.7035	1191.4305	312.4375	365.95	544999	239.60245	70.19602	239.60237	70.19837	2.9962263	-239.9091	7.404064	0.05500951	0.0002102713	5246.96900510788
110	1263.1073	220.28793	1720.1794	862.36005	1410.4482	127.18471	1561.2098	1134.4637	362.0	394.15	549999	239.71985	70.15355	239.71997	70.153465	3.0040994	-240.0127	7.166214	0.05414459	-0.00022204246	5295.71089220047
111	1246.4825	121.327095	1487.1765	1028.8888	1030.4619	53.61534	1116.281	930.3609	355.35715	291.25	554999	239.68417	70.36996	239.68393	70.370255	2.9967155	-239.9793	7.0514054	0.054725636	0.00018367181	5343.85854434967
112	1222.4021	91.253044	1449.6815	1117.5469	1228.614	26.481707	1271.044	1184.6375	348.92856	353.3	559999	240.03903	70.23048	240.03888	70.23176	2.9969077	-240.3219	7.2564836	0.054435387	0.00016902175	5392.239239454269
113	1288.6106	146.70638	1555.4087	1107.2748	1357.5798	98.00181	1531.4901	1220.6056	371.07144	379.2	564999	240.44952	70.36822	240.44948	70.369354	3.000429	-240.74275	7.0714374	0.054229897	-1.9604326e-05	5440.796707391739
114	1171.6389	112.48674	1399.2516	990.3867	1408.8136	145.36209	1691.0973	1217.1793	339.85715	396.45	569999	240.8269	70.53842	240.82706	70.53951	2.9999082	-241.10907	6.7902174	0.053638563	7.5765133e-06	5489.747759342194
115	1307.3473	112.29106	1493.7854	1134.4147	1281.7858	83.996956	1399.8953	1137.3442	373.2857	359.95	574999	241.08247	70.670105	241.08244	70.67011	3.0007255	-241.3537	6.8685017	0.053693384	-3.5952784e-05	5538.378319978714
116	1200.3049	123.492424	1423.8903	960.07025	1309.9391	110.50603	1513.2573	1177.6064	337.57144	375.8	579999	241.42862	70.77332	241.42834	70.77308	3.008275	-241.70837	6.867638	0.054403972	-0.00045448562	5587.253650665283
117	1282.9235	181.78914	1711.1615	893.57965	1174.3804	50.650417	1253.9178	1059.7683	364.7857	329.6	584999	241.86185	70.7006	241.8617	70.703026	2.9932554	-242.14595	6.7187185	0.05434524	0.0003783935	5635.869295358658
118	1210.4329	154.00139	1419.9957	861.33496	870.1738	102.88628	1110.8823	745.6245	348.53333	242.8	589999	242.34422	70.768875	242.34418	70.76894	3.0001693	-242.61575	6.6309094	0.05400309	-5.9129598e-06	5684.405796766281
119	1171.7043	230.02528	1752.1315	731.5645	1374.0089	147.75517	1640.4757	1118.6173	333.7143	388.25	594999	242.59074	70.95277	242.5905	70.95553	3.000833	-242.86305	6.7158623	0.05407981	-4.2441283e-05	5733.393515586853
120	1289.0048	479.9558	1821.7482	23.124407	1284.1613	214.50273	1539.5414	875.8489	368.23077	360.2	599999	243.03708	71.00593	243.03696	71.007835	2.9989457	-243.318	6.8109155	0.054130726	5.9805425e-05	5782.336631536484
121	1430.7981	240.39967	1969.6967	893.50934	1516.6897	159.70563	1913.8547	1263.5466	408.30768	430.0	604999	243.17705	71.05141	243.17703	71.05324	2.9986727	-243.43585	6.730617	0.053107843	7.454295e-05	5831.546015024185
122	1346.0542	163.18098	1690.7811	1115.008	1320.3248	144.76784	1615.4987	1057.063	380.53845	376.25	609999	243.2688	71.10564	243.26852	71.107605	2.9986134	-243.52475	6.6240907	0.053364832	7.682163e-05	5880.516345739365
123	1281.4968	419.601	1820.1724	25.55718	1658.3965	89.2991	1845.1166	1484.3281	363.7143	466.65	614999	243.49065	71.223656	243.49055	71.2267	3.003446	-243.75325	6.7718983	0.053073596	-0.00018200124	5929.583556652069
124	1444.7689	287.0247	2284.6873	1154.9192	2271.0122	602.17725	3305.4956	1088.3525	408.41666	657.3	619999	243.7984	71.27785	243.79832	71.279175	2.9973562	-244.05212	7.111935	0.053400245	0.00014522226	5980.252300977707
125	1698.0947	442.52017	2833.2236	1161.795	2095.373	141.35043	2448.6443	1939.7526	481.3	607.75	624999	244.06842	71.36163	244.06854	71.36364	3.0020304	-244.3176	6.7957406	0.053752955	-0.00010568328	6030.017751693726
126	1551.055	376.42883	2739.271	1202.648	1824.709	173.08313	2134.9976	1619.353	443.58334	520.95	629999	244.45097	71.18727	244.45074	71.1894	2.9984312	-244.69826	6.369879	0.05322207	8.679745e-05	6079.532573699951
127	1572.7708	320.63516	2027.3418	1006.5893	2798.557	424.8833	3391.5366	2165.346	450.81818	817.95	634999	244.73836	71.21408	244.7384	71.21563	2.9982445	-244.98164	7.1558022	0.052809007	9.6032134e-05	6130.18617939949
128	1592.7489	319.1056	2258.8044	990.4453	1738.24	438.0468	2431.3662	739.37146	448.81818	494.55	639999	245.1169	71.15654	245.11693	71.158325	2.9985263	-245.34615	6.7190685	0.052305304	7.948073e-05	6179.88862323761
129	1376.8275	280.6032	1831.2899	811.5624	1263.8894	78.39261	1369.7563	1141.3848	393.76923	363.55	644999	245.27353	71.277504	245.27362	71.2805	2.9982233	-245.51065	6.541192	0.05246423	9.464032e-05	6228.719254732132
130	1518.1239	360.7969	2270.726	1002.52155	1785.1439	145.41383	2093.94	1612.6832	433.45456	508.1	649999	245.58362	71.38752	245.58356	71.39023	2.9994583	-245.8051	6.909383	0.05180985	3.1122305e-05	6278.075376749039
131	1548.9879	286.1115	2169.0967	1115.5575	1353.1602	44.37452	1407.4678	1247.0557	440.66666	387.45	654999	245.83282	71.39407	245.8324	71.396355	3.0020106	-246.0505	6.809805	0.052467298	-0.00010056497	6326.857113361359
132	1884.0393	668.3699	3306.1155	1119.1434	1517.4773	143.7132	1819.1702	1268.0143	546.55554	433.4	659999	246.2562	71.128395	246.25623	71.130714	3.0042949	-246.48265	6.6377125	0.05243816	-0.00022325925	6376.070615530014
133	1614.0897	563.9596	3155.8684	1068.9747	1388.9758	99.58542	1693.8776	1261.1998	464.45456	397.65	664999	246.48697	71.33151	246.48688	71.332436	2.9995494	-246.70605	6.523906	0.052687593	2.730713e-05	6425.103480577469
134	2031.3921	814.8845	3310.9912	1278.0928	1296.7119	167.21777	1740.3745	1128.8773	597.375	371.4	669999	246.84492	71.47379	246.84496	71.47587	2.999075	-247.06273	6.6573954	0.052810848	5.192172e-05	6474.117265462875
135	1570.9894	645.8006	3419.2417	895.3521	1507.1143	781.0155	3326.038	913.3751	451.27274	438.65	674999	247.33223	71.54006	247.33217	71.543434	2.9983032	-247.5607	6.422068	0.05270292	9.2599155e-05	6524.6966671943665
136	1652.402	614.3216	3011.6777	775.6069	1523.2903	40.83634	1590.4602	1378.6868	468.54544	423.2	679999	247.58075	71.81957	247.58072	71.82206	3.0003607	-247.8034	6.3320594	0.053039685	-1.5828318e-05	6573.567719221115
137	1613.7632	462.5713	2763.908	978.88354	3268.4312	145.57622	3486.2856	2837.0398	460.0	967.9	684999	248.0661	71.62715	248.06592	71.628265	3.0016081	-248.2898	6.417582	0.053039685	-8.213555e-05	6624.297627687454
138	2478.0103	851.6291	3384.3987	1152.4968	1447.8701	131.14717	1686.1354	1238.235	727.7143	418.45	689999	248.49574	71.600395	248.4956	71.60194	2.9970515	-248.71773	6.2993283	0.05284784	0.00015795794	6673.350307941437
139	1589.3575	668.2719	3352.2305	810.8643	2468.687	453.53848	3418.5696	1835.729	455.4	694.15	694999	248.8307	71.78174	248.83064	71.78175	2.9996893	-249.02638	6.344382	0.0520712	1.8645558e-05	6723.899977207184
140	1497.6299	733.47296	3336.7837	793.05035	3307.4329	28.703892	3333.0527	3192.1287	430.75	995.85	699999	248.90007	71.94118	248.9	71.94337	3.0000157	-249.1058	6.277762	0.052004524	1.8752664e-06	6774.559693098068
141	2190.231	896.18365	3362.999	875.34735	2174.4578	201.44458	2692.7278	1831.3762	640.5	610.85	704999	249.30757	71.93791	249.3075	71.93862	3.0007849	-249.52228	6.249405	0.052556176	-3.780798e-05	6824.511708498001
142	2195.7	735.2297	3360.9158	1251.4207	2555.923	1007.1009	3345.8215	936.70715	630.875	759.15	709999	249.6842	71.98151	249.68414	71.98251	3.0003245	-249.88754	6.159904	0.051878735	-1.424855e-05	6875.7300181388855
143	2166.837	868.7054	3371.2258	1139.7913	3337.664	8.735196	3349.8645	3317.8547	626.25	1000.0	714999	250.47365	71.7017	250.47372	71.701996	3.0006704	-250.67723	6.0784483	0.05198066	-3.2671083e-05	6926.930037021637
144	2192.8237	723.24207	3332.4387	1317.4801	1133.532	38.978764	1214.7773	1086.8015	630.0	321.75	719999	250.99083	71.81241	250.99095	71.81425	2.9941783	-251.1921	6.3411736	0.05154444	0.00030241103	6975.237716674805
145	2378.9077	683.58044	3355.6023	1191.4772	3141.7632	502.82187	3394.6008	1927.3856	691.2857	926.2	724999	251.34164	72.09336	251.3412	72.094864	3.0027792	-251.54095	6.2700586	0.05165929	-0.00013862098	7026.478936433792
146	2229.4355	908.5829	3365.9768	882.88666	1132.636	110.13264	1268.2062	925.736	650.25	323.6	729999	251.91632	72.05156	251.91624	72.05298	3.001838	-252.12355	6.1631923	0.051614854	-9.213305e-05	7074.961948633194
147	2169.2852	744.1032	3516.6047	1613.3766	1168.629	81.43544	1301.6847	1066.2292	624.75	324.3	734999	252.54083	71.93137	252.54073	71.9325	2.9967225	-252.7302	5.9770823	0.05112157	0.00017134982	7123.318797588348
148	2171.109	778.0298	3369.182	1252.0742	2949.0698	362.7575	3528.362	2280.2856	625.875	841.35	739999	252.82437	71.97445	252.82425	71.97523	2.9993858	-253.00694	5.9043336	0.050861813	3.3965505e-05	7174.5224096775055
149	2057.069	528.4348	2977.5164	1444.6526	1365.8712	464.92575	3377.6912	1169.3434	591.0	384.8	744999	253.2661	71.88098	253.2661	71.882805	3.0013747	-253.45352	6.0383706	0.051143005	-6.7003406e-05	7225.803153753281
150	1964.1515	904.1023	3475.2168	896.44574	1510.3602	79.299774	1679.4869	1381.4279	576.44446	430.45	749999	253.47176	72.09256	253.47173	72.09361	2.9993136	-253.65105	5.9420295	0.05101125	3.795399e-05	7274.812431097031
151	1976.3678	585.2312	3337.1008	1383.1354	2929.8489	496.3633	3519.0598	2054.2793	575.25	848.55	754999	253.40712	72.29799	253.40732	72.29788	2.9994416	-253.59544	6.2172604	0.05142694	3.088135e-05	7326.146734237671
152	3135.2473	467.5373	3500.1855	2196.012	3329.739	147.73074	3426.0405	2866.594	907.6667	978.0	759999	253.88962	72.13469	253.88957	72.136475	3.0006323	-254.06425	5.995925	0.050750993	-2.8902894e-05	7377.307954072952
153	2285.3696	821.9166	3445.6692	1273.1453	1948.4371	617.84033	3402.5786	1403.575	654.0	552.35	764999	253.97485	72.222404	253.97462	72.22536	2.99552	-254.13365	5.895151	0.050573315	0.00022605764	7428.605115413666
154	2237.9875	717.8777	3423.978	1032.7738	1595.5068	777.6572	3456.836	1113.7725	641.625	447.4	769999	254.26942	72.078094	254.26955	72.07829	3.0061429	-254.435	5.990818	0.051258143	-0.00030581807	7479.862945556641
155	1520.2273	625.9199	3366.4873	855.50684	1970.3796	221.90622	2410.7693	1602.1917	435.63635	555.9	774999	254.23045	72.017944	254.23047	72.019295	2.9985025	-254.39172	5.9688168	0.051021386	7.903512e-05	7529.661712408066
156	2406.6777	856.6242	3506.8381	979.14954	1971.1052	265.18927	2673.2815	1697.0552	690.25	551.85	779999	254.44687	71.79105	254.44695	71.79005	3.000561	-254.61246	5.774014	0.0505172	-2.6045413e-05	7579.870130777359
157	1949.0573	637.2858	2910.2366	1000.0698	1107.252	61.894817	1223.7758	1041.1882	551.5	308.45	784999	254.77675	71.811615	254.77667	71.81258	2.9961832	-254.9416	6.1457357	0.050211534	0.00019491291	7628.147860527039
158	3092.448	384.0241	3370.4773	2424.404	3374.689	15.041475	3426.5095	3351.9648	912.1667	1000.0	789999	255.23097	71.8184	255.23096	71.81804	3.0042858	-255.40344	5.8428903	0.05053662	-0.00021311211	7678.998027563095
159	2031.5472	839.5926	3413.9744	1194.4203	1338.3923	90.13264	1454.7781	1110.4558	581.875	376.1	794999	255.92094	71.79164	255.92075	71.79247	2.999311	-256.1027	5.881606	0.05094093	3.8733608e-05	7727.551010608673
160	2024.1738	840.79767	3489.0835	1044.3762	1452.8987	100.3775	1639.6958	1333.608	577.55554	410.25	799999	256.49677	71.8019	256.49677	71.80358	2.9948742	-256.68143	6.073565	0.05072959	0.00025939505	7776.398333787918
161	2198.8594	910.3295	3390.9685	1203.8262	1923.4889	175.9395	2211.9963	1703.5886	629.5	542.4	804999	256.85892	71.794685	256.8589	71.796814	3.003747	-257.02533	5.86177	0.049857005	-0.00018385315	7825.853742361069
162	1951.5516	753.6712	3430.0615	1030.8231	2050.1511	193.35147	2567.5972	1761.979	554.6667	587.0	809999	256.94333	71.96028	256.9431	71.96206	2.9964297	-257.1047	5.6546865	0.050393946	0.0001808548	7875.713051557541
163	1792.1383	741.0948	3368.6511	885.8599	1117.2825	50.048683	1284.4065	1083.3717	510.4	310.95	814999	257.0781	72.02367	257.0782	72.02493	3.0017917	-257.2337	5.845407	0.049963497	-8.621055e-05	7924.102917909622
164	1573.3484	899.0783	3466.32	684.4892	1798.2734	862.7665	3434.0693	1086.7798	448.45456	508.55	819999	257.4088	72.073524	257.40884	72.07458	3.0001912	-257.5605	5.7756653	0.049814943	-6.9434045e-06	7975.391938447952
165	1441.626	775.0982	3337.347	666.2652	2459.2756	503.68378	3446.709	1790.0383	412.36365	693.1	824999	257.7332	72.02644	257.73312	72.02844	2.9929073	-257.8903	5.8121595	0.049815856	0.0003481792	8026.556495666504
166	1897.4404	641.7166	3338.4917	835.8837	1723.3353	178.03535	2033.1653	1183.2201	540.3	480.4	829999	257.83994	72.163826	257.83972	72.16352	3.0033655	-257.99026	5.7456946	0.04844654	-0.00015854291	8075.88152718544
167	1587.9391	774.573	3359.476	777.6138	1733.0033	390.56638	2529.6494	1376.9606	452.54544	485.8	834999	258.0143	72.12204	258.01404	72.123215	3.0015175	-258.1614	5.9358354	0.049464263	-7.1614384e-05	8125.909047603607
168	1804.6819	1171.8646	3502.837	649.19257	788.0854	10.025314	808.10724	757.99585	519.7	229.4	839999	258.20853	72.129105	258.20853	72.13081	3.000385	-258.33926	5.531235	0.049272593	-1.6955566e-05	8172.274424791336
169	1451.3467	739.4662	2978.9949	644.427	1283.869	132.69264	1787.1198	1151.6188	413.25	356.1	844999	258.00906	72.44224	258.0092	72.44372	3.0016959	-258.1498	5.368591	0.049379136	-8.215113e-05	8221.921917200089
170	1728.3246	920.115	3352.9822	741.83276	1662.5463	476.90094	3392.978	1359.4608	494.4	471.35	849999	258.2831	72.36391	258.28323	72.3635	3.0007675	-258.4285	5.673433	0.049866863	-3.6417394e-05	8273.647817134857
171	2176.3594	873.1016	3357.5417	915.58954	2247.2173	754.05756	3546.461	1449.9614	620.1429	631.45	854999	258.61514	72.320366	258.6151	72.32272	2.995581	-258.77	5.5080066	0.048964653	0.00022111052	8324.878975629807
172	2002.2899	1106.6975	3530.633	774.62	2798.0693	769.00287	3321.441	1492.0132	571.3333	835.55	859999	259.00912	72.36735	259.00916	72.36762	3.0010993	-259.15082	5.2950735	0.04923255	-5.1544976e-05	8376.273378372192
173	1272.1758	869.5453	3356.5342	632.5631	933.5791	235.17334	1873.0875	739.4875	368.53333	264.2	864999	259.0937	72.702065	259.09348	72.702446	2.9985542	-259.2315	5.2535367	0.049274053	7.293934e-05	8425.324238061905
174	972.9402	597.07965	3280.4287	652.2416	873.6248	40.768215	934.1569	814.2039	284.27777	250.85	869999	259.1098	72.708664	259.11	72.70795	3.003571	-259.2513	5.4980803	0.049645983	-0.00017271134	8473.265980243683
175	965.1743	614.02234	3284.8018	606.0821	2723.4106	839.0112	3386.577	1262.6771	284.05884	808.75	874999	259.26584	72.80866	259.26584	72.80907	2.9993968	-259.41284	5.457065	0.04949244	3.2803644e-05	8524.569754600525
176	1502.746	847.10944	3385.1843	889.6716	1546.2152	123.25253	1826.7775	1383.9148	431.75	436.15	879999	259.36255	72.805954	259.36276	72.80596	2.9997015	-259.49716	5.369782	0.049419712	1.7256118e-05	8573.531866550446
177	2458.216	1040.5159	3379.7146	821.94165	1085.6794	38.447136	1155.442	995.6735	725.1429	303.95	884999	259.45462	72.88498	259.45407	72.88639	3.001392	-259.58698	5.336017	0.049902216	-6.67128e-05	8621.446873903275
178	1434.179	920.94714	3350.0193	713.25714	2827.3179	732.72314	3388.5706	1513.3131	415.63635	843.65	889999	259.7154	72.912476	259.7154	72.91231	2.9978971	-259.8445	5.39757	0.049990933	0.00010740703	8672.375730276108
179	1555.1266	842.41705	3371.105	835.99255	3021.1753	693.7748	3318.3435	1032.9545	446.75	911.65	894999	259.82303	73.02956	259.8233	73.031075	2.9990153	-259.93835	5.1765537	0.049442112	5.0937677e-05	8723.193991184235
180	2073.035	1075.5895	3363.8884	788.72845	1174.2219	70.98197	1294.6478	1058.4156	617.1429	322.6	899999	259.92682	73.057434	259.9267	73.05816	3.001877	-260.05206	5.3116965	0.049243174	-8.9843204e-05	8771.276712179184
181	2047.9185	919.2879	3314.3123	1011.70593	1205.6992	699.1425	3304.0698	853.6981	604.6667	344.4	904999	260.2632	72.727135	260.26306	72.72704	2.9970746	-260.38876	5.0814533	0.049231246	0.00014582886	8822.177672863007
182	2149.0688	1000.2309	3328.624	735.35364	2955.025	673.7665	3396.3618	1556.0857	631.875	876.8	909999	260.57843	72.55445	260.57834	72.55396	2.9992077	-260.6986	5.2857623	0.048760075	4.055294e-05	8873.130878925323
183	2935.6921	824.14825	3367.987	1287.5553	1413.4468	67.07579	1617.0972	1355.4736	870.8	400.45	914999	260.8644	72.53224	260.86462	72.533844	3.0018306	-260.9843	5.0293636	0.048942327	-8.620469e-05	8921.498289823532
184	3303.4644	26.33095	3322.725	3251.426	3252.715	12.718264	3285.3328	3238.0378	989.4	1000.0	919999	261.33365	72.427086	261.33356	72.42775	3.000823	-261.44788	5.0975084	0.048911717	-3.783728e-05	8972.530391454697
185	2721.0059	920.67773	3321.741	1095.2964	2600.439	836.00165	3361.0532	1434.2095	816.0	765.7	924999	261.63922	72.35698	261.63898	72.35612	3.0000799	-261.75583	4.948257	0.048851408	-1.4718235e-06	9023.5319814682
186	2702.6404	878.1685	3358.767	1407.946	2765.2012	768.3133	3337.419	1430.7413	803.6667	822.05	929999	261.90396	72.416725	261.90396	72.41755	2.9960418	-262.02484	5.0239987	0.04873059	0.00019405369	9074.469454288483
187	3352.5854	42.665417	3429.5017	3299.5376	3349.5085	5.9429297	3359.257	3338.876	1000.0	1000.0	934999	262.28415	72.4557	262.2842	72.455956	3.0029202	-262.4085	5.036961	0.048383497	-0.00013795825	9126.118950843811
188	3070.8745	556.78284	3373.0103	1957.6783	1530.785	641.8054	3391.127	1200.0051	910.8	423.75	939999	262.9135	72.1516	262.91342	72.151695	2.997286	-263.0349	4.999596	0.04824997	0.00013328038	9179.676701784134
189	2813.4395	865.053	3374.894	1388.0126	1508.5226	206.92775	2269.8503	1385.8291	833.4286	427.75	944999	263.2297	72.20182	263.22968	72.201836	2.9995656	-263.34412	5.0361395	0.047727432	2.3075014e-05	9230.829156160355
190	2084.345	1104.3468	3359.5364	105.0869	3042.606	616.69104	3463.6118	1581.4313	616.5	893.1	949999	263.37073	72.37674	263.37036	72.37654	2.9971411	-263.48236	4.9032464	0.048068535	0.00013708201	9283.166010141373
191	2729.2063	879.15784	3374.941	1482.6403	3042.7124	683.30994	3392.6672	1645.8287	806.8333	896.0	954999	263.65405	72.31145	263.65424	72.312225	3.0021098	-263.77225	4.920733	0.04778463	-9.625634e-05	9334.286504507065
192	2515.6704	969.7065	3359.0017	1300.1669	2353.2036	1018.9487	3385.0154	1105.1434	739.7143	691.6	959999	263.9226	72.28326	263.9223	72.28392	3.0010865	-264.02347	5.13369	0.048372593	-4.8979593e-05	9385.432591676712
193	2437.9436	740.0676	3367.9727	1562.5769	2475.4207	917.47534	3473.5088	1394.0924	702.0	723.6	964999	264.12036	72.219086	264.1204	72.218765	3.0017722	-264.2203	5.1192226	0.047306698	-8.2569124e-05	9436.773399591446
194	2888.2837	926.3245	3379.5972	1035.9285	3343.897	9.251168	3360.2117	3328.7114	856.6	1000.0	969999	264.4065	72.181984	264.4066	72.1815	3.0011065	-264.51038	4.7422347	0.047930364	-5.0978757e-05	9488.104387521744
195	2906.3848	639.46375	3367.3403	1973.5134	1477.4459	131.99843	1893.7806	1383.2932	854.0	416.8	974999	264.77707	72.154945	264.77682	72.15488	2.998504	-264.8792	5.1933475	0.048263855	7.489922e-05	9537.226318836212
196	2730.4336	999.26697	3377.1968	1001.591	2220.2847	821.69305	3491.9338	1399.4862	808.1429	632.0	979999	265.20486	72.04817	265.2049	72.04646	2.998795	-265.3129	5.3167195	0.048294127	6.025936e-05	9588.617707014084
197	2109.651	960.5951	3370.2551	1012.5202	2168.4646	834.12634	3615.8645	1418.5269	614.4286	608.9	984999	265.52625	72.15137	265.52618	72.15072	3.0006378	-265.6445	4.9500837	0.047647417	-2.8147655e-05	9640.107303380966
198	3290.4934	172.2652	3412.9766	2949.7021	3391.304	4.8087378	3399.2793	3383.833	966.2	1000.0	989999	265.95056	72.068794	265.9505	72.06972	2.9980989	-266.04782	5.084601	0.04818237	9.2993716e-05	9691.433224916458
199	3360.5215	17.271938	3390.599	3341.4612	3052.8071	694.8531	3419.3782	1257.3606	1000.0	893.6	994999	266.2253	72.195465	266.2253	72.19571	2.9994783	-266.3293	4.8915277	0.047353256	2.6997603e-05	9742.674924612045
200	2029.3156	981.3495	3350.6245	864.0047	1088.9615	64.08383	1221.0139	943.83575	588.6667	300.35	999999	266.68542	72.211426	266.6855	72.211975	3.0008545	-266.7802	4.719773	0.047863424	-3.778509e-05	9790.8658452034
