Epoch	AverageEpRet	StdEpRet	MaxEpRet	MinEpRet	AverageTestEpRet	StdTestEpRet	MaxTestEpRet	MinTestEpRet	EpLen	TestEpLen	TotalEnvInteracts	AverageQ1Vals	StdQ1Vals	AverageQ2Vals	StdQ2Vals	LogPi	LossPi	LossQ	Alpha	LossAlpha	Time
1	16.727495	3.0928805	28.191366	10.318654	70.61215	13.599767	107.911964	40.156067	14.274285	65.4	4999	12.148138	7.501336	12.1486635	7.502642	-2.1308846	-13.254935	0.22692332	0.12821397	1.0617266	49.0974006652832
2	16.780617	3.424246	32.61507	10.816006	94.02458	8.366538	110.68335	80.57221	14.215909	85.05	9999	26.578312	11.301531	26.578682	11.3026085	1.190698	-28.637794	0.40558872	0.051187508	0.26138574	102.53784942626953
3	81.98827	24.289068	186.64069	28.6012	82.80281	32.305447	137.32603	28.764133	75.21212	78.75	14999	40.02019	13.947234	40.01968	13.956062	4.8812666	-42.596584	1.6100614	0.023582852	0.029605445	160.61117720603943
4	71.43076	30.924389	142.67972	14.287836	86.69304	51.269367	170.8837	16.347862	74.98508	95.35	19999	50.411232	18.002329	50.41102	18.006323	6.029465	-52.996506	1.3554366	0.02178872	-0.00061552704	218.9442925453186
5	86.523575	58.258533	358.25797	18.454363	395.89984	292.71985	782.2342	56.733562	79.55556	517.2	24999	55.7777	21.100159	55.777676	21.099556	5.982575	-58.1462	2.03064	0.020098511	0.00037228977	293.3397047519684
6	195.81418	222.15578	728.058	13.304071	308.75858	356.71695	943.5645	18.696016	262.7619	354.85	29999	59.151176	22.439808	59.1513	22.440752	6.064841	-61.371136	2.3006215	0.023873352	-0.0014948212	368.57351565361023
7	349.2403	311.71228	842.27423	33.270393	478.65347	446.60434	989.44495	14.8386755	404.54544	502.8	34999	63.420605	23.30166	63.420605	23.301935	5.9564323	-65.42691	2.2065382	0.024343949	0.0010587759	444.59721994400024
8	487.8349	363.6802	830.3084	16.837238	321.91672	269.2407	805.01355	20.003632	592.8889	390.4	39999	66.67437	22.895803	66.67433	22.896433	5.9740944	-68.485725	1.6914947	0.022030253	0.00057108805	521.0615549087524
9	272.59247	263.44052	791.64075	12.166896	555.5105	373.92178	935.08777	1.8894913	357.46155	686.15	44999	69.26847	22.315048	69.26843	22.31576	5.9221363	-70.90224	1.5784976	0.018117191	0.0014302196	597.5533740520477
10	152.62476	193.98152	898.7154	15.059107	381.5772	317.5372	820.37634	33.96487	175.59375	445.25	49999	70.54889	22.345547	70.5486	22.347595	5.9753428	-72.03463	1.7479043	0.015786419	0.0003779244	674.5984168052673
11	182.00221	203.06754	892.4853	36.582027	175.33495	170.91072	896.4484	89.13452	183.25	166.7	54999	70.659874	23.083412	70.659966	23.084114	6.0405097	-72.03937	1.8657441	0.015657255	-0.0006357792	750.9618704319
12	274.159	285.0158	907.0366	25.383392	365.61786	297.26837	836.59424	79.87241	293.4375	419.95	59999	71.19693	23.675795	71.19689	23.67714	6.001257	-72.50331	1.7540766	0.017256824	-1.7477727e-05	827.2925772666931
13	685.55005	213.84724	813.5359	210.65001	276.37613	190.85014	810.0157	111.50136	869.1667	306.65	64999	72.688385	23.615446	72.68851	23.61716	6.003231	-73.93909	1.573833	0.017451713	-5.2712876e-05	901.9577238559723
14	234.77167	206.56206	801.1267	13.384311	685.51013	236.09494	817.51556	36.195072	267.73685	870.3	69999	74.1099	23.248823	74.109955	23.251017	5.9828596	-75.29005	1.5042638	0.017150715	0.0002932032	977.8446061611176
15	295.58734	309.14587	833.9092	29.983297	532.8523	334.42175	820.7413	12.093218	351.07144	649.9	74999	75.14885	23.32329	75.14905	23.325172	5.9734826	-76.26079	1.5607944	0.015829245	0.00040924398	1053.7221307754517
16	318.85614	272.5471	811.852	33.881233	332.27707	257.04367	836.5225	100.900345	379.07693	396.85	79999	75.49071	23.477066	75.49085	23.47868	6.023646	-76.516525	1.5212388	0.015209488	-0.00035591944	1127.751515865326
17	297.9097	243.42638	804.8936	42.908566	387.92715	306.2338	820.6089	116.36147	346.2857	449.1	84999	75.52979	23.150196	75.52986	23.152699	5.9909763	-76.50225	1.6078321	0.015889587	0.00014632511	1202.4491546154022
18	574.9358	287.19885	800.3198	83.21276	445.72028	319.5267	816.1629	46.45681	735.1667	572.65	89999	75.668365	22.447454	75.66841	22.44988	5.993884	-76.60111	1.4952433	0.014977842	9.7321274e-05	1278.3488578796387
19	566.44006	288.9875	800.4911	33.153942	688.95483	271.96716	912.5524	43.83683	727.75	867.2	94999	76.197014	21.792019	76.19705	21.794685	6.0050435	-77.101974	1.3523521	0.015721543	-7.270346e-05	1354.0450248718262
20	750.0873	28.151613	791.00195	704.7924	675.04974	284.76657	909.93005	17.794195	1000.0	827.65	99999	76.918236	21.205751	76.91841	21.208128	5.9801326	-77.796616	1.2416428	0.0147424955	0.0002969749	1429.6092586517334
21	336.04846	292.69983	780.25397	17.349272	621.9408	324.2405	914.1379	31.05662	425.2	756.55	104999	77.93612	20.638346	77.93616	20.640684	6.0115614	-78.79292	1.2613537	0.014570566	-0.00016192945	1505.4079847335815
22	329.58942	329.16647	837.56177	30.180712	414.00372	363.05917	989.18756	21.207504	393.15384	506.3	109999	78.22462	20.399158	78.22476	20.400068	5.992457	-79.0013	1.2194911	0.014350681	0.00011453572	1580.8867964744568
23	273.45862	316.1203	811.4269	24.704056	271.96088	337.2755	793.9474	28.262623	344.46667	373.0	114999	77.899376	20.471514	77.89946	20.473839	6.029734	-78.642426	1.4921563	0.013935294	-0.00044402384	1656.0742089748383
24	281.072	346.32697	914.59454	13.428212	577.36945	331.61917	919.9138	94.139915	352.85715	670.8	119999	77.9982	20.61989	77.99825	20.622301	5.9483056	-78.73616	1.4931352	0.01509541	0.000759808	1731.4726240634918
25	498.57965	313.22083	895.28815	29.385286	686.0783	299.31354	910.41345	59.39454	612.6667	820.05	124999	78.03219	20.482132	78.0322	20.485779	5.99993	-78.75531	1.4645996	0.012933249	4.860246e-06	1806.7088556289673
26	332.00925	346.46558	857.4869	26.295166	558.5283	314.8834	809.9898	14.482632	409.18182	729.0	129999	78.91181	20.155294	78.9117	20.159393	6.003404	-79.65366	1.5579221	0.013134703	-4.159564e-05	1881.9395208358765
27	664.2647	112.0212	778.85126	491.21896	530.1913	383.93005	998.475	13.647493	1000.0	680.0	134999	79.89739	19.69327	79.89757	19.695602	6.0563803	-80.62386	1.6515844	0.01635302	-0.00084871036	1957.787704706192
28	834.21643	29.539341	860.48047	780.29266	575.289	391.41812	910.06085	29.68805	1000.0	668.15	139999	80.92853	19.822956	80.928215	19.826391	6.0879974	-81.68618	1.5332994	0.019572303	-0.0017218525	2034.397257566452
29	665.9759	274.12695	917.1867	106.782936	378.57886	338.68332	911.41724	29.528612	775.2857	413.4	144999	83.06611	19.68186	83.066124	19.682909	5.9283643	-83.872025	1.4678655	0.019468935	0.0014655157	2110.812474489212
30	186.77658	221.02954	780.5589	7.070084	552.7484	397.51422	989.5327	13.172819	217.13043	610.0	149999	84.97987	20.04173	84.97972	20.04356	5.950329	-85.74967	1.6068614	0.018255075	0.0008683793	2186.8342418670654
31	817.9938	95.73884	927.27045	711.1046	697.28424	316.16727	1009.2013	62.8253	1000.0	819.7	154999	84.999	20.205355	84.99905	20.207933	5.9543095	-85.68586	1.4930755	0.014788791	0.0006819896	2263.277698993683
32	436.60565	362.56458	862.0776	23.823751	451.1979	445.79956	1011.25745	24.675787	542.75	481.0	159999	84.13646	19.794384	84.13652	19.797379	5.9704256	-84.77054	1.4744785	0.012309538	0.00038273737	2339.4112617969513
33	823.5561	117.55673	967.9284	650.50854	666.85284	370.45764	1010.2027	33.79379	968.1667	760.0	164999	83.44877	19.31756	83.44877	19.31812	5.997715	-84.08338	1.4567182	0.0119586075	3.0665356e-05	2415.819697856903
34	665.5042	318.9214	946.8089	8.433782	755.4778	163.49907	1002.7414	135.20668	774.8333	956.55	169999	83.483986	18.927546	83.4839	18.928864	5.993361	-84.10997	1.3436843	0.012021211	8.227195e-05	2491.3562808036804
35	625.5035	372.31143	927.88806	37.548683	578.8814	318.56165	915.16156	25.549294	730.0	702.4	174999	83.3499	18.61541	83.350006	18.616095	6.0311046	-83.94882	1.3211207	0.012442901	-0.00038694814	2566.02547621727
36	635.32587	240.69402	826.5988	140.66855	669.51624	261.7816	917.1479	47.212925	817.5	862.6	179999	83.17901	18.291162	83.17902	18.29312	6.0137334	-83.76505	1.3124149	0.014209104	-0.00018294017	2640.8301119804382
37	618.4232	284.01346	859.2206	43.495113	374.29077	360.77472	916.25006	32.758102	764.0	475.9	184999	83.16353	18.060732	83.163506	18.061968	5.969072	-83.74224	1.2229787	0.013340689	0.00042196078	2714.9896762371063
38	488.63617	388.37573	949.10986	23.040125	722.7727	280.8948	914.91077	44.39607	587.2222	837.3	189999	83.231705	18.059093	83.23164	18.05995	6.000402	-83.803986	1.2410774	0.012685392	-3.629327e-08	2790.7583808898926
39	627.7958	252.86766	960.9196	306.05527	825.5628	195.16173	996.1101	88.96377	736.7143	954.25	194999	83.148315	18.019585	83.1483	18.021143	6.0110226	-83.69391	1.205464	0.012350549	-0.0001529375	2866.0556633472443
40	661.7235	357.13422	926.30817	91.72249	681.2327	286.08643	862.0486	33.84395	747.0	827.05	199999	83.00566	17.949202	83.005646	17.950104	5.978311	-83.5389	1.2524878	0.013419849	0.00029556768	2941.616896390915
41	617.7035	359.9797	913.93616	56.99505	402.5251	328.74463	972.6081	33.9715	696.0	440.25	204999	83.14819	17.70462	83.1481	17.70505	6.0076184	-83.678116	1.2225188	0.012993553	-9.623043e-05	3015.816372156143
42	630.04083	310.7797	898.73553	106.58647	683.77856	346.8769	1012.2635	101.309875	717.75	752.4	209999	83.16664	17.437761	83.16662	17.439903	5.9580173	-83.67274	1.290491	0.012636147	0.0005195522	3090.833698987961
43	678.34326	315.87988	897.7894	36.557705	362.75275	376.3699	1011.3695	47.260433	743.6667	380.4	214999	83.018906	17.195543	83.01886	17.196537	5.985452	-83.49622	1.1534039	0.01148619	0.00016396899	3164.9861295223236
44	644.5834	298.87662	972.46747	101.609634	498.30475	391.4305	933.14874	33.065247	709.0	583.3	219999	82.93545	16.99164	82.93541	16.992159	6.008847	-83.41258	1.2591537	0.011085272	-9.103233e-05	3241.1383306980133
45	491.41763	383.4455	1014.1599	91.593864	646.422	363.42413	1007.2337	35.960663	501.2	710.15	224999	82.8904	16.842531	82.8904	16.843565	5.9937053	-83.36126	1.154896	0.011254832	7.43167e-05	3315.2017471790314
46	613.83624	335.46967	989.7958	111.20231	682.6185	333.86383	1003.7848	48.712616	695.5714	776.15	229999	82.96445	16.764458	82.96448	16.763792	5.9898105	-83.42382	1.1471331	0.010765677	0.00011131937	3390.0266003608704
47	540.0096	353.08078	919.83606	31.974594	664.03656	351.6132	992.1472	29.385738	681.2857	773.95	234999	83.21547	16.654215	83.21548	16.653742	5.991696	-83.6731	1.2725064	0.010164893	8.920232e-05	3464.5134086608887
48	553.9355	310.808	865.92645	43.915386	559.4064	350.7646	916.341	43.672512	661.125	657.0	239999	83.25531	16.57167	83.25531	16.571014	6.0050626	-83.70208	1.2507948	0.009974179	-4.830397e-05	3538.6380882263184
49	559.8005	327.99704	962.74744	63.175537	699.3122	353.51657	1015.8744	24.33974	633.75	751.95	244999	83.22637	16.353214	83.22642	16.35373	5.9713926	-83.65356	1.2254344	0.009893211	0.00028208792	3613.804004907608
50	453.1222	343.41147	957.3287	98.8535	645.673	313.23056	1012.9886	27.266375	508.875	700.65	249999	83.217186	16.17803	83.217125	16.179401	6.031358	-83.649086	1.3890588	0.0100638075	-0.00030106757	3688.42253780365
51	799.95166	343.3332	1004.81537	39.458878	838.6541	311.38608	1028.9675	26.076134	844.6667	869.85	254999	83.44912	16.14742	83.449234	16.14863	6.001831	-83.88283	1.3911419	0.010818341	-1.1932105e-05	3762.524261713028
52	424.4002	358.99738	990.4911	26.682089	854.0658	35.290684	936.00104	820.379	452.07693	1000.0	259999	84.15592	16.31172	84.155846	16.311678	6.0394907	-84.601814	1.3911589	0.010940641	-0.00045294114	3836.3697876930237
53	880.522	97.88804	994.28955	698.6236	469.22705	358.20468	1018.52386	87.32832	938.6	504.9	264999	84.78575	16.267212	84.78566	16.265385	5.9407372	-85.21066	1.4818702	0.0119745815	0.0006799997	3910.101498365402
54	608.6	412.2559	1014.90576	114.81682	610.7218	310.07526	870.3415	95.00908	630.4286	730.75	269999	85.144966	15.983722	85.14491	15.983149	6.006352	-85.56728	1.4981089	0.010733289	-6.13832e-05	3983.833824634552
55	733.7575	270.5115	927.6393	115.32897	797.4344	310.1033	1046.2521	37.40608	829.4286	864.35	274999	85.45576	15.750102	85.45569	15.750905	6.0093546	-85.87257	1.465201	0.01095914	-9.4811796e-05	4059.046062707901
56	582.7413	347.99576	971.2116	66.67237	827.00256	283.17523	1006.1233	98.101494	616.8571	873.25	279999	85.638504	15.736443	85.638565	15.736052	5.9767184	-86.043816	1.5362219	0.010286837	0.0002456399	4133.856514453888
57	824.66486	343.4942	1014.3539	59.189224	835.7975	310.60797	1162.8015	240.77534	841.6667	790.8	284999	85.8787	15.43642	85.878716	15.436077	6.016445	-86.27958	1.4417795	0.01007958	-0.00016590583	4207.429052829742
58	875.7671	345.20087	1114.2698	114.87167	733.05304	367.94034	1089.0488	25.259064	848.5	770.7	289999	86.263	15.280493	86.26303	15.278968	5.9982567	-86.677086	1.424977	0.010225366	2.0722842e-05	4280.952603340149
59	980.3657	57.00605	1058.0533	884.42426	962.3201	93.37913	1148.1229	831.0525	1000.0	1000.0	294999	86.978004	15.233766	86.978004	15.233541	5.990959	-87.398315	1.4446266	0.010384822	9.7451244e-05	4355.552862167358
60	830.43463	434.7611	1143.5271	44.505035	1033.9926	324.8458	1211.6615	41.035435	734.5714	899.65	299999	87.70193	15.270377	87.70195	15.270094	5.995374	-88.12113	1.5301114	0.010179593	4.91294e-05	4428.779571533203
61	748.86475	436.89948	1150.0875	40.598797	653.5753	468.27423	1128.2142	58.90262	670.5	626.05	304999	88.63055	15.312967	88.63053	15.311027	6.002722	-89.05882	1.5562298	0.010189599	-2.3790062e-05	4503.314168691635
62	592.2585	353.6624	1012.4036	111.006966	317.99142	255.8247	845.36316	106.212105	588.125	332.75	309999	89.561226	15.423192	89.561295	15.422273	6.0029125	-89.990875	1.4950789	0.010365114	-2.5923548e-05	4577.0461411476135
63	672.64886	409.95578	1075.9181	44.958706	719.16504	433.7813	1187.5436	46.84518	671.8571	689.45	314999	90.43966	15.592152	90.439644	15.591867	6.001048	-90.87654	1.5375915	0.010411093	-6.1838387e-06	4651.777897357941
64	801.5113	387.49655	1189.59	155.02187	437.9499	344.5893	937.7379	55.57668	775.4286	484.45	319999	91.19097	15.766621	91.19097	15.766377	6.0178566	-91.62298	1.6242877	0.010626985	-0.00018956051	4725.536140203476
65	963.6131	236.87982	1232.992	519.6932	656.751	419.57642	1312.1199	72.44254	883.6667	595.3	324999	91.966415	15.73109	91.96636	15.7312355	5.9664054	-92.402504	1.6342043	0.01019078	0.00035491813	4798.836661338806
66	515.09827	423.6809	1183.8302	54.583027	895.80115	437.342	1268.2146	61.66114	466.9	794.15	329999	92.587364	15.671565	92.58744	15.670541	6.014735	-93.01806	1.7755595	0.0104406085	-0.00014573689	4872.1125383377075
67	960.1948	437.0435	1268.1377	44.119877	756.9498	400.35773	1301.0426	31.301163	782.0	758.95	334999	93.28178	15.621541	93.28181	15.621908	5.999742	-93.7143	1.8263289	0.010577292	6.493357e-06	4945.440737485886
68	683.66724	463.0491	1242.5897	51.191914	924.7391	407.51678	1282.8923	50.07298	621.2222	835.4	339999	94.00915	15.5967045	94.00925	15.597836	6.0078607	-94.4448	1.7930355	0.010983477	-7.756404e-05	5018.625033378601
69	830.1608	372.39557	1201.5071	87.883316	756.0344	436.6969	1359.5233	59.889915	717.7143	704.65	344999	94.98896	15.625447	94.98916	15.626226	6.0146236	-95.44077	1.9158856	0.011258242	-0.00016016075	5092.476110696793
70	451.68475	418.59503	1077.5555	8.068175	949.30273	300.99567	1364.7585	78.78868	462.66666	928.1	349999	96.04086	15.788251	96.04088	15.790216	6.020992	-96.50395	1.984782	0.012716972	-0.00025072886	5166.943990945816
71	983.9267	247.99147	1243.1184	596.6304	940.94745	410.4174	1396.3359	83.94318	825.8333	835.4	354999	96.92634	16.027184	96.92645	16.028128	5.995035	-97.380486	1.9585881	0.012526636	6.7641595e-05	5240.46809387207
72	924.7418	502.6148	1350.9943	85.5005	1118.9176	328.2246	1358.7288	197.89499	710.625	927.3	359999	98.060356	15.964778	98.0605	15.966467	6.006532	-98.544525	1.9870666	0.012748032	-7.908717e-05	5313.550479412079
73	1355.5349	30.162838	1391.0929	1311.8925	1326.0985	280.1453	1456.6279	114.37968	987.8	954.7	364999	99.59459	15.945519	99.59469	15.948376	6.0172844	-100.083435	1.976326	0.013619463	-0.00023318696	5386.433698892593
74	1370.6898	12.609563	1382.5929	1348.7455	1335.5884	293.2562	1430.1056	59.420773	1000.0	952.5	369999	100.98833	16.111029	100.98837	16.114769	6.0113416	-101.467636	2.101252	0.01479059	-0.00016156245	5459.5582802295685
75	1165.2719	469.59695	1384.2673	115.29368	1407.444	10.30027	1420.4723	1384.4185	850.3333	1000.0	374999	102.36094	16.089785	102.36092	16.09344	6.0089955	-102.86206	1.9871187	0.014959199	-0.00013314522	5532.5871958732605
76	1377.9019	13.83564	1400.0334	1363.2493	1253.6989	388.1633	1416.9592	74.11828	1000.0	908.45	379999	103.65961	16.156551	103.65967	16.159506	5.9843564	-104.16266	1.9371723	0.014152195	0.00024045036	5606.692503929138
77	1396.279	33.314747	1448.4518	1356.093	702.3629	680.8206	1411.2886	20.01704	1000.0	508.5	384999	104.99614	16.209387	104.996216	16.214308	5.9844804	-105.49418	2.0056438	0.013882996	0.0002273969	5680.06231379509
78	1420.6965	16.631758	1436.9153	1390.7721	1353.426	305.41666	1442.0668	22.955526	1000.0	950.95	389999	106.24359	16.4169	106.243576	16.422129	6.0117955	-106.759735	2.0321872	0.014426596	-0.00016497554	5753.2690715789795
79	1191.594	522.0546	1442.5602	24.605024	1388.8619	8.289071	1400.3389	1374.4481	836.6667	1000.0	394999	107.69063	16.355297	107.69071	16.360079	6.010045	-108.20535	2.021215	0.014599606	-0.000148731	5826.38361954689
80	1043.0052	641.95087	1476.0209	26.039318	1389.741	319.02603	1511.349	380.7431	721.7143	929.6	399999	108.76886	16.381226	108.76891	16.386353	5.9882984	-109.2738	2.1404023	0.014729123	0.00018071539	5899.47284412384
81	1415.8676	28.534996	1445.4669	1366.5156	1261.5139	411.64005	1417.5319	25.871662	1000.0	902.25	404999	109.66896	16.646038	109.668884	16.650146	6.0039873	-110.177536	1.9724547	0.014774626	-5.474292e-05	5972.617979049683
82	1397.7318	19.396688	1416.6451	1361.6133	1437.6252	8.7060795	1452.3257	1414.4921	1000.0	1000.0	409999	110.8446	16.781569	110.8446	16.786709	6.008335	-111.36703	1.8707045	0.015223871	-0.00012271771	6046.192864179611
83	1392.236	21.48653	1421.6105	1358.9479	1434.2518	5.2030673	1444.8142	1424.5548	1000.0	1000.0	414999	112.272224	16.880016	112.272285	16.883276	6.030112	-112.80856	1.8899541	0.01592268	-0.00050098513	6120.186232805252
84	1394.3129	12.196555	1411.5153	1374.1069	1390.677	9.691755	1406.3553	1360.626	1000.0	1000.0	419999	113.33205	17.120134	113.33204	17.124315	5.9898877	-113.84588	1.9335567	0.016800903	0.00017015838	6193.3142030239105
85	1378.7778	8.11239	1390.216	1365.4835	1506.2478	5.3075466	1516.8717	1499.6636	1000.0	1000.0	424999	114.13689	17.21623	114.13696	17.220114	5.965495	-114.649475	1.8172283	0.01685241	0.0005823063	6266.301308631897
86	1382.8374	22.99147	1419.5278	1349.4263	1313.1776	14.833396	1335.2891	1289.5553	1000.0	1000.0	429999	114.83233	17.189434	114.83239	17.191257	5.992792	-115.33689	2.0074606	0.016567169	0.0001224905	6339.46245598793
87	1335.9131	37.504463	1398.7495	1301.71	1284.3268	9.742591	1306.8477	1266.4137	1000.0	1000.0	434999	115.26191	17.209785	115.262024	17.21211	6.031246	-115.76315	1.8195186	0.01750276	-0.00050852913	6412.748981952667
88	1209.1797	252.7196	1355.0497	704.8097	927.5165	662.4259	1462.3203	22.100428	900.8	656.55	439999	115.72404	17.2938	115.72415	17.296316	5.9735274	-116.22312	1.8861378	0.016352473	0.0004509272	6485.942055463791
89	1026.7146	608.72394	1433.938	25.89881	1503.3876	16.435598	1527.35	1473.6118	728.0	1000.0	444999	116.38125	17.119951	116.38125	17.123358	6.020157	-116.89458	1.9534582	0.016174497	-0.0003314563	6560.174871206284
90	1440.9932	15.412525	1465.4729	1417.9418	1213.168	379.36185	1497.047	233.24382	995.8	832.0	449999	116.91705	17.01505	116.91723	17.019024	5.994913	-117.41042	1.8390278	0.017440585	9.3816925e-05	6633.535408496857
91	1381.106	8.649889	1394.557	1368.623	1385.5538	11.28784	1402.1583	1363.4323	1000.0	1000.0	454999	117.2237	16.876932	117.22369	16.881681	5.99071	-117.701775	1.7790352	0.017189443	0.00016154988	6706.6982135772705
92	1166.3112	509.00854	1417.012	28.797874	1194.7501	491.5866	1415.8945	22.921354	837.0	856.25	459999	117.33556	16.82935	117.33561	16.832342	5.994513	-117.80946	1.9356883	0.016600056	9.65602e-05	6779.800057888031
93	1186.3551	517.4523	1449.8253	32.249615	1481.5951	10.273486	1498.882	1461.1722	837.8333	1000.0	464999	117.662315	16.756165	117.66236	16.763062	6.0110526	-118.1392	1.8656982	0.01668432	-0.00017885678	6852.877316474915
94	1015.7372	620.36816	1434.1547	23.98735	1402.0405	14.428632	1438.0311	1378.2021	722.4286	1000.0	469999	118.0287	16.943583	118.02882	16.947685	5.9972854	-118.5195	2.0044348	0.016893946	5.2674244e-05	6926.00118470192
95	1391.312	22.848148	1418.0836	1356.8596	1381.9745	310.92175	1478.4987	27.546759	1000.0	951.15	474999	118.64239	16.681952	118.642334	16.687828	5.995232	-119.119514	1.8096443	0.016987273	8.668258e-05	6999.43958234787
96	1179.9414	488.3739	1418.9447	88.69677	1362.221	8.998681	1383.737	1348.7019	845.3333	1000.0	479999	119.095276	16.718067	119.09543	16.722605	5.980798	-119.57026	1.8318896	0.016215488	0.00031408572	7073.454538345337
97	1143.552	486.87463	1381.2925	55.123432	1167.4666	473.85672	1400.1173	24.437458	841.0	856.4	484999	119.4995	16.736755	119.499466	16.740465	5.9905066	-119.967476	1.8610164	0.01482171	0.00014711094	7146.630971431732
98	1369.7311	27.728554	1423.5204	1343.5144	1282.2426	285.8912	1367.8739	37.010437	1000.0	951.5	489999	119.878716	16.58024	119.87876	16.584316	5.999964	-120.3503	1.9130334	0.015142522	6.2739073e-06	7219.788158893585
99	1360.7651	15.930723	1378.3491	1335.4114	1336.2992	6.7636757	1348.1642	1322.6444	1000.0	1000.0	494999	120.34505	16.696993	120.34515	16.699936	5.9866867	-120.810814	1.849085	0.014450616	0.00019598828	7292.771735906601
100	1382.3337	26.99956	1430.884	1351.4814	1405.1335	14.1082115	1434.447	1374.7904	1000.0	1000.0	499999	120.62796	16.904844	120.62799	16.90867	6.011028	-121.0955	1.8381525	0.014723235	-0.00015468968	7365.791712284088
101	1381.6873	28.63361	1416.3816	1346.3845	1129.2286	598.8753	1534.7035	26.56501	1000.0	742.45	504999	121.16494	16.79265	121.164925	16.797344	5.997678	-121.63975	1.6797283	0.014290425	3.8590835e-05	7438.988708972931
102	1191.9238	519.12384	1456.185	32.14303	1558.0135	9.981442	1581.04	1539.2699	837.3333	1000.0	509999	121.818214	16.693924	121.81825	16.697302	6.0004873	-122.29535	1.69833	0.015175859	-2.7837634e-06	7513.328031539917
103	1256.7109	548.1948	1537.7627	32.65459	1449.5579	13.186262	1478.4526	1423.8435	837.8333	1000.0	514999	122.204285	16.725962	122.204414	16.728798	6.018497	-122.66575	1.8354582	0.014954584	-0.0002841013	7586.738584518433
104	1409.943	23.74976	1432.8582	1375.5377	1322.8557	296.4692	1405.0771	31.26086	1000.0	951.25	519999	122.47157	16.683823	122.47167	16.68836	5.9891877	-122.91725	1.6558057	0.014990585	0.00017599836	7660.00289940834
105	1468.5114	21.736876	1499.4956	1437.421	1470.6293	44.41222	1533.6097	1390.3351	1000.0	1000.0	524999	122.628365	16.50898	122.62833	16.512749	5.999394	-123.069084	1.6469697	0.014942587	1.2502158e-05	7731.569140911102
106	1400.8174	124.1662	1479.1937	1153.2283	1521.2852	15.438112	1549.9619	1483.7339	958.0	1000.0	529999	122.967224	16.345182	122.967285	16.347864	5.9979725	-123.41859	1.6809164	0.015392935	3.52895e-05	7807.01185131073
107	1462.4528	13.155546	1483.6812	1443.8066	1357.0299	288.27893	1460.7385	103.57733	1000.0	954.05	534999	123.62633	16.22815	123.62643	16.232573	5.983646	-124.082924	1.7185056	0.015421254	0.00024656527	7882.7398817539215
108	1451.6251	54.050167	1517.4899	1376.1747	1369.9211	28.765545	1422.7742	1324.1627	1000.0	1000.0	539999	123.88975	16.215378	123.88969	16.21981	6.008581	-124.33322	1.7954004	0.014850158	-0.000121299876	7958.025265455246
109	1473.0957	46.397865	1539.1458	1423.145	1536.9026	8.517236	1553.5525	1522.3722	1000.0	1000.0	544999	124.14121	16.239014	124.1413	16.243832	6.005809	-124.58049	1.6600447	0.015095092	-8.508241e-05	8033.378970623016
110	1489.1766	23.378445	1518.8978	1455.822	1516.8921	12.59691	1541.0105	1492.233	1000.0	1000.0	549999	124.54175	16.2474	124.54175	16.250109	5.993696	-124.99201	1.733928	0.01576112	0.00010026567	8108.862094640732
111	1515.417	21.499483	1538.4541	1482.5146	1266.0315	578.4892	1650.9113	22.4346	1000.0	783.05	554999	124.936066	16.313906	124.93625	16.317682	6.000886	-125.37235	1.654786	0.015188916	-9.171123e-06	8184.619425773621
112	1516.6257	56.84826	1576.1759	1409.2885	1091.6287	538.60205	1529.0544	140.22919	1000.0	739.65	559999	125.37594	16.43483	125.37595	16.437632	5.998307	-125.82625	1.4581624	0.015180636	2.8741217e-05	8259.813514232635
113	1407.9307	264.50735	1550.1116	879.05536	1416.1857	73.38674	1466.6418	1104.7281	913.6	988.3	564999	125.78593	16.34361	125.78599	16.348186	5.994828	-126.2187	1.6452402	0.014652441	8.156123e-05	8335.456629276276
114	1369.0216	288.97568	1546.0642	727.574	1486.4838	44.913696	1562.8495	1417.5471	916.6667	1000.0	569999	126.17481	16.37981	126.17489	16.38203	6.0150514	-126.615	1.5630312	0.0148271	-0.00022561198	8410.283327102661
115	1259.7229	536.77655	1516.0912	59.77626	1635.4222	13.512282	1655.094	1608.0094	843.0	1000.0	574999	126.79409	16.174763	126.7941	16.177607	5.991778	-127.246574	1.647162	0.0154889645	0.0001308678	8484.953269720078
116	1290.7017	566.5741	1575.4191	24.404543	1465.1672	329.17316	1556.9354	30.616098	836.3333	951.3	579999	127.29562	16.115456	127.29589	16.120161	6.0101004	-127.72615	1.6360883	0.014913717	-0.00015522083	8559.70301771164
117	1475.0045	120.194275	1564.7812	1247.7738	1604.9502	362.1928	1711.0236	27.861889	960.0	951.05	584999	127.60881	16.077684	127.60879	16.083826	5.9873686	-128.03343	1.7344142	0.0152073605	0.0002008365	8634.774646759033
118	1538.6589	37.188488	1581.5603	1493.5425	1576.8143	26.869514	1615.3014	1518.078	1000.0	1000.0	589999	127.948685	16.082632	127.94882	16.086918	6.0040393	-128.37752	1.7439264	0.015235292	-5.8726102e-05	8708.879485845566
119	1195.299	530.0221	1605.1981	375.04276	1682.1604	10.892297	1698.1842	1657.1199	765.1667	1000.0	594999	128.402	16.121983	128.40213	16.12754	5.996105	-128.84213	1.7020295	0.014900987	6.257836e-05	8782.645583152771
120	1575.0797	12.78967	1591.8094	1558.0197	1677.4207	7.768239	1695.3214	1663.4452	1000.0	1000.0	599999	128.76294	16.259674	128.76302	16.266178	5.9922686	-129.1792	1.685407	0.014603001	0.000116978386	8856.440567731857
121	1140.3093	707.7655	1600.6846	21.282017	1549.9945	349.5072	1645.5579	27.001883	718.5714	950.95	604999	129.0252	16.40385	129.02518	16.409819	5.9908547	-129.4527	1.7201672	0.014546734	0.00013174754	8931.127442836761
122	1588.1078	21.651196	1610.2871	1554.4608	1648.4875	4.546565	1654.1674	1633.5016	1000.0	1000.0	609999	129.448	16.348225	129.44812	16.354187	6.021942	-129.87544	1.6328346	0.0142871	-0.00031821028	9004.257811546326
123	1601.3066	13.708177	1619.8151	1582.254	1678.558	11.320125	1692.1575	1650.4923	1000.0	1000.0	614999	130.04385	16.090866	130.04393	16.095575	5.9881916	-130.46817	1.6779653	0.014670839	0.00018154716	9078.327378511429
124	1584.3439	15.518108	1600.0367	1559.9846	1696.5225	26.410904	1730.3326	1641.5912	1000.0	1000.0	619999	130.50279	16.049414	130.50273	16.057032	5.995246	-130.9295	1.6268388	0.015051498	7.23204e-05	9151.708167791367
125	1610.6155	26.436876	1653.3113	1579.4766	1642.4974	13.252397	1665.9413	1617.3081	1000.0	1000.0	624999	130.90926	16.132208	130.9094	16.139296	6.0109944	-131.32628	1.7099719	0.014483229	-0.0001586094	9225.129071474075
126	1626.5049	13.688333	1649.7881	1609.714	1695.8528	6.081528	1709.0902	1686.2997	1000.0	1000.0	629999	131.29967	16.146397	131.2997	16.149313	6.0008717	-131.7326	1.6560658	0.015235974	-9.278631e-06	9298.59287571907
127	1487.9742	334.29196	1657.5415	741.0297	1716.142	10.633356	1735.174	1691.695	907.3333	1000.0	634999	132.03714	16.260406	132.0372	16.26601	5.9963613	-132.46295	1.6066906	0.01513136	5.7940553e-05	9371.786201953888
128	1626.3171	22.170593	1652.1855	1593.9398	1685.3334	16.77105	1715.7734	1650.7147	1000.0	1000.0	639999	132.56972	16.244616	132.56973	16.248148	6.004806	-132.99783	1.8167187	0.014933698	-6.975614e-05	9445.20437502861
129	1614.111	5.9367523	1621.1309	1604.7927	1687.9036	5.466935	1695.0383	1673.0262	1000.0	1000.0	644999	133.08824	16.19201	133.08835	16.195896	6.009937	-133.51242	1.6083728	0.015317601	-0.00015328894	9519.366820335388
130	1646.8665	17.05501	1669.906	1619.6797	1703.6814	9.241859	1713.2106	1673.8685	1000.0	1000.0	649999	133.41776	16.298265	133.41774	16.30381	5.9858003	-133.83783	1.6585871	0.015290093	0.0002257732	9592.570844888687
131	1651.2039	14.73096	1671.1975	1628.324	1640.6692	8.093191	1652.8077	1618.3972	1000.0	1000.0	654999	133.89268	16.292358	133.8927	16.297232	6.0046797	-134.32512	1.6611191	0.015229046	-6.898054e-05	9665.73943734169
132	1612.3527	24.114986	1635.021	1568.7378	1636.3727	6.827202	1647.9187	1626.5039	1000.0	1000.0	659999	134.3059	16.258602	134.30608	16.263521	6.001582	-134.71695	1.5806642	0.015066357	-2.1697831e-05	9739.011585474014
133	1651.4916	15.121531	1678.135	1636.6315	1693.2703	14.265134	1714.27	1664.7543	1000.0	1000.0	664999	134.52994	16.36965	134.53012	16.37681	5.9987235	-134.94368	1.5575453	0.01599233	2.3637402e-05	9812.188303947449
134	1657.2936	18.729664	1680.8516	1624.8802	1653.1516	11.8362665	1671.8676	1615.4033	1000.0	1000.0	669999	134.93387	16.331038	134.93382	16.337423	6.0032277	-135.35287	1.5881326	0.0156037705	-4.7324145e-05	9885.267146110535
135	1629.4093	30.611984	1659.8907	1570.6364	1622.5016	8.481001	1633.9974	1599.6111	1000.0	1000.0	674999	135.41568	16.272099	135.41554	16.275782	5.9885178	-135.82996	1.6276569	0.015635135	0.0001789091	9959.377043008804
136	1609.3376	22.15602	1640.2886	1578.0563	1698.7048	10.53007	1713.247	1675.5808	1000.0	1000.0	679999	135.65245	16.192976	135.65257	16.194859	6.011484	-136.06042	1.6258752	0.015212308	-0.0001730879	10032.530547380447
137	1625.5994	7.4819255	1634.837	1613.4106	1611.1683	11.558061	1634.9192	1591.5367	1000.0	1000.0	684999	135.97267	16.22236	135.9726	16.22874	6.0047865	-136.39423	1.7998772	0.016032264	-7.388767e-05	10105.392288923264
138	1512.739	187.1825	1641.187	1140.9229	305.88934	171.53386	759.7054	153.80934	937.2	200.4	689999	136.49464	16.139303	136.49461	16.143269	5.996311	-136.90277	1.7308524	0.016409667	6.410668e-05	10168.454358816147
139	1393.0287	331.8112	1581.1543	652.67084	1572.1385	31.037157	1615.9805	1497.4355	900.6667	1000.0	694999	136.74019	16.193321	136.74017	16.198101	6.0039015	-137.1536	1.5648763	0.01650741	-5.990194e-05	10241.854100704193
140	1576.3391	37.473278	1623.5896	1531.0314	1585.8152	16.051144	1613.2798	1549.8577	1000.0	1000.0	699999	137.21727	15.957561	137.21736	15.964034	5.994797	-137.61798	1.5736609	0.016686413	8.949301e-05	10315.715737819672
141	1648.4869	21.516777	1680.6584	1617.7975	1711.9639	10.762774	1728.3076	1690.4808	1000.0	1000.0	704999	137.34814	16.103941	137.34828	16.107803	6.00126	-137.7513	1.7444304	0.01616485	-1.658156e-05	10388.669392824173
142	1649.3561	14.199689	1667.8024	1632.9454	1641.8555	5.3545585	1650.9331	1633.0234	1000.0	1000.0	709999	137.63745	16.014313	137.63771	16.01747	5.9988456	-138.03416	1.6017354	0.016437517	2.1232856e-05	10461.862468957901
143	1536.185	136.79855	1645.5991	1285.4135	1627.6338	7.3395586	1641.2007	1616.7933	941.6	1000.0	714999	137.83054	16.216146	137.8305	16.220219	6.0056157	-138.22604	1.6717064	0.015975436	-8.804703e-05	10534.855376005173
144	1631.0842	9.343015	1647.8994	1619.9934	1697.7906	5.5004416	1705.7296	1684.4403	1000.0	1000.0	719999	138.11394	16.2568	138.11389	16.261269	5.9945197	-138.50812	1.7154367	0.016209709	9.360629e-05	10608.196972370148
145	1444.335	505.86447	1682.0483	313.31326	1690.9924	7.264479	1700.2848	1673.9407	866.3333	1000.0	724999	138.3153	16.301683	138.31525	16.306574	6.000444	-138.71068	1.5292507	0.016834695	-1.7038345e-06	10681.218314886093
146	1644.9424	8.619322	1659.7672	1633.3755	1685.5547	4.817532	1692.2975	1673.9923	1000.0	1000.0	729999	138.66307	16.277393	138.66309	16.282381	5.9967265	-139.06517	1.6228315	0.01640901	5.6620007e-05	10755.353782892227
147	1660.8455	14.863394	1681.0662	1636.4307	1670.8978	378.10538	1769.5829	22.978544	1000.0	950.95	734999	139.01546	16.160738	139.01556	16.164001	5.9967446	-139.41103	1.6675613	0.016220797	5.48701e-05	10828.958096265793
148	1649.3864	14.889518	1668.7878	1634.3939	1635.1262	3.4924748	1641.2562	1629.7855	1000.0	1000.0	739999	139.31479	16.321796	139.31477	16.326038	6.0016747	-139.70895	1.6618652	0.016017629	-2.228691e-05	10901.989732503891
149	1650.6686	5.6235523	1660.8168	1645.961	1685.9355	7.5298605	1697.9087	1671.4723	1000.0	1000.0	744999	139.59155	16.392664	139.59155	16.397629	5.9893265	-139.98763	1.683267	0.016386846	0.00016965535	10975.045670032501
150	1640.6617	12.516422	1654.9845	1625.6821	1649.6488	7.004854	1662.281	1633.7748	1000.0	1000.0	749999	140.03085	16.242811	140.03098	16.245424	6.0009594	-140.42906	1.6051295	0.016060596	-8.940601e-06	11048.076249599457
151	1639.5183	18.347939	1653.9689	1603.755	1671.6617	6.5856814	1686.6914	1657.6671	1000.0	1000.0	754999	140.35863	16.26671	140.35864	16.271112	6.002361	-140.7491	1.619674	0.015696002	-3.3271037e-05	11121.080918073654
152	1658.0203	8.388888	1669.6558	1645.9932	1717.7416	7.3395815	1727.9132	1702.822	1000.0	1000.0	759999	140.74326	16.08924	140.7432	16.094254	6.0070467	-141.13847	1.5983003	0.016028631	-0.000107671796	11194.589874267578
153	1650.7367	11.331617	1662.3037	1629.8693	1730.556	5.5410094	1738.6947	1719.3163	1000.0	1000.0	764999	141.12053	15.881893	141.12064	15.885758	6.002052	-141.50313	1.6348363	0.015922088	-3.0362213e-05	11268.549503326416
154	1665.3314	17.870611	1696.5875	1645.9364	1720.8398	7.040756	1734.8131	1707.4104	1000.0	1000.0	769999	141.01465	16.263748	141.01472	16.264553	5.9987288	-141.39287	1.5263561	0.016348472	2.4618244e-05	11341.77785563469
155	1618.5095	103.59572	1689.2134	1412.7588	1366.8552	630.54694	1695.3875	100.20998	966.6	813.8	774999	141.3342	16.043434	141.33424	16.047235	6.002554	-141.71466	1.6679993	0.016548019	-3.746338e-05	11414.82218003273
156	1669.6077	4.388585	1673.7898	1661.3463	1707.191	4.3558702	1714.3147	1700.7499	1000.0	1000.0	779999	141.4685	16.033028	141.46852	16.037037	5.9992332	-141.8516	1.5951167	0.016360473	1.6303859e-05	11488.029818058014
157	1674.904	8.531983	1689.317	1665.9404	1712.5234	6.048678	1722.6663	1700.0093	1000.0	1000.0	784999	141.85811	15.940166	141.85829	15.941941	6.0003576	-142.2487	1.7087626	0.016865492	-1.6172767e-06	11560.935638666153
158	1672.0498	10.159786	1690.0643	1662.3932	1708.3015	7.258655	1718.7415	1692.7301	1000.0	1000.0	789999	142.31656	15.843327	142.31657	15.847126	5.991454	-142.6959	1.482233	0.01633952	0.00014187775	11634.046214580536
159	1663.2058	9.624948	1680.3914	1653.9935	1702.7627	8.595934	1717.399	1683.537	1000.0	1000.0	794999	142.52472	15.935092	142.52469	15.939408	6.0012693	-142.90495	1.5885668	0.01581489	-1.7206097e-05	11708.455595731735
160	1405.4364	562.2254	1668.0756	148.42496	1665.3834	3.4280038	1670.9717	1658.7463	849.5	1000.0	799999	142.82135	16.073322	142.82137	16.077158	5.9979563	-143.20056	1.6061063	0.016067538	3.706493e-05	11781.446021318436
161	1647.2161	7.4561048	1660.0067	1638.8064	1635.6047	9.109525	1652.5787	1624.4327	1000.0	1000.0	804999	142.91765	16.181625	142.9177	16.184578	6.003382	-143.28053	1.5334677	0.016374528	-5.0714778e-05	11854.510715007782
162	1659.8486	11.901338	1673.2035	1646.2201	1709.2985	9.085179	1720.7817	1688.9025	1000.0	1000.0	809999	142.97987	16.213781	142.98006	16.21885	6.004804	-143.34952	1.469654	0.017152537	-7.398583e-05	11927.55117726326
163	1490.2449	358.43677	1682.1746	773.8313	1700.4629	5.2041173	1707.7023	1687.0415	1000.0	1000.0	814999	143.13023	16.208672	143.13022	16.213156	5.9965134	-143.50107	1.783991	0.016566236	6.204867e-05	12000.499586582184
164	1557.2255	180.78358	1676.5704	1198.7355	1711.6549	4.6253767	1721.8052	1704.8694	944.0	1000.0	819999	143.0511	16.303825	143.05103	16.30836	6.0010962	-143.39662	1.5916998	0.015881129	-1.43343805e-05	12073.551416873932
165	1665.0598	14.336514	1678.1523	1644.7758	1671.0217	6.9795704	1683.857	1657.378	1000.0	1000.0	824999	143.00711	16.39776	143.00717	16.401308	6.000317	-143.36902	1.5939853	0.016440015	-1.6907633e-06	12148.062958955765
166	1667.2185	15.291552	1682.6681	1639.0789	1724.7734	4.852817	1735.3342	1719.0331	1000.0	1000.0	829999	143.19044	16.327944	143.1903	16.332418	6.0091376	-143.538	1.5946678	0.016925668	-0.00015143934	12221.361584424973
167	1683.6658	12.064494	1703.0078	1665.8843	1721.25	5.117434	1730.8412	1710.3306	1000.0	1000.0	834999	143.22264	16.45787	143.22292	16.46393	5.9967494	-143.57567	1.5148871	0.016950984	6.0689377e-05	12294.365792751312
168	1700.4886	6.970886	1708.4749	1688.2134	1706.1191	7.9416223	1718.2024	1692.959	1000.0	1000.0	839999	143.53746	16.365047	143.53743	16.368599	5.9901624	-143.88974	1.406298	0.017039185	0.00016722732	12367.395518302917
169	1689.779	11.09339	1706.6055	1674.3336	1718.5146	8.171058	1732.869	1702.4426	1000.0	1000.0	844999	143.76114	16.335854	143.76117	16.340622	6.0052986	-144.1152	1.3685783	0.016280496	-8.3604864e-05	12440.503451824188
170	1686.0635	16.875746	1710.7343	1668.4441	1685.137	8.330463	1699.779	1670.0884	1000.0	1000.0	849999	143.93259	16.392303	143.93259	16.397997	6.007101	-144.28085	1.4748008	0.016861228	-0.00011677232	12513.6035425663
171	1689.816	7.263443	1697.0078	1675.8335	1719.0964	5.3665524	1728.2809	1704.6399	1000.0	1000.0	854999	144.0509	16.53285	144.05101	16.533886	5.989501	-144.4041	1.5839766	0.016975937	0.00018017294	12587.426515102386
172	1526.88	373.6579	1715.3491	691.70557	1726.1042	7.709431	1739.828	1710.2855	901.8333	1000.0	859999	144.5019	16.294538	144.50195	16.299572	6.009336	-144.85858	1.5237105	0.017074792	-0.00015267819	12661.132977247238
173	1693.2146	15.777463	1715.8704	1675.6765	1708.7009	4.0254936	1716.1813	1699.2343	1000.0	1000.0	864999	144.88766	16.134441	144.88773	16.139631	6.001687	-145.2402	1.5872844	0.016931927	-2.628783e-05	12734.089961528778
174	1699.6243	14.71579	1722.4209	1676.346	1713.1438	5.220263	1722.2272	1704.6747	1000.0	1000.0	869999	145.07121	16.110645	145.07123	16.115944	5.9986567	-145.4181	1.4624571	0.017494451	2.6667109e-05	12807.170756578445
175	1691.9918	8.344548	1703.8865	1680.1953	1399.3396	687.0168	1749.7128	19.0996	1000.0	803.65	874999	145.15936	16.015308	145.15924	16.019794	5.9944615	-145.50214	1.4363154	0.017085448	9.743969e-05	12880.469543933868
176	1696.6375	8.94415	1707.2551	1684.4368	1772.1296	5.681845	1780.93	1760.8055	1000.0	1000.0	879999	144.9981	16.360722	144.99828	16.36382	6.0083156	-145.32863	1.4328915	0.01695165	-0.00013977187	12953.629743814468
177	1703.0989	17.09214	1729.7805	1679.1519	1753.1781	5.985343	1767.8865	1743.3589	1000.0	1000.0	884999	145.07901	16.401176	145.07895	16.40608	6.0022073	-145.42285	1.426264	0.017158283	-3.607191e-05	13026.982464790344
178	1717.3889	8.275391	1724.3795	1701.38	1737.1111	7.834407	1756.3511	1725.7375	1000.0	1000.0	889999	145.55777	16.417118	145.55777	16.419928	6.0034556	-145.906	1.4647818	0.017607868	-5.918728e-05	13101.111572027206
179	1702.5945	13.5994	1716.1266	1680.4714	1746.043	8.190632	1760.5878	1733.4003	1000.0	1000.0	894999	145.88046	16.515995	145.88037	16.522015	5.993668	-146.22267	1.4213693	0.017419292	0.00011807685	13174.27687907219
180	1721.9158	7.4722524	1726.194	1706.9851	1774.1387	8.250929	1788.8314	1756.1987	1000.0	1000.0	899999	146.01564	16.425749	146.01566	16.427444	5.9960284	-146.3542	1.4984914	0.017375225	7.2958705e-05	13247.421984434128
181	1714.9515	16.646317	1736.056	1688.6469	1644.9404	369.4545	1739.9078	34.684902	1000.0	951.25	904999	146.02461	16.493095	146.02478	16.495775	5.9929214	-146.34549	1.6168557	0.017149692	0.00012280201	13320.654780864716
182	1717.7444	14.24307	1742.8575	1699.1858	1734.406	6.241789	1749.8815	1721.5785	1000.0	1000.0	909999	146.13333	16.33578	146.13336	16.340584	6.014061	-146.46448	1.4746951	0.017317688	-0.00023912596	13393.899856328964
183	1716.2932	17.544107	1738.2921	1691.9015	1745.1729	6.314159	1754.2614	1730.025	1000.0	1000.0	914999	146.26628	16.37415	146.26624	16.375889	6.0035033	-146.59476	1.4951121	0.0172472	-5.9134556e-05	13467.221256494522
184	1442.0524	630.7954	1732.4264	31.598162	1751.2738	7.8579016	1768.2484	1736.0435	837.5	1000.0	919999	146.47885	16.449629	146.47893	16.453928	5.996937	-146.8096	1.355657	0.017409146	5.9444334e-05	13541.645748376846
185	1735.0638	14.45319	1745.8782	1706.7178	1778.1881	3.3395677	1783.9349	1771.8271	1000.0	1000.0	924999	146.81648	16.522305	146.81656	16.527376	5.996149	-147.15031	1.384316	0.01757205	7.2414296e-05	13614.786749601364
186	1731.0847	20.203384	1769.9833	1712.0897	1777.386	9.114353	1787.8057	1747.558	1000.0	1000.0	929999	147.00647	16.476774	147.00653	16.4783	5.9985194	-147.33585	1.3893768	0.017087534	2.9943234e-05	13687.383294582367
187	1739.431	11.202672	1754.192	1723.2073	1767.8889	8.272931	1779.4862	1750.5618	1000.0	1000.0	934999	147.18289	16.473091	147.18292	16.477201	5.99941	-147.50935	1.4866248	0.017663477	1.4447868e-05	13760.494723796844
188	1740.7551	11.625569	1757.385	1721.364	1786.4957	8.116999	1808.188	1775.7261	1000.0	1000.0	939999	147.4562	16.439861	147.45602	16.444008	5.9977736	-147.79422	1.4524214	0.017566483	4.215908e-05	13833.606019973755
189	1730.9365	10.213845	1750.1163	1720.6869	1747.7543	4.1726036	1756.0583	1741.5942	1000.0	1000.0	944999	147.67294	16.397352	147.67296	16.402515	6.003835	-147.99306	1.5337328	0.017238349	-6.303903e-05	13906.521277666092
190	1741.6012	11.740295	1753.0356	1723.9896	1797.3411	9.716875	1810.5275	1760.7434	1000.0	1000.0	949999	147.82187	16.439865	147.82196	16.442137	5.9906297	-148.14821	1.2574567	0.01715197	0.00016476738	13980.839518547058
191	1746.4551	7.1377177	1755.989	1737.6626	1762.609	6.868009	1774.9546	1750.9219	1000.0	1000.0	954999	148.17929	16.279018	148.17926	16.282217	5.9964848	-148.50803	1.4299784	0.017344663	6.3172934e-05	14053.699855089188
192	1457.8031	633.3954	1767.4811	41.836353	1750.9973	8.1549635	1763.3645	1735.8306	838.5	1000.0	959999	148.29164	16.465172	148.2916	16.468246	6.0061293	-148.608	1.2664489	0.016653419	-0.00010079696	14126.67442727089
193	1764.2246	17.55938	1789.2535	1739.6226	1757.111	8.651855	1770.6051	1734.7137	1000.0	1000.0	964999	148.66188	16.351984	148.66197	16.353191	5.9952846	-149.00615	1.4470919	0.01735	8.416059e-05	14199.785845279694
194	1747.9873	16.359447	1768.1517	1725.4303	1780.3676	7.136649	1792.203	1767.5685	1000.0	1000.0	969999	149.04506	16.182802	149.04507	16.186165	6.000961	-149.36508	1.386027	0.016816733	-1.3469574e-05	14272.700824737549
195	1727.8492	14.163795	1752.0143	1712.4794	1767.1246	13.52812	1781.0958	1719.4543	1000.0	1000.0	974999	149.45117	16.115726	149.45114	16.118374	5.997483	-149.78818	1.348393	0.017250482	4.6471356e-05	14345.83960533142
196	1730.9397	22.328491	1757.4817	1698.1049	1775.6179	7.8388863	1789.1498	1751.8721	998.8	1000.0	979999	149.51503	16.151697	149.51514	16.15339	6.0012207	-149.82382	1.4401124	0.016880713	-1.7964667e-05	14420.245943546295
197	1755.9954	16.27736	1781.196	1732.81	1775.567	5.4044056	1785.8984	1765.8026	1000.0	1000.0	984999	149.74292	16.09362	149.7429	16.098312	6.0026283	-150.06859	1.3281145	0.017349282	-4.048554e-05	14493.480191469193
198	1761.6377	5.8710055	1773.2845	1757.3021	1767.304	7.2212296	1782.7129	1753.6519	1000.0	1000.0	989999	149.88928	16.075106	149.88934	16.07676	5.999332	-150.20738	1.3926142	0.016957574	1.443305e-05	14566.615225315094
199	1760.0869	16.03043	1775.9746	1731.3173	1766.682	7.9823275	1779.8708	1751.4451	1000.0	1000.0	994999	150.23637	15.971071	150.23642	15.976259	5.996531	-150.56232	1.4406141	0.017061299	6.235888e-05	14639.750845909119
200	1737.7786	13.241601	1753.939	1715.4407	1775.5967	8.673927	1788.9077	1750.805	1000.0	1000.0	999999	150.39906	15.8110485	150.39914	15.815609	6.0033865	-150.71738	1.4272457	0.017595908	-5.318029e-05	14712.960077285767
