Epoch	AverageEpRet	StdEpRet	MaxEpRet	MinEpRet	EpLen	AverageVVals	StdVVals	MaxVVals	MinVVals	TotalEnvInteracts	PolicyLoss	ValueLoss	Entropy	AvgKL	StopIter
1	-23.64952	63.80627	82.204414	-124.92023	443.66666	0.7925154	0.42329946	3.0156503	-0.35541484	5000	-0.13337888	232.32332	3.0533032	0.035109874	79.0
2	-26.083136	36.048195	40.978054	-79.19463	685.5	-8.836165	2.5977678	-0.31978858	-19.628042	10000	-0.13223939	94.94725	3.0578141	0.03999697	79.0
3	-13.965219	26.540876	23.680857	-48.353657	536.1429	-3.3413644	6.171566	10.441446	-24.466995	15000	-0.13756599	104.44413	3.0116737	0.012454069	79.0
4	-18.135311	31.196167	33.579037	-65.62689	522.4286	-5.839885	4.1478515	8.055632	-21.304266	20000	-0.13699007	96.37541	3.0169597	0.029539734	79.0
5	-27.50353	26.470694	12.288795	-60.37965	562.0	-5.686209	4.099308	14.318344	-23.926811	25000	-0.1405732	97.90889	3.0084763	0.035347495	79.0
6	9.9850645	27.751812	61.64591	-16.553013	937.6	-2.1270897	2.7743144	10.191523	-14.889249	30000	-0.13887711	96.51098	2.96587	0.05139617	79.0
7	38.219715	43.20336	120.498276	-1.1330202	748.4	0.9616042	5.075353	29.802563	-19.356884	35000	-0.1390105	130.34743	2.9215362	0.036517873	79.0
8	-2.412024	25.452246	42.94331	-39.558167	452.0	3.4069617	4.5517774	24.299707	-17.257027	40000	-0.14390577	81.92069	2.89468	0.039796278	79.0
9	9.565858	46.987858	82.92464	-62.62883	554.0	1.2682272	4.8624587	25.028887	-25.393433	45000	-0.13922927	72.22503	2.8434966	0.040437218	79.0
10	28.302738	54.394756	138.10692	-51.469852	394.7	2.5273504	5.0247507	32.023407	-19.28225	50000	-0.14458348	137.1818	2.8226886	0.044412747	79.0
11	26.539898	56.4005	121.786934	-48.57195	604.4286	3.8553061	7.8088837	40.359985	-24.812624	55000	-0.1467936	84.36691	2.8161635	0.030246511	79.0
12	28.0487	17.487446	55.00508	8.859501	712.1667	3.9701028	5.5354743	30.01511	-13.515558	60000	-0.13999566	24.488985	2.779369	0.041150805	79.0
13	21.68385	31.878553	81.10721	-12.99776	555.2857	5.765456	3.9318936	28.182175	-7.4795265	65000	-0.13660337	127.35237	2.755926	0.0351986	79.0
14	64.87227	28.999224	116.61793	37.963882	1000.0	3.1718361	5.379625	37.877686	-18.990608	70000	-0.14267728	51.61149	2.7072713	0.03676108	79.0
15	47.790073	49.893734	111.61226	-15.547511	776.8	6.297257	5.826676	35.134644	-16.914003	75000	-0.14333849	59.60624	2.690827	0.028336432	79.0
16	50.00507	42.92091	121.44358	-10.783016	598.75	6.3369455	8.904568	33.19441	-20.288767	80000	-0.1426761	75.09066	2.6302993	0.043775994	79.0
17	53.360672	53.05263	128.02534	-18.64564	655.3333	9.861075	5.054193	30.287035	-15.976088	85000	-0.14193213	62.836357	2.5867233	0.027995331	79.0
18	66.07003	59.342957	159.58392	-35.127388	572.1667	10.47506	6.14062	31.433355	-20.076199	90000	-0.148564	80.1965	2.5411136	0.0371436	79.0
19	86.762405	60.19941	171.77208	18.336718	404.2857	10.395892	6.3828216	40.98437	-22.482464	95000	-0.14301562	49.974182	2.5281978	0.0553136	79.0
20	124.06758	61.349636	234.12187	56.80681	1000.0	15.350334	5.5468593	37.889587	-10.060543	100000	-0.13874522	66.8194	2.4683878	0.037327435	79.0
21	83.451385	44.797935	141.08606	24.415525	631.4	10.374257	6.5983396	38.296196	-13.294583	105000	-0.14660664	101.06971	2.4142058	0.05250752	79.0
22	36.945694	68.22807	212.90971	-8.349285	248.0	16.456638	7.8134747	46.793877	-22.072754	110000	-0.13894768	125.64319	2.353911	0.028890146	79.0
23	86.17594	49.94419	171.85796	25.432531	829.6	9.324094	7.00408	39.359142	-14.452749	115000	-0.14041716	42.563614	2.3496575	0.019935606	79.0
24	117.79877	63.169514	193.89165	14.050222	777.3333	9.282246	4.8702264	24.170584	-15.810906	120000	-0.14592	105.8552	2.3047593	0.059386805	79.0
25	96.02436	69.84562	202.4747	20.920803	549.7143	13.37919	6.1800933	43.15813	-15.2894535	125000	-0.14442275	93.34485	2.242041	0.04864115	79.0
26	178.49936	71.867424	278.54855	72.98693	839.6	16.116049	7.6408153	39.44111	-14.444001	130000	-0.14590766	59.832726	2.1961997	0.059153333	79.0
27	195.54318	133.7396	393.98056	34.01595	831.6	19.86274	6.6542187	44.802956	-4.932728	135000	-0.14397478	115.13665	2.1493034	0.04525354	79.0
28	232.91484	95.257866	330.75674	63.14656	829.6	25.974537	12.485075	74.96874	-10.310658	140000	-0.14442956	76.24634	2.07085	0.043939665	79.0
29	160.98698	68.59622	270.70926	77.76431	769.6	24.781067	6.3978453	46.776825	3.574324	145000	-0.14867105	68.59158	2.0050335	0.043298595	79.0
30	268.54092	78.7353	368.09418	143.80907	871.6	21.669874	6.156887	48.329296	-0.5836574	150000	-0.15076849	108.59751	1.9558631	0.061039466	79.0
31	161.14279	110.31475	348.06573	-12.455764	780.5	26.257832	6.1249375	49.27272	5.640833	155000	-0.14868236	117.82735	1.9385699	0.03904288	79.0
32	303.66684	48.54843	395.00867	260.80228	956.6	24.568977	7.828561	46.16993	-3.7113688	160000	-0.1501	85.88716	1.8888346	0.06136739	79.0
33	241.0039	73.88108	373.84372	155.65175	1000.0	25.014507	8.286037	57.75519	0.44965458	165000	-0.14313234	77.203316	1.8442113	0.039979883	79.0
34	265.85806	81.54642	380.95374	146.83107	864.8	28.706059	9.059696	67.98173	-6.999565	170000	-0.14693837	89.45786	1.7491406	0.047027234	79.0
35	124.53699	103.52048	332.9996	-0.3525525	421.8889	30.603624	7.237603	54.943035	2.9913943	175000	-0.14288469	121.35362	1.6957304	0.024578184	79.0
36	173.82626	100.68427	312.81528	4.962891	515.8571	26.694359	5.9626393	54.202244	-11.8982935	180000	-0.14262295	107.871376	1.6744164	0.052414216	79.0
37	198.54207	106.02838	303.85464	17.613441	731.8	24.577204	13.233936	61.98668	-19.412977	185000	-0.14570762	135.95993	1.6182601	0.045419127	79.0
38	243.21431	157.02377	407.90558	16.0447	648.2	34.70043	9.349009	80.05012	-9.815138	190000	-0.14880016	86.25875	1.556145	0.04232161	79.0
39	362.51407	116.60618	543.2561	185.92932	898.4	33.757664	8.391238	57.891224	-8.758546	195000	-0.14622563	106.04682	1.5155152	0.056575134	79.0
40	265.5371	71.13322	338.75986	131.66388	849.8	38.18291	11.960002	68.84616	2.8293736	200000	-0.15180957	77.96903	1.4487684	0.046959154	79.0
41	282.44345	173.38156	479.9691	48.195755	710.8333	31.94377	5.136773	55.88221	14.268263	205000	-0.1380311	97.26846	1.4105462	0.075512566	39.0
42	269.7177	149.80307	438.04062	69.58601	681.8	39.09548	9.087164	67.31841	5.244671	210000	-0.14226507	111.47185	1.3434677	0.03586567	79.0
43	207.12102	148.71747	442.27786	19.424576	507.42856	44.392834	8.383957	68.27351	9.930649	215000	-0.14108488	127.1789	1.273003	0.035683613	79.0
44	351.76083	109.01888	497.38892	192.12784	1000.0	33.76113	9.95116	67.945885	0.26545826	220000	-0.15242265	84.610886	1.2232258	0.043736752	79.0
45	315.59503	139.2313	480.28934	87.0066	756.6	37.70888	11.701207	67.47645	0.023155227	225000	-0.1469209	84.961235	1.1812047	0.0329787	79.0
46	361.09756	52.428467	444.01093	301.75485	931.2	34.299282	10.875081	68.56807	-5.6367254	230000	-0.14297153	55.35859	1.1259573	0.067153625	79.0
47	290.20337	160.94334	462.63248	0.15930462	691.7143	45.35398	8.066462	71.67849	20.06126	235000	-0.14128177	103.92844	1.0665565	0.043895688	79.0
48	291.17014	126.90205	397.1184	19.01455	730.5	38.98276	7.212495	61.25734	10.63915	240000	-0.13718244	92.00665	1.0400848	0.05054782	79.0
49	474.59125	71.450386	588.62933	371.22086	951.8	42.975464	5.7251697	66.27411	15.779314	245000	-0.14766453	119.97613	0.95673	0.05359156	79.0
50	387.336	80.363686	487.36337	302.06537	1000.0	42.14028	7.495864	72.83343	11.035589	250000	-0.14576428	50.395115	0.9569156	0.05816068	79.0
51	415.22705	141.80682	625.91064	249.84149	1000.0	41.203083	8.758339	76.12281	11.659009	255000	-0.14503196	172.83961	0.882835	0.043694377	79.0
52	371.5701	192.43355	595.50446	29.772493	628.3333	52.99859	8.325885	88.24756	22.778955	260000	-0.14176269	159.83313	0.82643425	0.047356933	79.0
53	421.84784	201.02751	614.89856	78.1175	829.2	50.91081	11.356905	80.64802	12.748586	265000	-0.14888914	67.42265	0.77297664	0.058210228	79.0
54	542.17737	92.91367	676.61304	420.30588	870.4	57.33735	7.0208035	79.286514	12.934139	270000	-0.14135967	131.61548	0.6915766	0.039042443	79.0
55	331.42453	187.40828	587.5274	40.383625	656.3333	53.13996	12.705174	88.231544	10.349619	275000	-0.13858478	130.19098	0.63682663	0.02356048	79.0
56	347.4738	234.28752	680.80164	-6.0155234	686.2857	49.73205	14.89028	86.1153	0.23160797	280000	-0.1402449	172.7985	0.5646818	0.021276144	79.0
57	474.9983	99.87452	666.16174	374.22528	918.6	49.61361	13.620867	87.16837	-7.621469	285000	-0.14648136	77.506966	0.5451478	0.05266809	79.0
58	587.6556	97.35478	684.4934	467.63644	999.8	53.023743	11.455815	92.66366	11.454966	290000	-0.14413942	107.63055	0.5127668	0.075346515	48.0
59	594.254	93.35564	722.5834	445.68643	985.0	60.381355	11.799918	105.98391	19.123945	295000	-0.14709713	142.42896	0.43829423	0.055973656	79.0
60	353.99576	287.5799	765.33954	23.304976	499.4	59.643856	8.333785	91.9014	32.791866	300000	-0.1384293	141.14355	0.3514769	0.04252762	79.0
61	598.3777	69.66399	709.66754	509.4147	1000.0	64.37628	9.416314	92.9685	18.30769	305000	-0.14767778	116.77745	0.3434297	0.059209257	79.0
62	389.0625	237.1922	775.4744	75.93811	575.2	61.264175	9.865889	86.62099	17.838732	310000	-0.13525954	236.7626	0.2550495	0.02757929	79.0
63	555.7499	96.72717	654.3591	384.1825	937.0	59.54935	11.771327	96.26298	1.1614025	315000	-0.11665327	124.391174	0.2370857	0.07502772	18.0
64	460.4888	268.90298	720.21234	14.306214	653.5714	63.886482	7.8481517	97.31136	17.104647	320000	-0.13737635	242.36784	0.13117251	0.036534455	79.0
65	412.79263	232.88527	679.79474	25.59518	556.4286	67.846214	8.709468	113.79577	23.311865	325000	-0.13912247	218.3849	0.06433345	0.0485589	79.0
66	445.51138	305.5642	838.016	57.06443	604.4286	66.626366	9.341834	118.27617	-16.555717	330000	-0.13619758	236.63734	-0.021460852	0.045515254	79.0
67	641.60956	124.09556	808.01404	437.72766	947.4	65.907974	16.166016	108.808266	3.9609058	335000	-0.14267136	161.94933	-0.054742273	0.04697203	79.0
68	203.19142	137.48228	472.739	65.117256	377.57144	59.601963	16.483692	111.97548	-25.749899	340000	-0.13684869	182.94005	-0.12270603	0.01354105	79.0
69	283.3417	209.83495	569.3726	12.421527	534.2857	47.826424	11.578055	96.44855	-7.7919765	345000	-0.12741254	141.79735	-0.13566688	0.042558648	79.0
70	536.7265	83.272545	686.8901	468.88028	1000.0	50.564213	13.088143	98.66606	-13.054588	350000	-0.098395966	76.705	-0.15195417	0.07666497	14.0
71	269.2436	224.6229	694.87384	-1.0358158	407.55554	61.83107	11.245558	94.514336	-58.329895	355000	-0.12353686	237.71902	-0.2451321	-0.007730919	79.0
72	590.2728	124.43636	749.4347	414.14273	868.6	59.92074	10.321162	96.90253	-12.737569	360000	-0.08175949	175.70732	-0.28439113	0.07681306	10.0
73	494.67114	244.42912	773.9673	68.59958	665.6	65.75726	13.449769	104.22398	12.638931	365000	-0.091501586	189.6316	-0.31808802	0.07710387	13.0
74	315.16687	173.78433	468.44043	77.584755	475.2	67.5461	13.664295	100.41031	-4.399777	370000	-0.13296744	172.80742	-0.3652945	0.03752368	79.0
75	347.35266	330.80563	927.8546	19.83738	421.375	70.87364	11.271117	108.84298	25.026587	375000	-0.13179232	296.30118	-0.44280323	0.020545531	79.0
76	393.83475	273.6834	733.13824	63.111057	599.2857	63.0293	16.598469	107.68565	-6.8129354	380000	-0.13885799	204.95015	-0.48790243	0.048381206	79.0
77	531.27936	210.67792	793.94293	248.18063	664.8571	72.51033	11.410009	119.16031	-58.835964	385000	-0.13702457	248.06665	-0.5706174	0.042937677	79.0
78	478.8933	302.5219	819.9878	8.828637	623.1667	71.051735	16.244747	113.37505	-38.06747	390000	-0.13139729	218.20392	-0.5994722	0.03596158	79.0
79	220.99483	155.79187	434.39923	61.954964	321.16666	75.51322	11.741885	115.14456	-95.38041	395000	-0.13534068	328.0497	-0.68730146	0.027918728	79.0
80	440.5101	297.4373	823.0602	32.056984	539.0	74.571526	13.926046	123.4261	1.8200743	400000	-0.06724151	285.60294	-0.68647254	0.07597187	8.0
81	676.6008	140.0569	823.3682	443.84555	983.8	64.06888	19.537739	122.937035	-2.391992	405000	-0.13809036	186.29102	-0.7055333	0.04857017	79.0
82	529.33765	261.80258	854.52124	196.16833	653.0	74.358086	14.045334	118.88174	11.718242	410000	-0.1330942	223.52625	-0.8196451	0.049491476	79.0
83	316.54007	191.00986	555.0365	74.615234	435.7143	71.55651	16.788057	117.2764	7.262488	415000	-0.1280204	253.05017	-0.90501463	0.031943098	79.0
84	722.91003	243.50249	983.5752	297.80234	846.6	71.12959	16.973646	118.116684	-50.590527	420000	-0.13742839	282.35016	-0.9638332	0.058474034	79.0
85	517.0079	315.66144	942.63806	71.679955	600.3333	84.90515	13.840766	138.42953	-6.0505056	425000	-0.09842918	278.1972	-0.9815322	0.07542006	15.0
86	582.8747	259.01285	925.2162	193.85136	779.8333	73.36862	18.188683	114.64024	-22.710817	430000	-0.12912099	197.35559	-1.0184216	0.023153208	79.0
87	670.7416	211.16327	930.8131	486.15176	907.8	71.57645	17.096174	118.68521	-23.807539	435000	-0.12963165	171.30367	-1.040769	0.06026784	79.0
88	558.9933	367.68402	961.5781	13.045719	614.2857	83.32313	11.4054785	139.95703	-2.6461303	440000	-0.06962624	244.15614	-1.1154397	0.07659642	9.0
89	661.9826	253.55563	874.3221	177.85466	823.8	75.22797	17.522884	117.717896	-6.701454	445000	-0.13192165	193.62979	-1.1357003	0.028397633	79.0
90	715.96136	259.37204	1037.3105	264.81113	802.4	83.56608	11.469785	119.315445	27.405857	450000	-0.14093103	198.41292	-1.1966625	0.052368123	79.0
91	559.71234	284.39474	877.71497	103.91951	633.2	89.59342	8.283817	124.57939	7.304871	455000	-0.12962636	251.82208	-1.3015054	0.04644776	79.0
92	654.0114	362.95123	973.5292	90.588646	689.6	83.900696	12.184944	119.960884	-41.79317	460000	-0.1384084	229.51665	-1.3374836	0.048070867	79.0
93	893.862	128.4191	1088.4156	685.09515	1000.0	87.604355	15.543655	135.42088	34.614456	465000	-0.088451564	156.57684	-1.3239897	0.075278305	11.0
94	557.4723	320.7965	979.41034	7.101737	675.3333	88.29254	18.954727	143.6549	27.474218	470000	-0.052111756	290.615	-1.3471575	0.08042646	7.0
95	703.517	214.44765	985.3326	446.6821	715.8333	88.643845	12.931565	123.09781	-291.63092	475000	-0.12525032	292.77954	-1.4157372	0.028610822	79.0
96	528.8082	282.92224	926.9304	56.116676	668.4	83.583885	14.617917	133.35481	-43.994286	480000	-0.12788513	252.8758	-1.4704506	0.038941775	79.0
97	360.1129	306.5827	1063.522	29.28207	393.25	80.28697	13.279863	141.13728	-27.36413	485000	-0.13116598	479.95175	-1.5679994	0.02536631	79.0
98	770.5114	336.4824	1016.11194	113.64581	826.0	83.18907	13.657119	133.45671	-43.204445	490000	-0.13837557	231.74123	-1.6245736	0.057022143	79.0
99	633.1556	318.2133	1049.5264	172.70494	708.2	85.87948	16.445246	122.52476	8.064838	495000	-0.13563341	217.38643	-1.6720114	0.04538108	79.0
100	483.84775	308.33185	976.24603	63.175655	501.0	90.29949	14.970961	132.51271	-20.868826	500000	-0.12687458	296.10153	-1.7659795	0.014602039	79.0
101	844.88464	205.31552	1088.1476	561.6252	902.2	86.97273	16.803738	132.64359	-31.11552	505000	-0.08882916	215.60036	-1.7740014	0.07508185	12.0
102	839.69446	403.07788	1097.6036	41.306427	810.6	92.624886	18.042337	152.91008	32.55209	510000	-0.060107917	216.06384	-1.7724187	0.076524414	8.0
103	605.7574	337.30783	1075.3236	138.14435	661.6667	94.20505	19.247126	135.25679	-24.455572	515000	-0.06666724	244.63934	-1.7960796	0.0770323	9.0
104	573.06323	321.37518	1071.8022	144.99174	543.8	97.99159	11.16404	130.6653	-129.80325	520000	-0.12648916	371.085	-1.885271	0.043319367	79.0
105	788.7002	357.76477	1091.0492	28.875744	815.3333	91.233826	17.955433	131.26753	29.180397	525000	-0.08451177	222.24863	-1.871659	0.07710544	13.0
106	665.7017	385.333	1079.4432	174.66519	642.0	102.24339	10.086798	141.5303	22.293213	530000	-0.06241775	415.14294	-1.9011668	0.075280175	8.0
107	836.9207	335.11792	1107.6211	222.21228	840.0	93.674484	15.373157	146.67697	-25.048754	535000	-0.056029115	147.59344	-1.8878272	0.08641216	7.0
108	827.97595	208.08107	1109.2778	541.6854	1000.0	88.86219	20.66362	138.17238	30.468103	540000	-0.085212916	128.29405	-1.8686961	0.07530498	11.0
109	406.28723	367.35217	1033.1062	66.17022	423.1	96.101685	17.345598	138.48485	27.831728	545000	-0.11818779	417.64822	-2.000582	-0.009479202	79.0
110	1037.0627	110.885124	1159.4093	830.7233	953.8	94.14778	9.629769	127.64774	-121.70477	550000	-0.11511448	236.30695	-2.018255	0.07658668	27.0
111	661.33	264.36856	963.8088	120.423546	699.5	99.47746	18.26745	139.60527	-131.93013	555000	-0.1200852	393.20975	-2.1231313	0.004323326	79.0
112	921.9088	103.55263	1011.8238	725.0643	1000.0	80.537865	21.794556	127.95088	19.047108	560000	-0.088286996	149.6201	-2.1134894	0.07646386	11.0
113	951.8455	170.64369	1113.0219	743.02997	1000.0	90.97803	22.836498	138.44731	36.34865	565000	-0.0853694	132.98927	-2.1330204	0.07995355	11.0
114	373.96802	307.15408	829.96747	38.197186	345.8	105.41434	13.5285	136.38937	33.178616	570000	-0.11678027	454.6583	-2.2292914	-0.014035855	79.0
115	407.2343	411.76413	1147.0264	5.7015414	378.57144	98.76295	16.509178	136.97112	-27.972363	575000	-0.1240438	464.69876	-2.3071625	-0.0012191791	79.0
116	994.7396	262.14243	1179.023	479.57312	885.0	101.14624	11.080294	145.94226	17.182526	580000	-0.09065314	200.24796	-2.3120546	0.0763502	13.0
117	883.55066	106.384	980.50616	678.6732	913.8	101.34118	18.649397	142.04459	29.629581	585000	-0.116879895	370.9141	-2.366488	0.022770619	79.0
118	731.4978	339.85168	1194.115	206.29639	727.2	87.946465	19.876873	143.84816	-36.484818	590000	-0.119624436	328.5425	-2.404467	0.03464809	79.0
119	648.20807	359.08176	1153.6663	106.662224	579.1667	98.44802	16.519623	136.10092	-19.651426	595000	-0.12399204	394.1189	-2.495598	0.02038726	79.0
120	905.7904	275.97147	1099.3108	361.92294	860.6	100.31183	12.078936	135.40356	17.098957	600000	0.00084949896	120.877014	-2.4949906	0.092196986	3.0
121	778.83026	373.79562	1190.9033	131.22151	745.2	103.088905	14.881687	129.34962	32.317623	605000	-0.03488399	256.71442	-2.484087	0.07753235	6.0
122	719.63275	377.7632	1113.4753	-4.539874	675.1667	107.82035	8.7045765	141.20744	-48.369576	610000	-0.0554147	319.0905	-2.496299	0.07504873	9.0
123	524.1523	305.33282	1141.0729	148.6643	521.2857	94.0276	18.600698	136.79645	3.9273148	615000	-0.117471226	361.76447	-2.564032	0.009951565	79.0
124	595.6953	438.51392	1193.516	84.46115	578.0	97.575005	16.947409	137.78418	16.82477	620000	-0.122236244	295.88837	-2.6184008	0.03556538	79.0
125	869.59454	293.56863	1160.0869	505.49155	783.8	104.65694	12.658462	144.21573	-9.816052	625000	-0.12112823	265.76712	-2.6893046	0.02880653	79.0
126	594.8806	430.5314	1150.9552	94.57882	513.0	104.96285	13.573823	137.31538	-15.600301	630000	-0.11936736	361.90747	-2.7974072	0.01960209	79.0
127	756.4169	220.97789	1149.9786	497.65964	727.0	97.9998	20.112068	157.25804	-15.056249	635000	-0.11621111	377.34036	-2.8193684	0.02880462	79.0
128	415.59012	397.61047	1240.064	86.68063	360.5	106.4885	20.226063	161.93234	-24.695469	640000	-0.11750011	530.0223	-2.8808684	-0.009155879	79.0
129	647.4069	365.25323	1116.6638	145.59746	610.1667	100.29015	17.69127	160.60779	30.1168	645000	-0.12118374	426.0559	-2.9600523	0.01752388	79.0
130	900.38654	458.12833	1280.0857	14.766347	799.3333	100.88149	16.71962	150.26059	-6.563176	650000	-0.030120563	290.9095	-2.965212	0.081793636	4.0
131	641.1279	441.7545	1263.2961	58.13245	531.8333	118.72523	10.502902	150.22495	-1.387749	655000	-0.020968003	487.7864	-2.9894195	0.08887632	4.0
132	1021.3717	402.55292	1270.9708	220.45212	835.8	116.0778	9.193911	155.1866	10.706384	660000	0.01700935	172.7649	-2.9839678	0.10488562	2.0
133	441.47696	450.41736	1237.7926	47.551495	364.2	117.30065	16.577139	167.91774	-30.179945	665000	-0.0007445608	471.4063	-2.9793563	0.08410447	3.0
134	1204.1451	58.967876	1284.3553	1123.3154	1000.0	112.496574	10.155071	150.70418	20.265116	670000	0.042613387	143.89479	-2.9850218	0.09618271	1.0
135	914.166	324.51453	1210.734	289.83524	815.5	112.99591	21.093681	147.95734	-19.663553	675000	0.069679044	235.15843	-2.9729059	0.22348924	1.0
136	794.58875	401.8792	1254.8907	56.40645	712.4286	109.99027	18.115738	142.55734	-23.442787	680000	-0.03461042	320.1625	-2.972456	0.0787216	5.0
137	773.96967	415.92334	1225.7539	33.464745	667.3333	106.87794	18.315598	140.03162	-36.561943	685000	-0.0262974	335.8655	-2.9766257	0.08188089	4.0
138	499.66138	452.37726	1312.3998	103.21158	496.2	95.184746	27.45249	145.9668	-31.913921	690000	-0.10746482	423.7029	-3.017171	0.0055848877	79.0
139	724.7722	328.10254	1390.8341	315.0073	721.6667	93.615326	24.128557	157.5432	-20.495216	695000	-0.07858662	402.26065	-3.0427294	0.076444015	14.0
140	631.05	551.47833	1252.8806	40.894955	541.8333	102.15416	22.27691	158.8352	11.74627	700000	-0.08323912	341.2794	-3.0840368	0.07529197	13.0
141	908.57385	443.38025	1308.4834	128.02365	744.0	115.54145	10.315254	147.09119	-9.440371	705000	-0.117014945	372.43976	-3.153658	0.036626868	79.0
142	761.97327	476.4646	1346.0328	104.6656	617.7143	113.7056	16.777569	151.63011	-46.93562	710000	-0.11764419	476.711	-3.2332273	0.00073313084	79.0
143	752.1083	344.76166	1243.9135	253.00763	613.8571	115.33935	9.7595415	149.65509	-64.125305	715000	-0.11531228	496.2385	-3.3350828	0.0077771186	79.0
144	985.1608	383.6713	1250.2479	186.28578	809.8333	112.746315	9.88555	143.46147	3.4047518	720000	-0.03666313	305.62674	-3.3395226	0.08582085	6.0
145	1044.4443	377.94888	1309.4381	309.76547	861.4	114.276985	16.488873	152.51132	12.086874	725000	0.014208889	345.96878	-3.3402789	0.10883779	2.0
146	1117.4128	292.4609	1349.8885	548.4402	885.2	118.44845	15.216	151.61906	30.010668	730000	0.0045452826	181.74725	-3.3452008	0.07983939	2.0
147	912.80206	351.62823	1335.5197	367.35486	855.6	110.98083	26.339573	160.54251	30.848906	735000	-0.028190136	229.8582	-3.3233597	0.08557158	5.0
148	1031.7303	278.0038	1321.8453	637.3393	1000.0	105.72216	29.48403	149.53375	32.235874	740000	-0.024337327	130.18777	-3.3408663	0.07867864	4.0
149	1185.8754	149.47449	1286.9178	889.77826	998.8	115.4567	22.283451	156.1891	28.51011	745000	-0.041868355	214.25032	-3.3643742	0.07695113	7.0
150	865.6874	329.0873	1279.4719	308.6506	756.6	114.09935	23.506466	153.39922	-27.864243	750000	-0.10702452	360.40186	-3.429474	0.0038287556	79.0
151	831.78253	503.54828	1353.3077	9.75503	661.6667	118.95581	13.614288	147.46092	-82.796906	755000	-0.11384109	360.7091	-3.4737961	0.034975506	79.0
152	937.9621	446.34674	1291.615	66.477394	818.2	109.816216	27.920307	164.55789	-21.9086	760000	-0.11664174	249.04996	-3.5198164	0.027895996	79.0
153	771.6617	512.77057	1311.0598	20.161423	607.1429	120.90926	10.6285715	152.88113	-34.42224	765000	-0.11956599	371.17905	-3.6243734	0.028655352	79.0
154	953.1919	387.77512	1330.3058	227.15994	780.6	113.939224	23.81488	166.03064	35.5363	770000	-0.07459251	332.2488	-3.6114743	0.07526704	11.0
155	858.52686	410.52905	1383.8778	286.594	748.6667	110.28027	26.461174	161.38817	36.94608	775000	-0.11778357	285.00323	-3.6715202	0.029791785	79.0
156	1343.3461	25.067066	1381.1233	1317.3304	1000.0	125.6245	9.307089	157.35097	25.636318	780000	0.021865796	80.19735	-3.6858883	0.08752949	2.0
157	1141.212	331.2687	1372.2035	486.68735	863.2	135.7946	6.062937	165.77989	90.470345	785000	0.075466834	296.8325	-3.6965976	0.29505068	1.0
158	860.1771	493.65817	1277.5386	-1.9377394	699.0	126.67203	9.913435	159.12766	-29.6515	790000	-0.035721797	245.8404	-3.680929	0.0773363	6.0
159	1047.0671	199.01299	1283.2074	758.5427	932.4	115.25995	23.804098	149.61223	18.950613	795000	-0.04907306	156.83945	-3.6811378	0.07542305	7.0
160	1069.6097	251.01105	1308.2858	739.91345	1000.0	104.04333	26.608894	141.95953	50.506298	800000	-0.13093314	130.84065	-3.7171907	0.05342746	79.0
161	1246.3225	49.11592	1291.333	1160.2906	1000.0	125.32775	11.199142	154.83777	37.131012	805000	-0.07644103	126.28113	-3.7483258	0.08321884	11.0
162	924.2843	306.01382	1330.5188	541.332	775.0	119.404526	19.14664	155.01274	24.527674	810000	-0.101474576	389.925	-3.84685	-0.008559263	79.0
163	995.8776	411.20853	1354.7174	376.69186	856.6	113.31777	21.478035	145.92477	-7.919017	815000	-0.122205935	233.94518	-3.927385	0.06637541	79.0
164	1033.3977	408.48856	1291.884	222.3202	812.2	128.81416	8.216213	151.45995	36.4763	820000	-0.1144147	286.2592	-3.981593	0.03379635	79.0
165	624.6722	428.51956	1326.2518	155.60292	482.6	125.56184	9.160386	148.55708	-11.102406	825000	-0.103654616	427.2368	-4.052135	-0.0010754502	79.0
166	1294.1959	54.1863	1333.7471	1186.8608	1000.0	123.76864	7.2097964	151.20247	48.21374	830000	0.0006905104	79.8011	-4.0442443	0.08174136	3.0
167	995.4554	313.193	1356.2207	464.97797	878.2	114.30519	28.311316	157.36493	46.20419	835000	0.03314474	274.403	-4.036276	0.106394775	1.0
168	1184.1975	150.42686	1372.7896	950.2069	1000.0	116.883736	22.84048	150.1001	47.755497	840000	-0.0021805589	138.1661	-4.042704	0.07896279	3.0
169	1208.8795	255.08858	1385.5559	702.5955	1000.0	116.60763	24.782448	148.06717	25.33446	845000	0.05360532	91.48716	-4.0352955	0.10573557	1.0
170	1238.3933	277.32938	1459.8259	691.8296	1000.0	123.767426	25.008194	162.60867	52.865456	850000	0.051917262	71.92388	-4.0430994	0.115570046	1.0
171	1093.4075	324.81696	1415.5795	581.02075	788.1667	138.23293	6.491817	158.62645	82.057	855000	0.03476662	480.7996	-4.0546217	0.1265744	1.0
172	1292.4048	301.37463	1501.455	699.7025	1000.0	119.64362	27.189919	165.7014	-13.273258	860000	-0.0036971965	113.18965	-4.0437336	0.08160782	3.0
173	810.832	647.5398	1372.0436	0.12464659	609.8	141.90303	8.410809	169.00888	23.890438	865000	0.0077960403	278.0335	-4.0656133	0.09968731	1.0
174	909.9755	446.27414	1407.7031	296.77768	697.8333	130.5039	19.741701	160.67921	-124.97046	870000	-0.018625647	529.4786	-4.0621185	0.07885066	4.0
175	923.0677	348.94485	1326.4524	360.9881	831.2	110.149086	30.025465	171.1467	25.668606	875000	-0.11490841	343.5428	-4.103333	0.016530761	79.0
176	1063.218	407.8998	1376.5367	256.68396	842.0	121.538124	19.111141	182.27226	28.182304	880000	-0.07393486	297.5294	-4.1155972	0.0815932	9.0
177	1326.1467	29.61343	1361.9601	1286.3345	1000.0	127.337135	9.036547	163.15836	44.497463	885000	-0.02201146	82.073166	-4.1271586	0.10219036	4.0
178	1185.6202	178.7291	1354.5092	862.38495	976.4	123.77297	23.382584	160.45534	53.4065	890000	0.026437161	281.33066	-4.117692	0.08941783	1.0
179	959.6861	394.89462	1376.8812	393.8853	804.3333	119.99796	22.860592	153.07254	9.492283	895000	-0.10657805	423.6357	-4.1517973	0.017792985	79.0
180	938.9259	506.4695	1384.1674	1.3327125	753.6	121.542885	23.571484	176.79431	-61.94635	900000	-0.12776376	255.18723	-4.209932	0.057018403	79.0
181	1227.1973	300.4498	1523.3079	776.4854	933.0	125.8164	23.526701	164.5926	-11.069635	905000	-0.11467876	373.92892	-4.3057184	0.027945496	79.0
182	1253.6971	189.86302	1433.5731	1005.93787	1000.0	126.3741	28.876495	173.03795	10.824338	910000	-0.12331172	250.64247	-4.381644	0.03544692	79.0
183	1148.1921	229.3427	1332.6467	702.67145	935.2	120.7566	30.349136	170.46599	38.510025	915000	-0.117072545	314.20465	-4.4334717	0.022208992	79.0
184	1288.408	139.72919	1433.4991	1110.2517	971.6	125.38064	21.456434	160.38864	-52.2087	920000	-0.07055762	228.2612	-4.442186	0.07518643	11.0
185	711.77716	566.0298	1395.8948	6.5481567	518.0	127.165375	25.78619	164.78899	-8.462203	925000	-0.105270945	402.7188	-4.5213923	0.0014202355	79.0
186	902.59625	601.9486	1519.1697	9.772219	642.8571	132.06859	11.620362	163.86359	2.805527	930000	-0.115136035	564.56506	-4.606049	0.008321558	79.0
187	1153.9393	549.4446	1458.3594	56.02521	814.2	137.8732	10.506812	173.49538	63.858047	935000	-0.032654822	202.73137	-4.590174	0.076056205	5.0
188	1117.814	558.46185	1432.9896	2.1692486	805.0	141.42523	10.800322	177.56223	-14.728471	940000	-0.0077353073	138.17993	-4.597545	0.10741203	4.0
189	922.47266	613.9299	1460.767	49.52569	666.8	142.29002	9.552772	173.77545	4.4013352	945000	0.018227356	378.05734	-4.5920634	0.10117091	1.0
190	1282.892	298.98618	1513.9489	692.476	1000.0	123.56704	33.29591	175.18877	28.942657	950000	0.01937109	127.55373	-4.5809774	0.07921818	2.0
191	1321.8596	228.29654	1503.908	878.9265	923.6	141.95457	12.363412	179.48824	18.61028	955000	-0.015543378	335.08276	-4.589617	0.11193004	4.0
192	1151.7336	548.5938	1477.7128	57.130585	810.0	142.69702	9.553668	170.99342	19.710354	960000	0.031402662	190.719	-4.589721	0.09017207	1.0
193	888.0816	608.7561	1451.5455	0.46692023	628.2857	142.41898	8.837701	183.25798	52.81143	965000	0.035901785	422.39014	-4.5869427	0.12961541	1.0
194	1273.302	279.32104	1468.103	737.7859	878.0	141.03386	9.488814	171.01924	-77.80137	970000	0.034292895	383.11804	-4.586522	0.12796831	1.0
195	1139.2937	573.6499	1536.6812	-1.3824494	803.2	141.16583	8.817894	182.20146	55.78203	975000	0.03193447	151.26773	-4.573303	0.08039459	1.0
196	1107.6686	425.3423	1503.34	369.64456	779.0	145.78262	9.56139	200.11655	75.817505	980000	0.048664846	337.93814	-4.588686	0.13693486	1.0
197	1149.1346	414.62915	1515.7731	426.48587	795.0	141.19003	9.190404	169.21057	-126.828766	985000	0.02480379	401.32126	-4.5710635	0.08867796	1.0
198	1303.0753	301.4657	1485.5468	701.98236	1000.0	128.73438	28.521563	178.38965	43.418385	990000	-0.0194131	107.518364	-4.5640845	0.09552865	4.0
199	1346.6547	206.09074	1483.1571	938.1719	933.8	146.76956	9.084794	185.39409	53.33859	995000	0.02182825	253.5202	-4.576756	0.08086732	1.0
200	1472.0796	43.298008	1517.8146	1407.6711	1000.0	144.83417	8.044222	177.34921	48.956524	1000000	0.02848661	131.94353	-4.572089	0.07953052	1.0
201	1067.6577	529.8412	1537.5819	371.66867	719.6	147.76988	7.5671816	180.76402	82.37286	1005000	0.056372277	372.42554	-4.5799603	0.16088316	1.0
202	1017.5957	465.09888	1550.0996	261.6553	837.2	125.67908	34.90661	172.3382	-14.385518	1010000	0.033739306	291.06235	-4.568909	0.115343004	1.0
203	1444.1099	50.7448	1501.3995	1357.5878	1000.0	141.46793	17.14457	173.18889	10.696604	1015000	0.023756312	132.69472	-4.5813494	0.08003128	1.0
204	1436.7893	90.60943	1516.3583	1269.2448	1000.0	147.36954	12.501826	174.50307	32.60246	1020000	0.0672452	171.18623	-4.580379	0.14992166	1.0
205	1389.4591	143.17134	1545.4397	1126.8729	944.4	146.51965	7.540569	178.5193	98.50004	1025000	0.0667463	330.30228	-4.5862517	0.2223071	1.0
206	1131.8568	585.76636	1519.6344	-0.93761	802.6	130.67152	33.14153	175.25508	18.749048	1030000	-0.02428545	227.72388	-4.5737076	0.07878371	5.0
207	1351.2854	275.49802	1548.017	826.20703	882.2	149.1776	8.577926	185.13466	62.844124	1035000	-0.05273081	487.37405	-4.5881767	0.07631143	10.0
208	1311.3325	340.78833	1549.1954	635.74646	889.4	149.93233	12.512897	192.27797	-156.10194	1040000	-0.08273701	290.96432	-4.5857368	0.075581424	15.0
209	1073.7635	532.1585	1451.1249	20.328514	740.2	140.83174	22.99342	192.1938	-2.003513	1045000	-0.111508176	371.28232	-4.6543546	0.011642245	79.0
210	1394.1736	155.90086	1502.296	1084.1433	1000.0	132.86533	26.573687	191.29103	8.177724	1050000	-0.09280812	194.59044	-4.6643834	0.075162806	16.0
211	999.126	583.11194	1594.4637	207.32243	646.3333	149.53593	9.119355	175.30943	11.838109	1055000	-0.102965295	571.3609	-4.758438	0.0061295494	79.0
212	1116.9792	454.75024	1676.8282	461.20322	815.4	133.83037	34.56293	204.8008	-5.5668945	1060000	-0.10984747	449.0926	-4.825284	0.030237824	79.0
213	1330.3596	435.86716	1616.8678	463.65735	866.0	152.11975	11.387497	207.57509	15.530228	1065000	-0.051908985	319.44687	-4.8368907	0.082344845	8.0
214	1299.5466	354.6466	1580.9941	711.34784	1000.0	129.1886	38.37426	198.80685	-0.70355815	1070000	-0.052846357	115.72186	-4.828409	0.08663898	8.0
215	1281.3239	383.93307	1676.6697	569.44415	870.2	147.49866	25.96492	196.50449	42.836193	1075000	-0.04428493	259.98965	-4.850781	0.07553619	6.0
216	1292.8672	248.64519	1664.4049	1013.66516	987.2	131.78847	35.42655	180.12338	-72.20262	1080000	-0.051282313	342.30112	-4.844058	0.08186113	8.0
217	1123.5181	424.72348	1588.9833	576.48584	799.1667	136.8554	28.490076	179.12404	35.25819	1085000	-0.11106771	448.15155	-4.897793	0.03380252	79.0
218	1255.0248	569.58185	1622.8339	120.69882	816.6	147.72263	10.245426	184.59879	27.213335	1090000	-0.010013157	216.15332	-4.8986015	0.07737707	3.0
219	1520.634	40.047035	1582.6301	1468.2428	982.2	154.05264	10.354999	180.63928	76.29932	1095000	0.030406091	487.3422	-4.9005666	0.08965843	1.0
220	1568.3184	50.80217	1624.0192	1483.3088	1000.0	152.06488	9.133592	180.92033	61.87778	1100000	0.060430165	143.12427	-4.908541	0.12713137	1.0
221	1326.1003	518.3121	1613.4011	290.24097	840.4	159.4584	8.706885	185.01106	101.59739	1105000	0.050562948	325.51044	-4.90731	0.11611157	1.0
222	1407.824	295.87964	1758.4231	891.3902	900.8	157.58827	14.383132	188.7279	13.507847	1110000	0.043418776	336.50223	-4.9121213	0.09595775	1.0
223	1243.6919	596.26105	1581.8934	52.306107	810.8	154.6244	12.349685	189.62933	1.4287388	1115000	0.06874022	288.6508	-4.9094286	0.17064606	1.0
224	1600.1685	74.32817	1689.5133	1483.8125	1000.0	157.05272	9.497518	192.40535	89.86199	1120000	0.06362531	121.21282	-4.909829	0.12805139	1.0
225	1188.9137	385.1997	1552.9537	690.69006	890.8	148.7911	28.480581	190.02382	64.29001	1125000	0.055300847	347.8947	-4.905494	0.16257486	1.0
226	1546.7445	43.970276	1621.5096	1487.6864	1000.0	152.12187	9.687804	180.10558	91.21311	1130000	0.040627632	146.94037	-4.926156	0.09476898	1.0
227	1067.4066	548.8556	1627.1051	353.902	695.6	156.41412	8.847388	179.83028	28.855427	1135000	0.043915868	385.6277	-4.9201818	0.10731365	1.0
228	1318.2478	238.33334	1547.3105	874.38306	962.0	136.50578	28.801697	177.5651	-91.61277	1140000	0.016796049	464.3515	-4.9206095	0.07723844	1.0
229	1509.1433	83.39005	1578.1786	1383.5903	1000.0	144.39285	8.211591	170.93797	80.74218	1145000	0.012555282	170.488	-4.9302177	0.108827926	3.0
230	1516.685	50.356438	1568.794	1429.3662	1000.0	153.13802	8.325643	177.93842	77.714905	1150000	0.03690513	116.47437	-4.9240546	0.09623812	1.0
231	1091.2	523.2981	1624.7245	218.57478	834.6	138.63492	31.516415	182.19592	51.961693	1155000	0.050667126	524.1732	-4.913102	0.15557188	1.0
232	1157.6788	604.34924	1607.969	-8.352247	745.0	152.44002	11.699179	194.77342	-34.097187	1160000	-0.012436217	282.88	-4.9274325	0.07931592	4.0
233	912.9053	553.23126	1523.2174	162.81181	673.2	137.07626	33.251755	193.72437	24.39361	1165000	-0.044094678	393.94254	-4.910639	0.07536036	8.0
234	1538.8737	95.8309	1695.4012	1396.8405	1000.0	140.324	16.910133	170.99164	39.46825	1170000	-0.03232	217.3465	-4.9302373	0.07870316	5.0
235	1216.8579	483.11618	1625.9512	355.35544	788.8	155.86784	9.647886	187.0218	37.048485	1175000	0.026885409	527.2205	-4.928118	0.08461761	1.0
236	1514.8699	181.1976	1662.7678	1161.681	956.2	153.66373	9.20506	185.58221	90.697105	1180000	0.022830874	445.28256	-4.929167	0.080101736	1.0
237	1559.3307	44.963036	1596.6067	1472.0782	1000.0	156.1104	16.697962	209.71791	37.147663	1185000	-0.027534125	201.62367	-4.932961	0.07857276	5.0
238	1589.1592	76.58756	1678.371	1471.2217	1000.0	158.1511	8.934062	196.00098	102.265625	1190000	-0.038876135	160.19922	-4.926865	0.08048604	6.0
239	1544.8091	41.976337	1614.7048	1504.8046	988.2	161.9972	10.103028	205.89581	61.432327	1195000	0.018628713	377.41666	-4.9344044	0.07629863	1.0
240	1486.413	214.49385	1712.6594	1100.9574	1000.0	148.01608	28.638903	185.80818	39.488857	1200000	0.03117854	220.09787	-4.9206905	0.07674204	1.0
241	1574.9977	87.20847	1740.8104	1490.6759	1000.0	158.01776	12.785577	186.726	49.70413	1205000	0.047245868	279.15945	-4.9360857	0.09682092	1.0
242	1493.5282	159.47505	1655.7108	1267.1289	957.2	152.50595	24.825787	182.87228	46.573265	1210000	0.039143004	474.4832	-4.9207625	0.102009244	1.0
243	1208.503	508.68863	1630.9141	348.27103	848.6	144.29373	34.155296	196.56265	4.1835136	1215000	-0.017281272	420.2664	-4.915589	0.08938619	5.0
244	1586.8113	67.77432	1654.8656	1465.4036	1000.0	154.01108	10.667612	191.63963	57.59122	1220000	-0.06414916	140.1546	-4.920666	0.07794551	9.0
245	1273.1814	560.93665	1619.9246	155.5865	822.2	158.39091	10.976292	195.74774	67.6199	1225000	-0.12015471	334.33728	-4.988979	0.026079914	79.0
246	1655.291	33.25432	1689.6926	1594.6057	1000.0	160.30687	8.568403	189.53256	87.0037	1230000	-0.0952151	112.79691	-5.0070434	0.075699426	14.0
247	1530.6561	278.5877	1724.9989	977.7707	920.4	168.6257	9.990115	220.48386	91.886734	1235000	-0.11791787	402.85526	-5.0792627	0.018511953	79.0
248	1576.0037	58.41414	1657.6923	1507.996	981.6	166.84425	8.024513	193.13391	112.10134	1240000	-0.1140679	330.7165	-5.139675	0.028260572	79.0
249	1112.1052	569.695	1638.5713	95.49915	766.6	148.83104	29.788717	185.34169	-44.83679	1245000	-0.10470964	462.4534	-5.2042217	-0.0022908612	79.0
250	1700.4408	40.528973	1762.4814	1651.6909	1000.0	160.51695	11.688485	194.24794	59.752434	1250000	-0.05434756	206.43475	-5.214259	0.07883455	7.0
251	1398.2473	343.87793	1701.9116	737.3358	888.4	164.81055	18.120161	191.54713	51.86171	1255000	-0.025410464	454.79086	-5.2214866	0.08029511	5.0
252	1685.9072	28.105577	1731.9565	1647.1412	1000.0	158.90671	7.568718	193.58621	84.56811	1260000	-0.040485237	132.52069	-5.218773	0.07501364	6.0
253	1545.3777	223.6068	1708.1465	1105.7499	937.6	170.68535	9.696793	200.6885	56.507713	1265000	-0.05091594	274.20044	-5.2309117	0.08186025	10.0
254	1178.3682	624.78534	1658.3224	1.1392123	804.4	153.61072	30.60559	185.00845	23.088848	1270000	-0.11254271	237.73975	-5.273779	0.0290403	79.0
255	1191.2814	582.44116	1744.16	363.81668	726.0	162.28954	13.7174635	186.05843	-27.063805	1275000	-0.113480076	476.50995	-5.3405776	0.01555896	79.0
256	974.22156	634.75146	1675.9066	59.314182	665.4	150.06818	28.061277	182.17555	26.339417	1280000	-0.115617074	400.3786	-5.371075	0.02928587	79.0
257	1494.478	285.84116	1787.3041	967.21295	917.0	162.65816	13.090053	197.09366	51.301495	1285000	-0.120524734	420.8689	-5.430596	0.04290952	79.0
258	1567.2136	109.47154	1670.496	1376.9109	939.8	160.7727	18.736092	210.22374	4.0638814	1290000	-0.11065027	487.0432	-5.520775	0.02364094	79.0
259	1370.1199	493.68985	1785.8224	399.14035	849.8	158.01126	25.222803	193.57886	-17.040232	1295000	-0.06387019	467.997	-5.525364	0.07520667	10.0
260	1692.2064	93.61451	1757.759	1513.16	1000.0	164.98648	9.842064	207.01794	86.6095	1300000	-0.024816103	178.96838	-5.524011	0.097371325	5.0
261	1654.899	44.236794	1719.4269	1597.4314	1000.0	170.8532	11.093715	202.36401	87.632095	1305000	0.027325507	181.96022	-5.5251493	0.08763188	2.0
262	1051.4028	702.9424	1715.9841	130.40674	662.4	167.4033	11.794072	195.30391	68.13993	1310000	-0.011675748	647.0189	-5.5345616	0.09658679	4.0
263	1675.8821	82.97945	1784.49	1565.3661	1000.0	162.04228	12.6984	208.73665	66.87057	1315000	0.029364353	185.34116	-5.535527	0.07761662	1.0
264	1484.4957	295.9014	1816.784	944.52057	1000.0	147.82535	44.75361	196.1823	34.345886	1320000	0.042674005	344.87314	-5.52967	0.09030279	1.0
265	1495.2621	307.47427	1680.7314	885.3303	895.8	165.02576	18.384642	193.50574	34.00701	1325000	0.04228615	337.0833	-5.534234	0.1022716	1.0
266	1656.1562	83.96277	1754.7223	1537.2751	1000.0	166.15497	8.474015	188.9232	103.28317	1330000	0.059704266	186.4657	-5.5371084	0.13478383	1.0
267	1672.4225	57.84109	1779.9668	1615.5143	1000.0	168.50516	9.612688	195.81612	118.8361	1335000	0.077178	178.77983	-5.5383725	0.17766243	1.0
268	1695.4691	100.16124	1801.8943	1563.225	1000.0	172.1055	9.980463	197.26552	117.8547	1340000	0.065969266	177.85202	-5.5406256	0.1391128	1.0
269	1494.7986	182.91362	1658.3616	1218.6605	943.2	164.20938	29.338594	200.58128	39.389343	1345000	0.035770085	307.75946	-5.5417657	0.094230786	1.0
270	1642.0687	54.40941	1710.692	1569.2728	1000.0	163.99968	8.410145	191.69864	100.305595	1350000	0.046963945	164.747	-5.5465074	0.09589631	1.0
271	1662.9651	80.148384	1758.2971	1524.7344	1000.0	166.33852	10.115098	186.5634	74.10134	1355000	0.08255454	185.84363	-5.548421	0.16259123	1.0
272	1122.0513	485.50803	1721.0553	674.07404	789.4	142.43437	45.89063	190.18848	26.512661	1360000	0.03734483	534.02264	-5.5413594	0.11116814	1.0
273	1492.7551	308.34222	1751.1796	910.157	1000.0	146.59213	35.132484	203.55067	15.777825	1365000	-0.0048788604	183.41078	-5.5454407	0.09588554	4.0
274	1612.1282	150.55963	1762.146	1329.7345	960.0	166.71718	10.868369	192.46466	88.32974	1370000	-0.01569094	370.11887	-5.5533085	0.07833914	4.0
275	1641.7146	43.834496	1710.8844	1580.1508	1000.0	168.95433	8.910224	197.79256	110.53589	1375000	-0.00391672	162.83095	-5.5453553	0.09295976	4.0
276	1663.0242	29.546867	1710.7269	1618.4532	1000.0	168.18295	8.6463	192.51276	109.375626	1380000	0.0399829	167.5342	-5.5445213	0.08457366	1.0
277	1472.2548	257.2836	1626.1779	958.7029	998.0	155.20915	33.21387	189.46281	53.585835	1385000	0.0527719	355.602	-5.539835	0.16876066	1.0
278	1525.0964	280.61844	1697.2596	965.42816	1000.0	150.07872	31.475037	188.26976	40.419502	1390000	-0.026817193	153.80208	-5.5390277	0.07659923	4.0
279	1687.1547	78.035904	1824.6174	1598.9081	1000.0	168.25562	7.970379	190.00006	108.19617	1395000	-0.03814928	187.68146	-5.5435357	0.080511004	7.0
280	1582.936	145.51732	1710.0356	1316.0524	946.6	171.1848	10.578666	196.82896	48.280556	1400000	-0.123374	415.05408	-5.6173677	0.039901625	79.0
281	1742.8821	51.30315	1822.9933	1687.9213	1000.0	168.83467	10.488559	193.56696	92.20847	1405000	-0.06833804	248.59695	-5.622816	0.075633764	9.0
282	1596.765	156.76582	1695.8696	1287.1223	1000.0	169.83122	29.5579	201.7576	43.44861	1410000	-0.103238866	257.2161	-5.6279407	0.07569772	18.0
283	1250.4329	693.70514	1798.7344	-1.6652428	803.0	154.42715	35.70115	198.92899	4.845192	1415000	-0.11681844	377.95636	-5.6785874	0.022004949	79.0
284	1242.4495	586.79175	1828.9686	258.01306	831.6	156.83163	36.297485	197.03548	59.310566	1420000	-0.11239656	510.16565	-5.736526	0.003680197	79.0
285	1571.4612	289.77594	1848.9506	1017.1615	895.0	162.90013	28.108044	202.21016	26.432947	1425000	-0.11546566	648.7263	-5.810604	0.024740295	79.0
286	1758.6863	77.157326	1871.0623	1645.7921	1000.0	170.74174	10.840184	206.6032	63.968765	1430000	-0.0023425778	193.4042	-5.8130436	0.08689196	3.0
287	1731.929	133.77829	1906.5034	1527.7456	1000.0	173.91734	19.558023	204.72751	71.59963	1435000	0.036069397	264.74536	-5.8095593	0.118238404	2.0
288	1777.8076	57.51342	1834.6394	1680.7164	1000.0	180.1826	9.003844	200.83092	101.23559	1440000	0.049985033	124.4738	-5.8122935	0.110937186	2.0
289	1729.8851	51.871433	1787.203	1633.1686	1000.0	180.72638	7.9281707	206.25572	132.58275	1445000	0.051985204	141.97375	-5.8108664	0.10785049	1.0
290	1772.9838	123.15963	1928.2097	1619.3163	1000.0	173.42737	20.083183	200.00671	56.161644	1450000	0.063938394	289.04456	-5.8116693	0.14616655	1.0
291	1777.1648	74.030365	1871.659	1653.1725	1000.0	181.79796	9.316217	210.10773	121.69088	1455000	0.07556137	193.18405	-5.816918	0.2003873	1.0
292	1749.9935	74.46555	1845.0955	1662.305	1000.0	180.68996	9.804158	212.62709	130.20323	1460000	0.039546978	193.83873	-5.821014	0.075261764	1.0
293	1642.4924	285.91653	1802.7867	1071.4419	921.6	176.31906	10.850424	211.90263	39.624107	1465000	0.046421014	411.87234	-5.8221803	0.1039167	1.0
294	1543.9116	548.0906	1872.6356	451.40515	847.8	179.79805	8.539055	212.67877	110.23568	1470000	0.04514469	401.95514	-5.813661	0.13477872	1.0
295	1834.2594	42.66201	1887.5428	1765.3256	1000.0	180.53062	8.293589	222.40509	75.636894	1475000	-0.01201071	151.5716	-5.8094907	0.089458175	4.0
296	1623.4375	217.6318	1793.3298	1209.6415	1000.0	175.75787	28.583048	205.36461	65.07327	1480000	0.039749768	270.41266	-5.8081565	0.08453772	1.0
297	1761.5627	142.4289	1873.938	1484.1934	958.2	175.3921	9.726964	196.2759	41.882862	1485000	0.03530854	483.60196	-5.818554	0.08437212	1.0
298	1804.4213	29.96277	1831.0282	1749.446	1000.0	183.96092	8.43498	217.77492	115.1279	1490000	0.040665753	108.35851	-5.8175936	0.10610834	1.0
299	1534.0164	435.07767	1944.7415	812.986	1000.0	158.86028	45.965256	203.70946	46.454243	1495000	0.030498669	412.2141	-5.804303	0.11372456	1.0
300	1760.5469	58.12518	1811.2096	1651.9393	1000.0	177.8948	12.441471	213.86986	75.56407	1500000	-0.024111869	156.74353	-5.8060217	0.07797355	4.0
301	1798.1846	155.62898	2088.1128	1655.8452	1000.0	181.65808	7.8064795	208.71873	127.76833	1505000	-0.032931697	271.2986	-5.808	0.077939615	5.0
302	1850.0618	93.97213	2003.2053	1714.6836	1000.0	183.86385	8.5884075	230.3913	122.18875	1510000	-0.040877037	225.5493	-5.8118377	0.075655945	6.0
303	1577.726	276.89035	1849.7295	1219.0593	864.8	186.8704	8.736281	217.23592	140.41849	1515000	-0.021010669	466.1153	-5.8227634	0.07880313	6.0
304	1502.0784	371.45972	1814.3582	972.4616	915.8	168.01828	31.725664	206.64851	11.327746	1520000	-0.08299231	429.9119	-5.829738	0.07521853	19.0
305	1329.8699	528.0439	1870.7853	495.34442	859.6	153.7421	42.04626	205.28928	-9.410076	1525000	-0.10610442	530.1085	-5.916388	0.035788964	79.0
306	1776.052	54.061287	1860.8333	1708.7682	1000.0	177.40013	11.138413	215.8959	82.12277	1530000	-0.1032874	186.5271	-5.9293327	0.075115606	20.0
307	1848.7692	69.099556	1920.1578	1730.079	1000.0	181.99545	8.400829	204.51787	102.87348	1535000	-0.07039965	131.23064	-5.940448	0.07742706	10.0
308	1805.5189	67.91932	1924.4177	1734.5181	1000.0	187.88872	7.355951	217.37587	114.592155	1540000	-0.046301845	181.61194	-5.9493313	0.08557378	7.0
309	1496.0592	579.0789	1957.157	292.3854	818.8333	182.90631	10.037279	213.71779	-24.294735	1545000	-0.026923383	589.9846	-5.963643	0.07701925	6.0
310	1832.015	36.366783	1879.303	1772.903	1000.0	180.44737	9.325652	208.73528	90.64028	1550000	-0.0757731	144.51105	-5.978328	0.08046556	11.0
311	1341.1058	703.38715	1935.8558	265.22357	710.8	186.58017	7.7427826	214.69577	97.874176	1555000	-0.094866246	637.8971	-6.043255	0.008911107	79.0
312	1904.7142	25.090097	1927.1794	1856.2827	1000.0	188.13533	7.1995053	230.94695	144.79054	1560000	-0.0065532397	97.44065	-6.0419526	0.08563062	4.0
313	1871.6868	71.76081	1979.6381	1780.4026	1000.0	192.63834	6.984149	212.07263	145.94421	1565000	-0.036860447	135.03635	-6.0463586	0.07747963	6.0
314	1781.1234	32.549046	1824.5596	1727.4338	1000.0	190.7245	8.962091	216.55064	114.109825	1570000	-0.022898361	173.97453	-6.055141	0.08559117	5.0
315	1765.4807	226.13081	1930.8212	1316.6418	1000.0	172.49062	33.081787	202.09247	-50.52299	1575000	-0.021818021	173.27267	-6.0574107	0.08035435	5.0
316	1898.4183	47.300484	1963.6357	1843.2157	1000.0	189.2969	7.681242	212.87422	132.97182	1580000	-0.05275474	139.04851	-6.0659494	0.07623606	7.0
317	1922.5491	69.72062	1999.3066	1837.469	1000.0	193.51668	7.4151087	224.59117	135.47856	1585000	-0.06724258	191.44102	-6.0700765	0.08561046	9.0
318	1930.0635	70.20651	2037.7355	1849.6664	1000.0	196.29123	7.3299465	218.84444	110.86955	1590000	-0.024117963	128.9209	-6.0668507	0.07709358	5.0
319	1886.0339	90.90789	2008.8285	1771.6526	1000.0	195.49852	7.6060963	223.3456	144.92958	1595000	0.04461285	174.75528	-6.071068	0.12477423	1.0
320	1860.6123	59.523895	1933.8948	1760.5875	1000.0	191.78743	8.128087	223.81992	146.22914	1600000	-0.0067692725	178.24307	-6.071257	0.08580908	4.0
321	1851.1588	104.666145	1942.406	1647.3334	1000.0	188.80844	14.886563	213.47348	31.385975	1605000	0.034958974	278.3098	-6.077317	0.0984002	1.0
322	1917.7507	44.690407	1998.3241	1872.7267	1000.0	188.72612	9.62901	217.56105	133.21124	1610000	-0.023211544	185.79329	-6.0751634	0.078872204	5.0
323	1673.9668	403.94	1926.0929	870.32275	888.0	181.83542	39.16176	226.48257	44.966427	1615000	-0.020994727	500.7095	-6.0753093	0.08566712	6.0
324	1873.4836	64.67435	1976.3027	1796.4166	1000.0	187.88005	11.584727	217.6904	71.298325	1620000	-0.034203056	298.16797	-6.079761	0.076352395	6.0
325	1926.1511	55.452335	2004.5193	1855.739	1000.0	193.49283	10.216514	221.9395	119.285774	1625000	-0.013084865	168.37103	-6.085738	0.09858745	6.0
326	1260.347	544.26117	1937.2356	359.5965	673.8	195.0732	11.884159	218.23956	37.933357	1630000	-0.10228928	853.8179	-6.181807	-0.0068317596	79.0
327	1796.6715	140.64272	1949.4114	1624.363	1000.0	181.26895	12.026627	223.2573	66.30306	1635000	-0.13970926	396.0023	-6.225559	0.040148277	79.0
328	1754.2595	252.87848	1926.7742	1253.1821	912.8	188.04546	12.94453	220.18637	17.861532	1640000	-0.11212219	637.3204	-6.3245177	0.017078707	79.0
329	1752.3845	291.8789	1958.79	1172.5815	916.4	186.63277	10.731318	216.02351	-19.942352	1645000	-0.105484106	783.2536	-6.392793	0.023066113	79.0
330	1673.642	708.79504	2109.9607	258.81393	825.8	188.00471	14.036233	224.41461	-1.4667698	1650000	-0.057716418	472.9778	-6.393261	0.07583358	8.0
331	1525.1125	455.97687	2008.7067	876.5005	1000.0	158.56926	58.87801	224.00851	-15.331461	1655000	-0.069297634	288.52475	-6.389074	0.07887884	11.0
332	1380.5117	764.58594	1978.6152	108.508514	726.5	188.81795	13.14996	215.44897	-17.087015	1660000	-0.107822426	724.6803	-6.4448595	0.012181068	79.0
333	1131.6322	783.15155	2088.8381	96.99274	580.2857	187.6581	18.199944	232.81197	-125.25139	1665000	-0.10635774	1352.0802	-6.517825	-0.020988757	79.0
334	1774.7386	408.8372	2033.5586	964.48444	905.4	185.72377	15.210668	217.12268	-55.971905	1670000	-0.047862798	457.6773	-6.5219817	0.075468615	7.0
335	1711.281	361.61356	2033.5399	1183.7231	945.2	179.809	43.11201	231.13612	10.751571	1675000	-0.041538436	557.3366	-6.5191665	0.079528905	8.0
336	1663.0502	373.87808	1995.6697	1112.4907	912.2	181.27705	37.416775	238.8495	-33.626038	1680000	-0.03407384	645.47797	-6.5134664	0.0785575	6.0
337	1710.4563	429.4337	2064.1882	866.81946	1000.0	167.66107	49.233402	229.70955	1.1301608	1685000	-0.051542524	262.22946	-6.5088615	0.08665556	7.0
338	1715.0828	393.9339	2107.2922	1066.1438	1000.0	166.51442	50.449177	224.32274	44.949867	1690000	-0.042053077	441.0478	-6.510326	0.07896633	7.0
339	1768.0834	357.38812	2045.3773	1063.144	891.4	194.00673	11.605815	224.8929	47.736847	1695000	-0.037086967	670.2401	-6.5145564	0.07671084	6.0
340	1759.2057	227.77742	2038.1139	1351.0815	951.2	187.3162	29.821209	220.06194	-270.1366	1700000	-0.057309363	442.4424	-6.5189424	0.081793256	12.0
341	1454.9707	626.5299	2037.8168	285.99265	789.5	181.38405	30.599634	215.43579	41.063442	1705000	-0.107061036	674.2684	-6.5956454	0.005976653	79.0
342	1226.625	775.9474	2015.0219	195.59756	628.8333	188.45447	17.674238	223.88377	-123.7827	1710000	-0.05826687	791.6484	-6.6073017	0.07612636	10.0
343	1666.9437	490.60504	2029.5001	719.43225	968.2	162.94595	61.236492	225.78069	0.6560571	1715000	-0.12091546	423.0308	-6.65718	0.031439	79.0
344	1544.151	707.4102	1931.0079	129.94438	816.0	195.58882	12.141039	241.8435	78.896935	1720000	-0.04160789	374.77505	-6.6603103	0.07862999	6.0
345	1662.0872	391.13965	2072.6296	1012.5057	901.2	178.15929	42.53863	224.65779	26.332909	1725000	-0.028651804	564.4614	-6.6633635	0.07616212	5.0
346	1956.3102	83.18934	2069.2664	1809.9673	1000.0	186.64903	23.47302	244.07964	42.73313	1730000	-0.032306314	269.86847	-6.6666174	0.09528597	5.0
347	1323.3496	726.56335	2076.198	204.22095	683.3333	198.2808	14.581065	229.55669	39.489582	1735000	-0.01820637	1083.7441	-6.6746025	0.075407326	4.0
348	1872.4363	90.70099	2027.2098	1772.5619	991.2	186.6822	14.3282	230.97586	94.95811	1740000	-0.013009387	607.38983	-6.671153	0.07533344	3.0
349	1893.4705	102.229515	2040.2919	1759.4126	1000.0	191.18527	15.414549	247.12427	82.925224	1745000	-0.026605023	268.92297	-6.6686482	0.09991333	5.0
350	1946.9714	50.78717	2023.3035	1889.6577	1000.0	198.09453	12.833868	233.01585	115.34601	1750000	0.03683011	186.4403	-6.668283	0.097771004	1.0
351	1659.5002	399.2053	2001.1898	875.6254	886.2	197.96422	11.684184	236.73573	-105.404594	1755000	0.071189135	622.8937	-6.669463	0.23864968	1.0
352	1617.8654	568.4012	2000.6562	488.9695	846.0	191.11397	12.225881	225.96622	77.46828	1760000	-0.017605338	369.09396	-6.6620407	0.080878735	4.0
353	1761.2963	222.27768	1955.5187	1325.7756	1000.0	178.28304	38.991695	217.1651	44.849056	1765000	-0.06273183	223.52464	-6.6531377	0.077285826	9.0
354	1882.717	61.731678	1991.0814	1801.7435	1000.0	189.5325	9.664678	237.63254	115.748276	1770000	-0.022191208	223.52397	-6.6568594	0.10533404	5.0
355	1732.6996	187.46399	1907.7161	1499.3096	924.8	191.31047	12.785076	223.80736	82.7784	1775000	0.016411629	732.8594	-6.6592174	0.07826581	1.0
356	1870.6344	114.39401	1986.0522	1686.6124	1000.0	184.86555	11.172692	220.16415	79.32152	1780000	-0.0027455334	279.96466	-6.656197	0.07517206	3.0
357	1691.7542	331.80856	1909.449	1031.8455	914.2	190.3619	12.725179	224.44243	51.804928	1785000	0.02604097	520.736	-6.65748	0.085886635	1.0
358	1884.0879	47.051884	1936.7826	1796.7943	1000.0	187.6539	12.376697	223.85645	93.58189	1790000	-0.015106192	240.40305	-6.6502705	0.08003372	4.0
359	1619.3481	593.13776	2034.2131	440.1119	847.4	192.24828	11.171014	227.12532	69.31341	1795000	0.03582423	567.20935	-6.656911	0.11131868	1.0
360	1930.5941	69.301216	1996.271	1799.0448	1000.0	194.78116	11.566888	227.24474	138.48207	1800000	-0.04023068	301.48215	-6.6536455	0.08007222	6.0
361	1877.054	152.49356	2001.8872	1589.3007	965.2	198.163	10.545204	237.05847	121.32296	1805000	-0.023508701	417.16235	-6.6471834	0.077512346	5.0
362	1786.7766	227.35057	2066.671	1404.5997	1000.0	181.25323	36.840282	224.28499	33.456593	1810000	-0.050331026	440.40604	-6.6500797	0.077867456	7.0
363	1632.8438	564.5269	1973.4991	510.97244	850.2	189.3675	15.894236	226.80878	42.274673	1815000	-0.062540054	508.8035	-6.6448507	0.076161556	12.0
364	1917.0609	181.02673	2099.0864	1612.3123	1000.0	187.64087	30.962704	244.96251	8.758304	1820000	-0.08936842	307.0358	-6.647566	0.07761411	17.0
365	1301.1449	832.4823	2078.8604	32.593983	677.8	200.2688	11.868409	231.17052	64.74257	1825000	-0.105499074	549.3755	-6.7194963	0.01728309	79.0
366	1965.3932	110.31473	2105.754	1808.6957	1000.0	195.45474	13.712473	228.49463	101.24129	1830000	-0.05188673	233.68468	-6.7233734	0.07836798	8.0
367	1813.3014	264.493	2037.5312	1310.3209	935.4	199.1093	11.045307	238.75525	125.48916	1835000	-0.028042594	529.5457	-6.7290835	0.08773495	6.0
368	1843.8835	317.6127	2062.857	1213.7382	913.0	196.6825	9.460376	225.59027	71.45836	1840000	-0.11667962	371.91904	-6.8022	0.04054506	79.0
369	1573.4093	545.9298	2076.5708	835.3561	901.8	176.65746	47.210842	222.56367	49.712437	1845000	-0.11440204	450.4695	-6.8728986	0.042930357	79.0
370	1650.7488	503.65567	2187.26	714.5315	835.4	193.29665	16.791464	219.32768	-262.7394	1850000	-0.102305606	695.9909	-6.930615	0.036663115	79.0
371	1704.6943	545.4615	2076.0503	630.55615	865.0	191.66754	12.246913	255.98203	87.73095	1855000	-0.04422109	570.9714	-6.933947	0.075408846	6.0
372	1816.9039	401.65427	2104.6416	1028.6798	894.2	198.16722	11.829842	253.02292	77.64314	1860000	-0.037315853	518.8372	-6.9377604	0.076292515	5.0
373	1884.6387	333.1714	2130.4922	1229.3317	1000.0	187.27487	42.387928	247.3988	31.948526	1865000	-0.026572507	443.93066	-6.934422	0.089236826	5.0
374	1861.5127	323.81415	2164.8088	1232.476	928.2	203.93843	12.801838	272.59744	75.84054	1870000	-0.030885626	492.27786	-6.9423127	0.08443598	5.0
375	1817.0779	416.36435	2084.5347	989.987	1000.0	179.87778	51.189365	233.77888	34.82366	1875000	-0.054596864	176.6717	-6.944002	0.080082156	8.0
376	1961.8215	88.09955	2119.7085	1872.6217	1000.0	204.5884	9.488001	239.21538	147.90749	1880000	-0.03383985	208.64584	-6.9454985	0.08063358	5.0
377	1659.2708	518.6091	2163.1357	830.1023	819.8	200.52501	15.93661	229.94788	50.898094	1885000	-0.041413933	904.4943	-6.9471383	0.078886606	8.0
378	1852.9801	425.29688	2174.1135	1021.20184	899.2	199.79747	14.011436	235.25854	25.658884	1890000	-0.08081032	485.41446	-6.948557	0.08058225	15.0
379	1347.6168	508.89288	1952.8855	659.4471	799.0	180.74797	51.753063	237.67915	-26.108143	1895000	-0.103162624	885.1052	-7.0279665	-0.0039356803	79.0
380	1752.127	599.43854	2104.9712	555.4143	854.8	193.59352	11.904227	233.5185	49.236866	1900000	-0.046917945	496.8557	-7.032979	0.08323424	7.0
381	1929.2156	460.3537	2223.8152	1015.1439	905.8	207.86266	10.092844	246.78192	43.443428	1905000	-0.035547175	663.8975	-7.038736	0.07672573	6.0
382	1831.6257	433.69662	2102.901	971.59534	1000.0	184.4849	60.103695	251.01523	37.683655	1910000	0.035923794	200.69397	-7.0335655	0.10198305	1.0
383	1711.0071	535.88025	2190.9138	687.0086	855.4	206.21538	13.726507	236.49173	48.352524	1915000	0.033962216	902.6864	-7.038143	0.10118586	1.0
384	2070.2456	67.69516	2172.198	1960.5398	1000.0	200.84604	11.737818	247.31305	109.02624	1920000	0.0394859	243.7694	-7.0410123	0.103853054	1.0
385	1777.4691	563.35895	2170.886	658.8901	865.0	210.2977	12.004532	240.53578	16.961256	1925000	0.07175552	398.10837	-7.043374	0.20389736	1.0
386	2082.8	65.50195	2165.5288	2000.1724	1000.0	207.62904	9.919242	243.18936	136.93546	1930000	0.04289832	256.07755	-7.0404515	0.14059065	2.0
387	2140.0408	107.772675	2310.6006	1979.1243	1000.0	212.48293	10.222145	247.21486	127.75007	1935000	0.057598535	307.25946	-7.0423155	0.12887049	1.0
388	1498.9808	685.3017	2130.3438	291.9658	723.6667	214.45917	14.881127	257.07568	17.548855	1940000	0.04961318	1124.1544	-7.053904	0.18226607	1.0
389	1962.0916	104.38643	2096.5916	1828.2258	984.6	195.8067	21.37215	237.10999	43.955067	1945000	-0.02806885	685.5019	-7.047883	0.0846053	5.0
390	1819.8656	532.5373	2149.4705	762.6938	863.4	201.711	14.213702	236.80038	15.057799	1950000	-0.046679266	503.7463	-7.0438876	0.07967073	7.0
391	2084.7095	109.07335	2272.7898	1968.3253	1000.0	207.6937	12.145355	254.96175	124.095215	1955000	-0.027289767	325.31302	-7.0411	0.07699704	5.0
392	2108.356	69.085846	2198.9026	2006.4363	1000.0	215.1516	13.900531	249.41077	105.47976	1960000	0.030907197	331.83255	-7.039107	0.09862272	1.0
393	1994.5208	177.83315	2176.3845	1656.2589	966.4	212.6245	13.393294	248.54013	56.305866	1965000	0.03515079	597.40924	-7.035211	0.09966699	1.0
394	2114.7974	23.6128	2142.7903	2083.2322	1000.0	208.9537	15.8441105	251.19142	44.228333	1970000	0.04029081	182.83618	-7.035419	0.08662894	1.0
395	1930.8789	210.52724	2146.2666	1590.4762	962.6	214.0067	14.212029	242.57826	16.44189	1975000	0.039934844	682.7024	-7.0334187	0.12405275	1.0
396	1604.9633	820.5118	2070.5078	-34.64992	789.6	207.22885	14.054081	235.75266	36.420776	1980000	-0.041509032	509.3423	-7.032798	0.07694524	8.0
397	1869.6794	717.2742	2314.7117	441.3985	844.2	207.05002	12.971676	241.1716	57.881287	1985000	-0.11003348	570.44604	-7.083365	0.045692444	79.0
398	1991.8655	223.4454	2190.6592	1604.9799	966.4	216.99275	12.562721	265.7511	34.530956	1990000	-0.11490105	715.2761	-7.1266766	0.051154085	79.0
399	2025.2875	347.2078	2231.5105	1333.9285	924.2	207.80295	14.485218	264.5106	12.745525	1995000	-0.124777064	620.6806	-7.177175	0.050975546	79.0
400	1410.6295	840.97107	2194.6042	241.6582	689.8	213.32283	21.09521	275.7437	8.011017	2000000	-0.10825635	905.66	-7.2383704	0.043365747	79.0
401	2154.3484	95.30417	2252.6584	1986.109	1000.0	209.98312	12.902248	259.8829	99.65573	2005000	0.010353489	342.10333	-7.2323227	0.10609348	3.0
402	1982.9801	342.78067	2254.746	1325.0388	932.4	218.0478	14.354749	255.96153	90.85922	2010000	0.02405367	658.6297	-7.232866	0.08849224	1.0
403	2065.3965	68.97512	2125.7144	1964.8346	1000.0	215.80576	12.996793	252.21811	129.5451	2015000	0.06345579	315.5541	-7.2282968	0.1331997	1.0
404	1797.2737	664.9137	2156.6975	468.22836	842.6	213.20198	12.419969	245.44717	109.15554	2020000	0.09046035	495.885	-7.2297173	0.26705816	1.0
405	2147.0032	87.205	2236.0496	1982.5323	1000.0	217.01402	10.384805	265.07126	143.42207	2025000	0.040869407	169.88782	-7.224733	0.08442707	1.0
406	2167.9917	108.73127	2308.565	2019.1555	1000.0	219.2686	10.914768	244.17465	108.61711	2030000	0.10751218	375.06573	-7.2293797	0.19626978	1.0
407	1678.1852	606.84845	2250.7324	542.75323	856.6	216.17868	21.095371	258.8377	-26.765203	2035000	0.07775852	681.16626	-7.2258463	0.18435375	1.0
408	2162.5115	58.629097	2254.4207	2102.7908	1000.0	212.85115	15.175513	256.44223	121.78224	2040000	0.044529982	287.77164	-7.22819	0.10746056	1.0
409	2100.543	63.44881	2199.3726	2031.8573	1000.0	219.73042	11.1686535	252.24084	154.54356	2045000	0.073807046	310.5226	-7.2224593	0.15559526	1.0
410	1678.9609	764.7742	2207.8892	159.80281	815.2	206.29716	22.53921	242.5815	36.309277	2050000	0.07610887	738.5042	-7.2246437	0.18352695	1.0
411	1877.057	285.3023	2308.0408	1548.5107	1000.0	187.70465	61.61873	253.42805	1.0239325	2055000	0.031717226	412.89563	-7.2230954	0.10095767	1.0
412	2165.086	111.342354	2313.5706	2035.5682	1000.0	210.31766	16.95292	240.02592	21.922064	2060000	0.045504015	333.5281	-7.2204423	0.118280284	1.0
413	1792.0742	569.0939	2140.833	664.3677	885.6	220.3053	18.457525	258.97153	34.5429	2065000	0.054929297	707.3807	-7.2235436	0.18827522	1.0
414	2222.4355	59.688488	2285.1804	2122.078	1000.0	211.3859	12.164714	249.29208	122.828804	2070000	0.0376653	276.1295	-7.219205	0.080618665	1.0
415	2211.2136	89.052	2326.0676	2079.5986	1000.0	224.23445	10.163848	272.75015	161.28925	2075000	0.095517956	286.98413	-7.218386	0.2171796	1.0
416	1929.8499	235.2525	2079.6692	1468.1271	935.6	221.4749	15.974152	253.29333	56.76579	2080000	0.050568253	643.0392	-7.2213197	0.13757876	1.0
417	2159.0415	67.36979	2263.5405	2059.7217	1000.0	209.75592	12.57389	250.23033	126.99266	2085000	0.051703114	355.02344	-7.21508	0.10396142	1.0
418	2158.871	89.36132	2234.3801	1998.9896	1000.0	219.78075	10.692719	246.20045	133.51997	2090000	0.09325925	252.01234	-7.211578	0.16503781	1.0
419	2181.261	115.379875	2296.5698	1962.9977	1000.0	222.5274	13.230318	250.34985	122.56893	2095000	0.06578408	380.2279	-7.2094607	0.11655586	1.0
420	2076.6787	29.04304	2116.6904	2034.0782	1000.0	219.7634	13.232533	252.30185	90.43326	2100000	0.0879947	271.60904	-7.210683	0.19952147	1.0
421	2095.5664	66.6266	2217.0564	2021.6449	1000.0	216.11197	12.2394495	247.58957	129.69077	2105000	0.057066057	205.313	-7.204531	0.12922543	1.0
422	2174.6567	99.11916	2299.0686	2040.2959	1000.0	215.90688	13.325855	240.5754	99.31684	2110000	0.047781017	255.3859	-7.2107267	0.11520984	1.0
423	1854.8318	538.19543	2347.7756	876.4578	839.0	224.03223	16.29244	256.67493	50.03499	2115000	0.041408867	952.8334	-7.2125564	0.14890055	1.0
424	2110.9504	69.13377	2203.777	1990.4111	1000.0	221.51144	11.288412	255.5705	145.31894	2120000	0.036087133	258.14062	-7.2077093	0.10565929	1.0
425	2169.3328	60.377583	2285.1033	2120.7424	1000.0	218.3072	11.432572	253.63377	88.21404	2125000	0.033565037	235.51045	-7.2062373	0.076548405	1.0
426	2195.892	105.882904	2266.71	1990.2377	1000.0	221.81004	9.949413	250.61848	155.73784	2130000	0.08844361	299.42416	-7.2087846	0.19162843	1.0
427	2115.4663	58.950253	2221.3599	2057.054	1000.0	222.125	11.360659	264.05588	150.3045	2135000	0.0524948	314.9366	-7.20976	0.10671467	1.0
428	2273.1877	89.88441	2435.5	2173.7231	1000.0	221.32425	11.108821	263.29114	140.10977	2140000	0.09411421	242.5353	-7.210175	0.1918213	1.0
429	1840.1006	494.3069	2143.4958	855.2772	882.6	228.36755	14.910526	259.7656	48.956085	2145000	0.06305572	623.5483	-7.2153196	0.14417817	1.0
430	2201.6914	41.35222	2255.8865	2142.3552	1000.0	213.05165	10.004466	241.10344	152.26337	2150000	0.05554491	294.63266	-7.214161	0.16118968	1.0
431	2067.722	69.45229	2172.0994	1980.3379	1000.0	223.03822	12.630917	283.06775	105.618416	2155000	0.05131162	311.0074	-7.2227235	0.116749465	1.0
432	1605.3417	742.7637	2146.5032	136.33559	779.6667	213.25093	13.649486	251.10553	57.965748	2160000	0.03832199	933.4074	-7.2249236	0.105966285	1.0
433	2106.735	68.7914	2181.5415	1994.0024	1000.0	207.60591	12.583865	241.99036	80.97499	2165000	0.013656513	328.94464	-7.217236	0.075557284	2.0
434	2001.3492	354.9847	2285.6357	1309.4816	923.2	215.1641	13.244483	243.35635	29.169231	2170000	-0.020099735	742.2714	-7.2142673	0.07965478	5.0
435	2097.9895	92.3722	2207.5461	1961.5878	1000.0	216.1051	14.470984	263.7495	111.41885	2175000	-0.03262533	432.1784	-7.2146516	0.08036946	5.0
436	1501.1854	857.9766	2254.0872	105.23422	702.0	216.0855	14.062327	250.49347	6.8657517	2180000	-0.04938421	873.7388	-7.217055	0.076412484	10.0
437	1802.0951	638.0539	2206.2258	529.36285	857.6	211.85852	14.193772	241.88774	27.800232	2185000	-0.11983894	821.7852	-7.257794	0.037516173	79.0
438	1489.4719	862.86957	2259.24	109.2787	689.4	210.8327	18.900965	249.53525	17.242075	2190000	-0.1166148	807.72705	-7.3296094	0.03725007	79.0
439	2065.6013	64.47188	2135.654	1952.823	1000.0	214.5644	16.674788	246.94879	35.46827	2195000	-0.056907807	315.30624	-7.333528	0.0942232	8.0
440	2033.7262	480.3009	2373.31	1086.0376	908.0	215.1759	13.338882	250.81119	118.404106	2200000	-0.057987202	854.9532	-7.3379626	0.078699514	12.0
441	2166.746	128.47101	2344.3079	1974.2504	1000.0	223.80777	14.048937	267.083	128.6483	2205000	-0.016369853	364.44287	-7.3340564	0.08608383	4.0
442	2230.8284	177.31577	2528.1304	2023.622	1000.0	222.41055	13.081206	260.91486	96.97126	2210000	0.047026973	459.6718	-7.342881	0.10041099	1.0
443	2199.5183	224.36871	2331.0938	1751.7246	969.4	230.4096	16.379961	271.44833	0.560618	2215000	0.073635794	754.5138	-7.339611	0.1837343	1.0
444	2230.7734	99.613945	2372.533	2088.7004	1000.0	229.15657	14.615883	266.94394	93.86771	2220000	0.016947726	335.0655	-7.339644	0.088838264	2.0
445	1952.3762	617.38983	2294.9692	718.6619	865.4	227.9598	11.599384	255.50467	152.74274	2225000	0.024997324	685.3478	-7.335809	0.08513098	1.0
446	2238.3071	120.65174	2429.522	2112.8286	1000.0	228.53854	11.200852	260.934	163.50429	2230000	0.030427359	476.9095	-7.340338	0.09011686	1.0
447	2165.2026	92.57463	2280.6394	2046.3519	1000.0	227.57002	15.231077	263.29956	67.02891	2235000	0.04154996	388.98596	-7.3421454	0.07924723	1.0
448	1837.9817	774.53534	2627.1523	432.5657	782.8	222.59615	13.353889	253.21243	34.959034	2240000	0.040202435	1030.619	-7.337345	0.13004373	1.0
449	1976.4407	577.7969	2489.8145	1001.7828	809.0	231.03145	20.46461	277.8603	-42.941757	2245000	0.018271042	1277.7197	-7.3389797	0.083097406	1.0
450	2151.0518	106.939476	2283.764	2048.5613	1000.0	228.6346	17.523869	268.44934	30.176825	2250000	-0.049417593	352.24234	-7.330897	0.08594899	7.0
451	2235.2573	117.08338	2401.2852	2044.7635	982.4	226.37637	14.391647	260.15747	52.794167	2255000	-0.11444268	678.38666	-7.3932295	0.04170107	79.0
452	2058.518	566.84326	2501.9666	940.20264	880.2	228.89963	15.17514	267.0143	21.258858	2260000	-0.065716594	840.3766	-7.405396	0.07542387	11.0
453	2263.284	55.5506	2363.9087	2219.1108	1000.0	233.919	17.985006	273.1468	92.01407	2265000	-0.027702369	344.15256	-7.406147	0.07931895	5.0
454	2055.7676	407.3043	2465.3196	1354.6018	951.0	219.03975	45.57567	260.8785	7.624582	2270000	-0.11474661	791.88043	-7.460339	0.022009527	79.0
455	2275.4878	26.513676	2308.0244	2244.5273	1000.0	232.09398	11.305983	271.50528	149.69867	2275000	0.0025896663	235.7529	-7.469111	0.08408366	3.0
456	1940.6748	896.3509	2413.6355	148.22923	815.4	233.22105	17.117393	269.09232	-68.92298	2280000	0.04255268	327.92566	-7.466814	0.13195965	1.0
457	1924.6686	464.15994	2390.6338	1240.9675	841.0	237.5418	21.056559	268.0628	7.4207253	2285000	0.031067075	1168.8368	-7.468586	0.1249095	1.0
458	2245.8618	154.17453	2449.8325	1986.3843	1000.0	222.9668	19.167559	270.37662	53.409225	2290000	-0.029196532	521.26605	-7.462733	0.08227701	5.0
459	2317.955	30.35181	2357.868	2276.2178	1000.0	232.99374	11.262753	274.40088	143.52788	2295000	-0.031850167	249.5911	-7.470378	0.08352432	6.0
460	2321.6938	80.05296	2447.3765	2221.3457	1000.0	235.8023	9.90769	269.34833	173.98148	2300000	-0.02361579	338.56516	-7.4725547	0.07831738	4.0
461	2370.493	55.222275	2472.2598	2321.3523	990.0	240.8774	15.90594	281.14508	0.94537175	2305000	0.020144729	548.6734	-7.4769373	0.0826978	1.0
462	2376.137	84.89526	2482.6719	2260.0933	1000.0	239.60277	14.668495	281.0573	61.504715	2310000	-0.024817621	246.9935	-7.476494	0.08190751	5.0
463	1983.234	581.1289	2503.6794	852.3879	876.0	239.11298	22.415043	269.97208	39.31432	2315000	0.03312874	745.6334	-7.4801016	0.112620555	1.0
464	1918.614	854.1107	2445.017	222.43568	821.6	235.8634	14.870021	265.415	53.301647	2320000	-0.026644628	674.9388	-7.4758844	0.081291825	6.0
465	2336.0059	88.3753	2446.4915	2226.8057	1000.0	237.84793	13.704753	277.2902	134.33055	2325000	-0.05886614	360.54144	-7.4761314	0.07999013	8.0
466	2362.738	82.84488	2493.804	2264.2754	1000.0	240.88678	13.622013	277.54068	129.22261	2330000	-0.056086767	236.8225	-7.4825554	0.07586974	9.0
467	1981.553	409.87845	2432.0974	1442.3677	920.6	222.7905	54.78339	280.61917	2.3190808	2335000	-0.042501304	684.6634	-7.4853663	0.081156604	9.0
468	2309.0867	200.17506	2693.865	2135.4136	1000.0	225.55174	25.303827	257.60483	-34.11625	2340000	-0.070135035	606.6121	-7.4928017	0.08022119	13.0
469	2382.903	154.09708	2585.73	2144.9006	1000.0	235.98857	12.872256	278.32605	86.51702	2345000	-0.0602047	398.14035	-7.4927893	0.07590443	9.0
470	2305.766	86.39715	2447.5432	2218.0476	1000.0	244.4056	15.358773	283.97607	108.89212	2350000	-0.06353894	435.267	-7.501805	0.08640876	10.0
471	2428.3794	120.68439	2589.3926	2259.086	1000.0	236.55307	11.358019	271.7397	149.97287	2355000	-0.02264617	339.50766	-7.5117545	0.076111905	4.0
472	2283.3354	230.8515	2449.152	1830.753	958.2	244.85185	11.470924	274.62698	73.39141	2360000	-0.027431775	713.5116	-7.516008	0.0853779	6.0
473	2248.382	425.62134	2596.2395	1415.8763	923.0	241.1983	13.710923	278.9604	30.13343	2365000	-0.061769444	790.9184	-7.523996	0.07755834	13.0
474	2408.757	101.8086	2608.4856	2341.716	1000.0	243.11653	12.033586	286.43042	140.59535	2370000	-0.0508404	294.36014	-7.534775	0.07712347	8.0
475	2314.6133	210.27527	2508.1384	1916.867	1000.0	234.10173	44.0682	277.76086	38.002182	2375000	-0.031191882	414.88364	-7.533375	0.07585609	6.0
476	2423.3318	115.406494	2625.5312	2287.3977	1000.0	243.5081	9.774249	271.74426	96.309586	2380000	-0.015216949	305.71265	-7.542796	0.08113292	4.0
477	2075.0474	697.05707	2499.4539	687.8972	860.8	247.5734	11.630584	283.71783	169.68652	2385000	-0.00938993	795.7547	-7.5465274	0.10693523	5.0
478	2516.4014	106.60266	2705.349	2400.2195	1000.0	241.25087	16.479717	289.1576	66.194145	2390000	-0.048196886	596.50024	-7.5438857	0.08274566	7.0
479	2562.6196	108.95443	2703.7297	2419.931	1000.0	258.5797	14.944617	327.14743	176.97664	2395000	-0.012716343	393.63544	-7.5481358	0.07507543	4.0
480	2467.9731	119.58425	2601.504	2274.9263	1000.0	261.6673	15.06849	299.55435	132.28304	2400000	0.030712182	408.45554	-7.546822	0.07615467	1.0
481	1583.5526	947.4275	2572.9578	194.16432	655.1667	250.61615	21.493612	289.81622	-17.979288	2405000	0.029134082	2246.5176	-7.550139	0.08392982	1.0
482	2459.6467	100.719086	2631.668	2315.8142	1000.0	242.39235	22.544495	319.79575	92.81269	2410000	0.0032675243	316.801	-7.548236	0.07858683	3.0
483	2310.239	303.67157	2620.077	1745.5284	938.0	250.0281	18.446646	287.41238	-0.51293963	2415000	0.036739122	807.6834	-7.54926	0.11632423	1.0
484	2083.7156	912.11554	2713.5415	284.22253	826.2	246.93645	16.736574	292.97815	-25.681845	2420000	-0.021632427	913.6246	-7.5412507	0.09348964	5.0
485	2077.953	903.137	2607.41	274.02686	827.6	254.11314	21.209827	296.85886	11.756967	2425000	-0.029340765	1035.7216	-7.536138	0.0831807	6.0
486	2191.7505	519.0538	2631.6545	1192.5204	885.0	250.06955	17.540716	310.76013	111.863434	2430000	-0.11969877	894.0754	-7.5988393	0.059954993	79.0
487	1125.0833	1092.638	2482.6738	2.1688719	478.8	243.77263	37.342346	289.38376	-40.31752	2435000	-0.10311251	1239.3105	-7.6470323	0.007688184	79.0
488	2123.4622	657.40576	2528.1863	813.53235	874.4	239.55298	15.689124	283.83182	100.28944	2440000	-0.1225692	724.2455	-7.6867766	0.04506318	79.0
489	2532.302	135.93333	2788.4688	2401.296	1000.0	246.98305	12.8806505	296.09122	126.9001	2445000	0.007332789	604.1191	-7.6806946	0.09003443	3.0
490	1990.5364	545.23224	2448.8325	1248.2838	820.6	256.5008	20.957912	306.42746	19.453817	2450000	-0.022840487	1165.9148	-7.684066	0.084018126	6.0
491	2434.591	103.90255	2621.6926	2340.9937	1000.0	244.5784	18.194765	296.52405	102.42981	2455000	-0.025636658	541.1622	-7.685805	0.09185139	6.0
492	2388.4624	298.06915	2620.8196	1799.0499	948.2	251.08173	18.44825	297.75742	33.662724	2460000	-0.021757577	744.7287	-7.6880703	0.08509038	5.0
493	2595.6167	96.80987	2733.9841	2478.0369	1000.0	254.90456	13.70543	313.64667	143.90877	2465000	-0.021912428	432.22275	-7.6929827	0.09269514	5.0
494	2019.0256	753.85156	2505.3455	526.05115	842.4	260.75635	20.816341	306.1022	12.979131	2470000	-0.058067914	878.4124	-7.6890936	0.07933404	12.0
495	2484.0156	131.17877	2676.7573	2302.3523	1000.0	244.8936	14.36177	289.89023	159.77463	2475000	-0.028479092	391.99973	-7.6947165	0.08797573	6.0
496	2144.3445	739.3176	2582.4346	676.1107	857.8	251.72885	19.568346	289.55338	27.365915	2480000	-0.054602977	1002.1438	-7.698805	0.07680422	11.0
497	2171.6477	644.97955	2599.9504	893.4925	872.2	249.6115	19.029982	290.0468	22.021755	2485000	-0.124015175	1032.2528	-7.744089	0.053007636	79.0
498	2427.8203	173.17004	2694.9849	2212.273	1000.0	250.73062	20.22953	294.33545	117.83851	2490000	-0.03807912	648.3439	-7.7446985	0.0838287	6.0
499	2526.9841	114.748184	2701.2434	2362.2068	1000.0	250.6789	15.366884	299.65964	151.59546	2495000	-0.024988057	569.7563	-7.734901	0.07911477	5.0
500	2565.6592	108.28472	2706.0942	2396.887	1000.0	259.87964	17.076195	303.10995	166.30524	2500000	-0.0016736866	407.5004	-7.7317624	0.09615366	4.0
501	2618.9363	161.90114	2917.3105	2454.0376	1000.0	264.5349	17.260042	301.33646	97.636116	2505000	-0.027020948	583.6749	-7.7187705	0.08799946	5.0
502	2530.3206	118.988525	2728.13	2361.0527	1000.0	268.6913	15.549204	316.38208	158.22395	2510000	-0.061459746	368.2459	-7.7156563	0.07559047	9.0
503	2456.4155	267.50952	2719.5945	1943.5359	1000.0	246.81587	54.04727	292.3046	17.58867	2515000	-0.12738667	454.5024	-7.747205	0.04732619	79.0
504	2496.214	78.67785	2562.372	2364.7637	998.2	259.5701	15.599127	290.19067	113.436844	2520000	-0.112582155	895.1105	-7.7856154	0.03990867	79.0
505	2660.8765	175.21248	2888.2642	2428.5132	1000.0	254.06042	11.309365	291.17517	161.54	2525000	-0.023676649	545.6616	-7.7892485	0.07603932	5.0
506	2582.4617	65.379	2683.5425	2507.174	1000.0	269.88544	14.729024	300.9844	133.81902	2530000	0.038304444	412.91846	-7.7891016	0.096354954	1.0
507	2663.3997	64.921265	2729.9255	2551.141	1000.0	265.42075	11.053191	297.4883	190.1169	2535000	0.09057389	304.70624	-7.787365	0.2269395	1.0
508	2368.8318	320.87985	2574.4917	1730.1769	1000.0	253.52196	51.315586	303.91373	34.418297	2540000	0.03007894	713.8196	-7.7863126	0.084327675	1.0
509	2014.707	894.83435	2666.8315	244.69333	824.8	256.38376	19.603611	298.04822	28.296837	2545000	0.036032416	946.8907	-7.795716	0.10561767	1.0
510	2474.641	130.77438	2678.2207	2328.8123	1000.0	251.4746	15.690965	287.76053	140.64241	2550000	-0.010156865	428.864	-7.795273	0.08445771	4.0
511	2077.477	838.50854	2611.1975	407.88202	844.4	248.3405	20.917812	281.17374	40.488583	2555000	0.0290486	675.9542	-7.792828	0.097630724	1.0
512	2530.2937	156.59834	2728.3503	2339.6553	1000.0	254.84535	18.28288	299.90265	139.83287	2560000	0.0035529924	651.94495	-7.7958665	0.10135504	4.0
513	2159.9988	777.97363	2664.8044	608.92236	858.0	260.38474	19.558262	303.71954	-3.530955	2565000	0.047580335	1033.7633	-7.796161	0.11951892	1.0
514	1690.2273	1090.4507	2679.2163	289.1385	666.2	254.28058	22.583557	300.00372	-27.198606	2570000	-0.050177027	1384.1215	-7.799292	0.07827503	10.0
515	2307.7942	458.82187	2673.7476	1425.7446	1000.0	233.0389	72.01745	316.68045	-29.510021	2575000	-0.1337188	565.41223	-7.8590264	0.04473512	79.0
516	2411.108	100.65641	2563.312	2281.1943	1000.0	251.14185	19.38015	291.81918	46.88978	2580000	-0.07755183	372.05844	-7.8631244	0.07624373	12.0
517	2554.166	119.994804	2674.617	2324.506	1000.0	247.63965	19.60951	283.12698	71.62593	2585000	-0.04013513	525.01733	-7.8689804	0.089051254	7.0
518	2394.6858	219.79088	2589.256	1965.3795	955.4	262.0832	17.568304	300.87512	32.04626	2590000	-0.024367264	935.6021	-7.868497	0.09842749	6.0
519	2393.4023	349.84525	2627.0906	1697.0577	933.0	253.20094	20.0175	296.16513	22.460617	2595000	-0.031224415	900.334	-7.8636627	0.086590566	5.0
520	2403.316	506.12268	2805.7434	1435.0801	1000.0	235.6681	65.102325	295.9441	25.760414	2600000	-0.03969113	474.6164	-7.863575	0.08202083	7.0
521	2577.5525	62.849007	2648.6375	2477.9434	1000.0	264.98398	13.262863	326.09036	95.9048	2605000	-0.04248762	428.5204	-7.874392	0.081763364	7.0
522	2500.3047	274.65112	2670.3257	1955.4773	1000.0	261.10895	18.21351	312.15823	34.203423	2610000	-0.02808283	733.9982	-7.877969	0.09246719	6.0
523	2113.2305	720.12506	2670.6506	713.885	851.8	258.9899	21.534004	305.59555	-33.588207	2615000	-0.03118067	898.7246	-7.890925	0.07508443	6.0
524	2535.2175	73.464966	2633.1008	2416.9604	1000.0	253.961	20.637325	295.15027	3.0612197	2620000	-0.04862156	696.8009	-7.9003296	0.08202458	9.0
525	2540.1875	131.0647	2731.1965	2321.369	1000.0	254.8094	17.937696	314.55536	35.023384	2625000	-0.011915265	491.702	-7.9029045	0.09546117	4.0
526	2336.2505	509.36496	2708.9524	1335.442	1000.0	234.99245	64.74918	311.0877	39.88416	2630000	-0.023020098	587.1481	-7.9008107	0.098469414	6.0
527	2109.0906	784.6844	2690.377	553.4447	857.0	258.66675	16.698427	328.23062	148.79865	2635000	-0.045204088	1472.7366	-7.9096947	0.0777895	9.0
528	2680.1099	135.7417	2859.9294	2490.0513	1000.0	260.14236	19.38029	313.89017	114.04784	2640000	-0.03856149	478.6556	-7.9132624	0.07698224	6.0
529	2287.3774	872.9387	2852.8486	552.49854	855.8	271.7841	17.640486	333.05588	24.494328	2645000	-0.037257347	855.0152	-7.9165664	0.0819173	7.0
530	2607.0806	150.55142	2830.8435	2358.9146	1000.0	267.8118	19.022253	313.815	141.31937	2650000	-0.10840964	470.4012	-7.916142	0.078040086	22.0
531	2669.9944	88.84057	2787.3245	2535.6055	1000.0	268.17825	14.510212	305.25565	39.855377	2655000	-0.08987124	367.05127	-7.9225545	0.077277035	17.0
532	2694.7954	145.99597	2892.1765	2476.5833	1000.0	271.35605	11.419867	313.70456	201.55075	2660000	-0.035949893	450.609	-7.9228673	0.08463037	6.0
533	2560.0688	183.54337	2766.691	2256.2576	1000.0	270.4251	20.99749	306.38547	76.44659	2665000	-0.049571726	528.0561	-7.9282203	0.0802114	8.0
534	2513.5503	111.26344	2652.6357	2338.182	1000.0	260.77887	29.506876	311.13754	18.569408	2670000	-0.024258416	606.2368	-7.928608	0.083563745	5.0
535	2601.2905	115.135864	2721.7205	2405.2017	1000.0	257.8066	15.503277	298.6932	153.83417	2675000	-0.018655902	541.56775	-7.919079	0.080777854	4.0
536	2010.0004	788.3844	2697.2126	424.442	826.1667	253.99664	46.238144	307.31738	14.330971	2680000	-0.1110428	1622.2616	-7.9904804	-0.0052996217	79.0
537	2374.059	640.4249	2938.6782	1148.4456	863.8	248.7837	20.18231	297.24426	3.2785077	2685000	-0.10621289	1558.4333	-8.04399	0.053069167	79.0
538	1924.0618	742.2783	2672.9038	857.7671	773.0	262.02884	19.931496	303.7236	13.59276	2690000	-0.115028076	1632.2648	-8.102879	0.05441766	79.0
539	2606.481	90.733665	2762.453	2507.5908	1000.0	252.47987	16.79997	293.83237	11.497426	2695000	-0.07691198	452.27954	-8.095735	0.07996497	11.0
540	2107.8765	939.5756	2623.116	232.52776	818.4	265.26764	15.932766	315.65015	-13.785473	2700000	-0.067467235	638.0738	-8.100716	0.075864196	13.0
541	2675.5942	48.030415	2723.3633	2585.441	1000.0	261.5187	14.041317	299.16562	173.75217	2705000	-0.0305602	526.99036	-8.101086	0.082973585	5.0
542	2679.8354	93.60796	2844.775	2559.548	1000.0	273.54004	13.747974	305.76453	72.130486	2710000	0.04171351	458.9311	-8.09828	0.10538573	1.0
543	2145.8887	559.6492	2649.767	1073.4929	832.0	272.8047	15.183466	308.9442	77.31217	2715000	0.025558071	1421.9109	-8.104386	0.07926947	1.0
544	1569.9723	1142.6152	2712.0361	86.51113	594.3333	252.05838	18.608124	305.1254	-175.91519	2720000	-0.006730578	1571.7084	-8.103246	0.088510714	3.0
545	2478.9353	250.43913	2671.9314	1987.8851	954.6	253.1107	19.368868	306.33762	28.661304	2725000	-0.0044877348	987.8885	-8.096396	0.09667741	4.0
546	2146.9983	1019.4489	2790.5637	113.57355	811.2	259.2513	16.730082	329.79294	-28.10807	2730000	-0.03480953	922.8236	-8.098291	0.08621552	7.0
547	2053.6577	791.1048	2631.8015	520.73956	847.6	255.2354	47.079437	317.03976	19.04984	2735000	-0.052369054	1388.0533	-8.094472	0.07588016	9.0
548	2295.7273	753.22235	2961.7556	837.2587	1000.0	221.51205	75.36669	306.04688	33.022793	2740000	-0.12429852	792.631	-8.153858	0.060491014	79.0
549	2735.8574	85.430626	2834.4924	2592.6128	1000.0	270.08856	14.534609	316.43124	171.87048	2745000	0.0012963266	478.9928	-8.159768	0.10470957	3.0
550	2717.1597	209.36176	2942.7805	2332.5803	1000.0	275.7084	33.250324	319.54306	8.768488	2750000	0.018604582	840.7919	-8.162664	0.087729245	2.0
551	2743.8335	129.18454	2900.8923	2506.9827	1000.0	277.9642	16.278414	317.53802	161.59238	2755000	-0.013694486	400.1741	-8.156516	0.08255646	4.0
552	2728.4712	98.02239	2874.7632	2593.7063	1000.0	281.7728	13.742716	316.90677	171.43512	2760000	-0.014089386	525.4913	-8.157614	0.07852064	4.0
553	2705.5386	143.08473	2934.8374	2520.539	1000.0	280.8803	15.803908	320.37143	134.33217	2765000	0.045516994	837.1459	-8.161131	0.09169414	1.0
554	2605.7952	156.74973	2773.6018	2370.6929	964.0	275.6136	25.247345	331.46457	62.37397	2770000	0.06966511	801.2417	-8.162422	0.15383321	1.0
555	2400.0408	399.71423	2841.4353	1837.9988	893.8	272.97205	19.269352	307.71243	45.23265	2775000	0.030176574	1402.614	-8.167679	0.10368507	1.0
556	2657.674	74.083275	2764.1895	2540.6626	1000.0	262.71985	19.491724	299.91977	123.72254	2780000	-0.0026988613	415.373	-8.162841	0.11289246	4.0
557	1894.2279	865.33905	2728.5354	396.38235	786.1667	244.2862	67.0035	310.68448	10.5345125	2785000	0.021193154	1525.1542	-8.153273	0.09927535	1.0
558	2439.3726	552.19366	2946.237	1378.4084	906.2	258.13885	14.501005	300.7932	160.71136	2790000	-0.024388188	1168.077	-8.154778	0.09158883	5.0
559	2795.3257	108.3943	2938.3757	2635.4565	1000.0	275.1566	17.503912	324.83624	109.25328	2795000	-0.031580463	567.61035	-8.155915	0.07809603	6.0
560	2569.6226	283.0251	2863.1313	2071.0308	961.8	285.20914	18.9381	336.33975	-57.717457	2800000	-0.018029088	1310.4427	-8.159323	0.08082502	5.0
561	2525.357	242.67076	2741.8313	2067.4243	1000.0	254.98538	59.430283	318.68225	30.939714	2805000	-0.056067817	701.9561	-8.158989	0.07960609	10.0
562	2500.4512	556.2761	2872.6323	1400.7423	906.6	269.28104	18.44848	309.6117	-6.630243	2810000	-0.036486104	738.6407	-8.168051	0.08123322	6.0
563	2418.7512	494.69452	2968.7654	1549.6161	884.0	275.7976	19.946785	328.82935	-47.515923	2815000	-0.0170675	1643.0068	-8.165244	0.08580299	5.0
564	2702.4727	86.71965	2824.5525	2595.5115	1000.0	271.9453	18.50957	324.78284	74.1356	2820000	-0.02040773	506.45496	-8.162594	0.07516856	5.0
565	2613.3667	353.68787	2951.8547	1943.6892	941.6	278.9241	17.977118	322.03317	20.037691	2825000	0.0316042	859.9827	-8.162814	0.09236269	1.0
566	2722.4407	54.34235	2826.891	2681.8787	1000.0	276.7168	16.006708	324.36478	137.76048	2830000	0.0020660975	383.87036	-8.164405	0.08314966	4.0
567	2696.3633	98.63014	2834.259	2575.5554	1000.0	277.84955	14.933914	314.15192	175.03827	2835000	0.0752643	599.72943	-8.164167	0.16043223	1.0
568	2196.8855	841.69086	2837.3713	564.88635	845.6	265.005	50.83231	318.27225	-4.015085	2840000	0.05015503	1500.3853	-8.167633	0.14462988	1.0
569	2749.709	114.21374	2949.291	2635.607	1000.0	267.02054	14.586842	318.70282	162.2811	2845000	0.025478426	523.1774	-8.1663265	0.09284679	2.0
570	2205.06	815.9648	3072.603	963.6425	1000.0	221.50153	95.33219	332.4512	12.108167	2850000	-0.04308351	985.7937	-8.15685	0.0751206	9.0
571	2546.872	582.67865	2955.2717	1388.9147	1000.0	253.1371	69.81482	320.77637	60.066532	2855000	-0.12102748	762.207	-8.179551	0.055698488	79.0
572	2622.2905	104.01388	2800.633	2498.5286	1000.0	279.6625	21.005486	317.68533	75.767815	2860000	-0.06939435	615.4158	-8.195801	0.081092276	10.0
573	2651.7395	203.81036	2866.476	2277.1372	1000.0	271.6909	21.377583	318.42606	72.22697	2865000	-0.050292727	868.6234	-8.211875	0.079391934	9.0
574	2797.0122	75.711784	2900.176	2714.6833	1000.0	274.90994	14.998492	312.5761	199.06764	2870000	-0.03319131	340.2728	-8.216281	0.0823078	7.0
575	2778.8442	91.03913	2900.8284	2654.2666	1000.0	283.8397	14.113569	314.83313	176.56795	2875000	-0.033394255	431.72696	-8.219233	0.083345234	6.0
576	2803.7957	57.085434	2890.486	2725.3367	1000.0	285.9203	12.309182	327.9343	195.7861	2880000	0.0066227247	310.30206	-8.226461	0.089641616	4.0
577	2723.9243	23.945705	2760.3713	2695.859	1000.0	284.2217	17.139341	322.82706	170.74474	2885000	0.041291926	371.6321	-8.228097	0.10170214	1.0
578	2698.933	139.92024	2934.3708	2509.4236	1000.0	279.7418	15.167707	314.56726	94.77419	2890000	-0.023256637	813.5154	-8.2319145	0.07513107	5.0
579	2790.4963	63.039753	2881.5393	2706.8186	1000.0	275.23865	14.74787	327.36606	190.1453	2895000	-0.027958075	386.59546	-8.230324	0.07641839	5.0
580	2779.0154	82.63881	2874.7788	2661.135	1000.0	285.4351	15.5130415	319.87903	171.86833	2900000	0.040992297	657.7024	-8.232509	0.1001257	1.0
581	2353.3955	910.6422	2864.8875	534.8342	846.0	285.2426	18.944221	326.1829	85.43281	2905000	0.04558812	1283.961	-8.23263	0.10983341	1.0
582	2724.5854	87.50144	2884.6448	2653.8738	1000.0	281.4076	19.571474	327.6591	164.86421	2910000	-0.027477331	523.0883	-8.23473	0.07754834	6.0
583	2840.9587	130.8641	3026.541	2655.3782	1000.0	282.7416	16.578995	325.2655	122.4202	2915000	-0.036495056	369.54144	-8.234637	0.09228541	7.0
584	2646.2058	328.92258	2948.764	2011.018	1000.0	272.5343	60.591972	322.3693	54.407707	2920000	-0.06075829	789.9171	-8.233979	0.07687849	10.0
585	2757.8706	107.58099	2958.497	2641.9307	1000.0	284.92548	15.395707	323.5474	192.71045	2925000	-0.02363062	408.50674	-8.2403345	0.07577307	4.0
586	2798.7292	148.15997	3054.9697	2631.3572	1000.0	284.3432	14.760658	320.28174	172.54828	2930000	-0.015918607	509.931	-8.250217	0.08873936	5.0
587	2484.1472	566.17706	2913.3774	1380.1327	1000.0	256.67276	68.72736	326.1667	47.10151	2935000	-0.04668171	694.481	-8.2424555	0.07872263	8.0
588	2185.51	730.2193	2788.448	784.4364	860.6	262.37357	56.9803	321.33923	47.192345	2940000	-0.120516725	1214.339	-8.33253	0.016657252	79.0
589	2863.9683	121.79551	3033.5298	2662.0566	1000.0	267.29187	19.189825	308.47684	137.75862	2945000	-0.07485217	790.8065	-8.332879	0.084857546	11.0
590	2700.2473	298.58923	3059.1587	2156.2407	954.0	289.93314	22.17378	348.20944	-18.071772	2950000	-0.12547132	792.2576	-8.401884	0.045012694	79.0
591	2621.173	394.80896	2918.7095	1838.5995	935.8	279.96454	24.07976	316.39606	-56.13392	2955000	-0.07262518	737.8709	-8.410005	0.07646573	14.0
592	2499.2788	590.7429	2957.3552	1423.9227	1000.0	246.05928	86.29808	326.59885	32.55185	2960000	-0.110608935	699.8616	-8.47354	0.013052094	79.0
593	2662.494	525.4518	3052.5266	1630.5168	909.0	286.41064	17.280256	314.0348	8.868902	2965000	-0.03237384	1387.0776	-8.486173	0.07623669	6.0
594	2063.7393	848.17377	3184.0142	832.79474	792.6667	262.905	75.020294	331.80118	-45.94195	2970000	0.024935523	1670.8009	-8.491062	0.10260542	1.0
595	2448.0862	747.78955	2925.6199	965.3125	873.2	278.44833	25.23945	341.68872	24.156872	2975000	-0.024246132	826.5162	-8.498953	0.087895	5.0
596	2747.7026	103.83133	2854.201	2579.3374	1000.0	273.5405	51.123764	338.09906	-40.234955	2980000	-0.047887802	688.14685	-8.499491	0.07624133	8.0
597	2845.2832	87.715866	2936.437	2689.2214	1000.0	287.69763	20.923712	323.40558	122.32792	2985000	-0.04411413	726.02344	-8.498919	0.075664505	7.0
598	2315.3157	968.5016	2991.7485	409.99988	826.8	281.96625	45.208447	332.51605	39.88431	2990000	-0.028677756	1096.6486	-8.500463	0.07845371	6.0
599	2636.4487	699.4658	3085.3054	1251.8748	890.6	290.63593	19.526373	330.66888	57.398735	2995000	-0.10385042	1214.8717	-8.544959	0.036060613	79.0
600	2948.8801	86.774574	3048.81	2817.0513	1000.0	298.05844	14.668285	336.5088	189.29703	3000000	-0.033908542	497.6989	-8.543339	0.0800322	6.0
