Epoch	AverageEpRet	StdEpRet	MaxEpRet	MinEpRet	EpLen	AverageVVals	StdVVals	MaxVVals	MinVVals	TotalEnvInteracts	PolicyLoss	ValueLoss	Entropy	AvgKL	StopIter
1	-4.210578	40.482037	66.73944	-85.59731	185.1	0.23331977	0.40281543	2.2992976	-1.4557357	5000	-0.1105428	97.7571	3.249157	0.047597293	79.0
2	-4.324776	24.844252	37.15108	-48.06138	339.0	-0.39260006	5.4604583	24.087751	-24.76642	10000	-0.13723901	67.67403	3.2014215	0.015091629	79.0
3	10.067214	13.673295	36.33506	-18.210133	120.30769	-1.745648	4.2123003	11.325198	-22.500128	15000	-0.14115733	80.52765	3.2100976	0.056326326	79.0
4	-0.55413055	18.57812	37.27815	-34.427303	243.8	2.3204591	3.2470539	19.155891	-10.703078	20000	-0.14197555	34.557255	3.18729	0.03748744	79.0
5	-5.4605737	22.180712	18.146912	-69.58049	187.38461	1.823084	3.1523042	13.372715	-9.337945	25000	-0.13955766	77.537636	3.1447308	0.02356653	79.0
6	10.16543	27.626608	92.44441	-36.38589	125.26087	0.1577044	4.0800586	17.825953	-17.867	30000	-0.14170073	126.37725	3.110996	0.058737367	79.0
7	21.575476	43.339367	165.42809	-33.305824	221.11765	1.1473331	6.173466	42.21742	-23.440039	35000	-0.13551487	95.721306	3.098095	0.035388105	79.0
8	10.70399	29.525337	68.637665	-36.94972	240.71428	6.1086392	4.050027	33.621372	-10.675432	40000	-0.13738349	70.780876	3.0564127	0.012921338	79.0
9	29.531658	24.058628	61.746655	1.0553429	379.75	3.2749255	6.995302	33.54726	-22.162851	45000	-0.13535081	67.80905	3.0287938	0.04820568	79.0
10	29.243805	31.015192	93.562614	-27.748838	239.38461	5.4050317	3.5157638	22.509094	-11.877589	50000	-0.13954927	90.50565	3.009833	0.06005863	79.0
11	31.436104	37.491306	125.579	-2.1481094	217.45454	8.11885	5.628635	30.529037	-18.867073	55000	-0.13678499	90.300026	2.9822717	0.051462475	79.0
12	19.203293	25.291195	70.97799	-10.706444	227.5	8.539828	3.521711	30.886505	-5.767113	60000	-0.13470969	71.52426	2.93595	0.017105801	79.0
13	21.520342	49.291424	102.41017	-47.10048	274.42856	7.7579737	6.032532	31.111284	-30.72386	65000	-0.13670918	63.29426	2.916358	0.05199602	79.0
14	42.743614	60.274696	186.18657	-30.349674	274.125	10.135228	5.604894	30.913769	-36.823154	70000	-0.13757767	70.660835	2.8771448	0.0634522	79.0
15	73.802444	68.84991	195.38724	-7.0964737	379.625	10.375691	8.190241	40.409756	-34.823402	75000	-0.12677827	75.62828	2.8655336	0.075063534	42.0
16	39.523018	53.1235	168.23207	-14.478807	207.8	14.557774	4.1990805	43.8853	-4.3674755	80000	-0.13515615	59.04507	2.8373375	0.0063166725	79.0
17	56.768436	56.466564	163.42737	-10.154352	384.7143	12.468255	4.617601	32.578568	-14.696277	85000	-0.14101751	90.23017	2.7782211	0.03950202	79.0
18	45.071648	61.881966	170.69965	-4.021284	240.5	13.249878	5.0503216	40.16109	-18.15478	90000	-0.13874881	69.12964	2.7205644	0.03831159	79.0
19	40.999542	54.014397	177.29861	-22.175537	254.0	11.753425	5.853123	32.71575	-15.740137	95000	-0.13379247	101.411224	2.68455	0.075380996	38.0
20	71.75235	57.11896	156.93446	13.530761	365.77777	12.8786	8.73756	45.593277	-21.273472	100000	-0.14454813	110.82295	2.6157248	0.036293495	79.0
21	77.08064	93.1296	238.60321	-4.1259513	405.85715	18.735203	6.672883	40.147434	-21.407433	105000	-0.13938835	45.65498	2.5924218	0.050101027	79.0
22	105.87701	79.813736	252.60526	15.440595	518.4286	16.044434	9.698229	38.679405	-40.10904	110000	-0.11881755	83.79679	2.5648477	0.075888954	26.0
23	125.02653	105.00164	273.73215	-5.138075	536.0	18.173563	5.9467783	59.17895	-12.64473	115000	-0.13454968	35.050694	2.5575573	0.053269543	79.0
24	159.21289	83.09312	250.2702	9.092796	747.0	20.12675	5.22211	44.462227	-16.13301	120000	-0.1332144	29.75461	2.5197587	0.040307637	79.0
25	36.762295	42.26966	125.36704	0.0884232	100.416664	22.079794	6.0671716	48.23671	-1.731725	125000	-0.1251687	63.111164	2.4402812	-0.0121625485	79.0
26	117.46565	97.119194	294.05865	6.7499175	436.0	19.484606	5.2294664	44.21617	-6.7717276	130000	-0.1441032	122.89468	2.391369	0.055182837	79.0
27	76.199875	113.14172	392.9206	-0.82393783	241.2	22.620691	7.223082	50.8762	-10.898676	135000	-0.14533433	128.709	2.3427336	0.032807622	79.0
28	57.698498	40.09999	124.67646	1.2134441	191.08333	26.754972	7.4756236	56.344513	-12.975845	140000	-0.14769202	123.82585	2.268984	0.04235118	79.0
29	129.58911	106.474976	256.88428	5.329999	575.3333	20.811102	7.2831135	60.13711	-6.01807	145000	-0.14147046	53.03087	2.2442007	0.050053995	79.0
30	106.60843	99.71985	279.07803	25.871786	352.55554	23.401302	5.116565	47.83914	-10.172065	150000	-0.11085195	66.546165	2.2324824	0.07547984	22.0
31	102.974785	119.20733	339.69998	15.799265	301.22223	25.005466	4.4308825	45.193363	-3.8243518	155000	-0.12325293	59.223312	2.205082	0.07507693	36.0
32	184.08192	92.9423	275.61932	52.09518	693.0	26.74379	5.2476616	59.96855	1.416054	160000	-0.13283639	21.946749	2.1744585	0.051316734	79.0
33	192.19287	124.69648	363.88297	31.674006	563.375	26.498663	6.0209193	54.682007	1.7320302	165000	-0.11615647	110.487816	2.1477392	0.07625823	25.0
34	95.58739	84.84997	243.68706	8.191678	298.5	28.285463	8.967596	87.33719	-12.67533	170000	-0.13256148	77.810326	2.0643532	0.01295278	79.0
35	180.74283	121.04272	333.05148	22.458475	525.375	26.394007	6.3936405	71.3937	-4.594975	175000	-0.13722819	77.48	2.021648	0.05367567	79.0
36	130.30411	97.49313	275.33093	15.345087	370.0	28.005657	9.188386	59.152004	-9.5275	180000	-0.14035308	117.191216	1.9453743	0.048981648	79.0
37	100.93396	77.926544	278.67355	4.4990215	321.41666	31.170116	9.677995	66.37383	-12.602479	185000	-0.14305976	134.27133	1.8813156	0.012221745	79.0
38	186.98022	117.619514	319.22586	15.844998	513.2222	28.75606	6.231816	71.62016	-10.021969	190000	-0.13674268	88.2704	1.8582773	0.056197267	79.0
39	231.36476	109.714935	385.1409	62.841595	618.8571	27.240807	10.297624	59.72762	-16.152945	195000	-0.14360185	99.38994	1.7868187	0.05067033	79.0
40	153.0283	125.479416	397.3622	47.673336	428.16666	33.877724	6.3036165	56.17524	-34.775425	200000	-0.139373	89.60272	1.7401215	0.06432761	79.0
41	113.32326	120.617836	389.41986	9.72875	249.75	33.344852	7.9603405	67.53189	-5.8920765	205000	-0.14460532	149.56113	1.6735945	0.045511127	79.0
42	246.0678	149.087	385.78918	33.006687	639.0	36.971714	7.794646	68.18291	2.2659528	210000	-0.14119136	100.86657	1.6362119	0.05103223	79.0
43	165.83812	124.40777	352.4929	65.539665	483.83334	34.275658	6.771419	70.45743	-8.818199	215000	-0.13571168	86.38849	1.5760975	0.04342973	79.0
44	349.26508	149.5271	446.5341	54.18166	820.6	36.09625	6.1431723	63.50214	3.9243922	220000	-0.13916749	65.29617	1.545624	0.059319995	79.0
45	187.34311	176.252	553.98285	-10.858287	408.63635	40.520454	9.167723	75.69554	-7.533757	225000	-0.13742886	124.323975	1.4629333	0.0129454285	79.0
46	187.88902	174.89868	536.5299	8.815169	358.5	40.382263	7.2922034	74.06351	10.293932	230000	-0.12996982	126.583466	1.4310504	0.030575892	79.0
47	397.3308	72.190094	478.56268	287.9705	905.8	42.47658	8.6498	72.746376	-47.518795	235000	-0.14538679	142.53741	1.3576177	0.0397048	79.0
48	271.39618	137.14784	430.79816	96.38865	525.8571	45.600796	10.942594	79.51706	-12.728847	240000	-0.14135322	167.5651	1.3000953	0.037829272	79.0
49	278.45868	156.97394	510.1279	79.68006	619.0	38.44932	10.31948	79.7181	-8.951564	245000	-0.14299062	87.353836	1.2682252	0.03509151	79.0
50	171.01077	163.77373	431.9444	14.916919	396.375	43.27523	12.420041	75.41857	-10.193076	250000	-0.13389547	131.43768	1.1823884	0.03175544	79.0
51	318.89615	138.94409	498.93256	127.70273	654.1667	40.042007	4.86935	66.36583	-2.880625	255000	-0.10289961	102.99103	1.1806378	0.07649106	16.0
52	255.2876	173.25	452.61694	19.007816	559.7143	44.840343	7.7769747	85.26644	12.443958	260000	-0.13461111	134.88518	1.1083795	0.029631024	79.0
53	406.49945	151.1931	539.7228	159.49539	870.2	44.625336	8.83049	100.01643	8.372247	265000	-0.14847697	105.53426	1.0416754	0.06352918	79.0
54	293.3758	171.44049	490.07	19.224785	622.4	45.13758	10.528348	79.21591	7.9742203	270000	-0.13691875	93.66101	0.97548205	0.0056024664	79.0
55	292.63208	183.4622	564.83966	74.99681	540.7143	42.759396	6.467085	65.99006	-3.8767972	275000	-0.13827285	172.75589	0.908151	0.045587834	79.0
56	381.54776	123.70863	513.6642	179.67079	741.2	45.081844	7.453377	73.55203	-22.733648	280000	-0.13855788	103.68575	0.87023205	0.052109625	79.0
57	260.0415	204.42146	546.7211	56.380848	488.0	48.27363	8.837505	87.628815	10.449516	285000	-0.13320462	147.60838	0.7992712	0.03365963	79.0
58	322.69855	241.65918	636.9835	25.807539	573.5	48.21027	9.688211	90.37535	14.615431	290000	-0.13133715	167.03636	0.76118684	0.042171158	79.0
59	527.20953	53.42316	615.9857	465.27417	1000.0	50.43935	10.045673	85.873116	11.123084	295000	-0.08525441	52.24198	0.75487006	0.076196596	11.0
60	532.2253	21.363249	551.6571	491.17188	965.2	50.862522	10.756956	81.72242	26.235218	300000	-0.14671627	140.81932	0.6577722	0.057559215	79.0
61	581.6334	122.52731	778.73126	448.95712	1000.0	53.02988	9.987429	99.750404	23.548	305000	-0.1128218	88.009575	0.62436247	0.07518963	17.0
62	411.0805	217.43678	603.16675	7.040526	738.6	60.917362	11.669885	100.67919	33.58077	310000	-0.13269097	123.16028	0.55829424	0.044016335	79.0
63	301.8465	166.78659	505.8531	40.92161	582.8	53.147224	6.8613377	79.436806	25.039333	315000	-0.12220745	83.59139	0.52214783	0.036766846	79.0
64	263.2099	282.6713	756.41235	11.115619	393.7143	52.828068	7.4865246	84.991516	6.398851	320000	-0.1289175	203.99196	0.44335195	0.025535703	79.0
65	390.168	270.84637	730.33356	48.535404	609.5	54.97585	10.024637	90.00318	-17.808002	325000	-0.13648464	172.03	0.37754238	0.06318873	79.0
66	368.57175	179.80652	649.8729	145.6898	651.0	56.05925	10.683857	89.303345	-32.244156	330000	-0.13064861	121.438774	0.33264774	0.0360642	79.0
67	471.88095	258.18478	765.1855	63.45658	676.4286	56.938362	7.823586	86.19128	-22.067356	335000	-0.13106154	214.55925	0.2609423	0.062677875	79.0
68	431.8132	205.84996	795.27563	168.931	694.6667	59.577274	12.5878105	94.42777	-8.168727	340000	-0.13139416	142.58508	0.21332744	0.03525848	79.0
69	330.62112	246.05934	781.4682	14.291523	510.125	60.05364	15.334032	95.36163	-23.227545	345000	-0.1326718	217.3982	0.13144022	0.041481715	79.0
70	586.5822	113.64967	719.131	420.99683	920.6	60.850082	16.620106	109.534294	16.550085	350000	-0.14301595	110.20506	0.07993399	0.046682894	79.0
71	492.95612	270.42572	804.1535	141.61642	700.4	64.03417	10.646166	93.52989	14.855346	355000	-0.13943714	171.73137	-0.016569715	0.05906604	79.0
72	352.95227	230.51633	808.7739	94.47589	516.3333	55.939793	15.025671	101.516846	5.187794	360000	-0.12551114	172.982	-0.09867104	0.013561868	79.0
73	565.7841	243.06393	735.88336	86.1229	826.2	63.203094	12.041467	94.75954	-20.740166	365000	-0.13783635	163.07935	-0.15896603	0.06786118	79.0
74	276.00415	145.48009	543.7463	85.18651	332.42856	67.75505	12.736301	107.98773	11.963915	370000	-0.12614782	278.7421	-0.26477167	0.018570853	79.0
75	443.75485	286.81464	828.70905	36.165775	583.8571	61.460075	11.41971	94.975136	-42.19488	375000	-0.1270892	234.20912	-0.3026322	0.04473893	79.0
76	647.0877	50.49035	698.69257	575.9983	922.6	63.95855	12.191265	101.39452	-3.1486843	380000	-0.08215968	140.19215	-0.31297117	0.076642066	10.0
77	526.03436	241.32867	847.1469	169.30396	689.3333	72.029335	10.833794	109.82223	30.833445	385000	-0.13462573	166.17726	-0.38970268	0.049024962	79.0
78	295.3668	223.17113	699.7127	53.911633	424.55554	67.50891	13.433692	102.08645	0.728783	390000	-0.12249674	237.6601	-0.47294706	-0.0042365873	79.0
79	587.7848	303.56137	858.6108	175.168	707.2	66.964195	10.173153	103.48662	1.9257532	395000	-0.10694873	253.6855	-0.50909835	0.07956919	17.0
80	322.22546	318.74512	874.67255	37.650497	365.125	73.30677	14.285787	122.28917	28.74465	400000	-0.118553124	293.65134	-0.5662643	0.0037168828	79.0
81	485.5032	212.17247	755.20764	195.67061	589.7143	72.43019	10.797321	107.1899	-57.897846	405000	-0.130658	341.91934	-0.655573	0.030225825	79.0
82	750.5532	212.22948	1020.0623	464.62048	898.6	67.686874	15.334818	107.658905	1.1114883	410000	-0.07278004	197.32652	-0.65633845	0.07989184	10.0
83	450.27426	309.72415	849.32043	11.398571	523.5	81.825584	13.249302	125.540344	4.6171227	415000	-0.12103954	248.57512	-0.7463112	0.021942824	79.0
84	417.92612	244.29184	832.7086	62.747486	520.0	72.3637	13.460183	108.559105	4.266901	420000	-0.12825543	247.11093	-0.81011504	0.024381319	79.0
85	386.66238	267.05667	906.13605	59.200703	448.66666	70.61212	12.181324	113.78229	-45.470943	425000	-0.12634066	321.49728	-0.8832575	0.0170808	79.0
86	463.43573	342.22577	825.58844	28.88909	559.0	70.944885	11.92189	105.78004	-80.19004	430000	-0.12773058	201.29112	-0.95744455	0.023213306	79.0
87	222.31589	229.90292	646.3838	17.660143	306.2	67.77031	13.092626	102.80384	8.42377	435000	-0.11629595	269.97006	-1.0102621	-6.6691115e-05	79.0
88	398.47232	360.7061	1012.714	47.32673	418.8	73.562195	10.00066	123.67913	-43.21679	440000	-0.12968853	372.5742	-1.0875927	0.046693377	79.0
89	418.96658	269.4589	955.9415	72.478546	450.25	80.86855	13.389253	123.16615	-39.76526	445000	-0.12708043	416.91965	-1.1683894	0.019559013	79.0
90	381.38562	249.8238	669.44965	71.29611	451.125	77.46998	9.497073	104.53591	-38.516983	450000	-0.12781227	389.42825	-1.2300075	0.023533288	79.0
91	657.3164	300.18082	956.2101	116.61968	780.0	66.2479	14.913961	111.943825	-23.42049	455000	-0.08021876	201.56555	-1.2279111	0.0775597	11.0
92	421.38608	350.4693	985.7939	81.05327	429.7143	81.65362	11.289603	118.98656	-121.33911	460000	-0.12115542	381.88928	-1.2993649	0.018119048	79.0
93	401.24814	287.26282	1014.60034	45.49632	404.57144	82.776215	12.341155	135.58916	15.947186	465000	-0.12271023	413.73956	-1.3684739	0.027431207	79.0
94	653.3932	294.5778	956.57007	187.90996	726.4	77.252335	14.834847	119.01936	-24.885149	470000	-0.086517185	206.60558	-1.3632414	0.07880893	12.0
95	806.2721	296.28308	1063.3739	259.40836	847.8	83.553665	12.586321	116.77799	37.821888	475000	-0.10057537	206.84952	-1.373275	0.075171396	16.0
96	523.8276	311.83548	957.46136	125.427	549.6667	91.984795	17.576748	132.05646	13.604426	480000	-0.11788797	297.4066	-1.448677	0.011283205	79.0
97	582.5881	375.0642	940.12256	111.08029	616.0	84.43077	16.26841	134.09863	-26.73096	485000	-0.09325569	188.99438	-1.4622735	0.075160556	15.0
98	403.71295	202.64389	760.889	57.688347	414.0	82.06145	13.729412	109.20384	-21.30696	490000	-0.12056694	464.4635	-1.5557578	0.0024996495	79.0
99	377.07236	290.09723	882.26373	74.32036	439.125	78.4653	14.112508	116.73703	7.0478606	495000	-0.12762669	333.06314	-1.6103718	0.04055436	79.0
100	427.51102	381.71384	991.38763	47.362747	427.83334	76.31571	12.526935	107.76352	-77.1694	500000	-0.07222597	233.2315	-1.6066283	0.07575046	9.0
101	557.8851	337.32843	913.78784	97.69104	618.3333	79.58448	16.028116	113.53301	-4.926502	505000	-0.11228384	326.48325	-1.6491938	0.009137768	79.0
102	526.16626	270.7285	831.10535	106.911545	654.8333	74.45565	17.463736	121.93084	-115.55978	510000	-0.07647823	214.86086	-1.6647191	0.07595873	11.0
103	812.2638	223.05798	1103.6108	577.9122	919.8	81.093056	15.962569	114.97109	19.827276	515000	-0.07914567	192.3498	-1.6743145	0.07786089	11.0
104	766.22577	289.31085	1101.2255	390.77896	762.8333	95.271545	15.903294	137.95372	32.41043	520000	-0.06829068	374.85043	-1.6947523	0.07858292	10.0
105	732.5701	369.04068	1099.0222	178.9768	742.3333	92.800705	14.712004	136.29196	50.529167	525000	-0.076938935	276.34814	-1.7043968	0.07911774	10.0
106	883.7324	188.93271	1082.0375	648.4036	976.8	86.45514	18.451662	126.82183	20.577791	530000	-0.12553403	217.29555	-1.7241036	0.07613093	33.0
107	508.73975	280.70242	830.4867	103.518	512.0	95.77442	19.9222	140.28612	-15.718814	535000	-0.11928617	290.33893	-1.7923571	0.0018086869	79.0
108	667.92456	272.24683	1080.2596	261.94812	687.3333	87.7128	14.26858	119.352684	-1.9854136	540000	-0.123011746	235.8023	-1.8412297	0.036641758	79.0
109	1065.9319	104.56287	1153.4099	886.2821	963.4	99.451965	9.310347	129.32684	29.520336	545000	-0.07135062	241.86278	-1.8607395	0.08182419	10.0
110	505.7105	340.26862	1033.411	29.002321	491.14285	96.799675	17.787027	143.143	-45.79796	550000	-0.11443877	296.3245	-1.9370891	0.009698853	79.0
111	829.9357	280.69907	1109.6096	345.71634	859.4	89.08793	16.480923	117.03641	29.48618	555000	-0.09922661	172.78377	-1.946702	0.080834486	16.0
112	431.59546	219.24855	837.19025	80.165924	430.2857	101.40447	15.896512	127.36595	-68.5079	560000	-0.114353344	454.4089	-2.062576	-0.001261819	79.0
113	716.02527	264.12787	1113.6489	377.90463	626.8571	96.401184	10.407742	149.84514	-38.09556	565000	-0.12412612	409.7897	-2.1115372	0.03639549	79.0
114	616.98676	347.17023	1017.4927	25.920708	589.0	98.906906	13.440675	127.08319	-27.79063	570000	-0.12179133	374.8187	-2.1742423	0.022440799	79.0
115	947.8607	348.817	1244.7056	279.54666	852.2	100.08766	14.075068	137.46132	-32.85766	575000	-0.11371328	243.76112	-2.2083778	0.07612222	24.0
116	763.2303	466.36252	1178.8408	46.62667	687.8571	111.08895	7.8788714	143.0952	11.878994	580000	-0.120674215	369.73447	-2.2661726	0.023284445	79.0
117	956.94025	312.24356	1211.2625	345.77243	840.2	107.2518	12.290897	148.03764	-51.126255	585000	-0.13360885	340.6284	-2.3054745	0.061305024	79.0
118	977.0737	219.33687	1172.7755	554.7247	837.8	109.09882	10.667505	154.77457	-18.434721	590000	-0.1253031	401.3238	-2.3651376	0.04453742	79.0
119	643.5322	473.4988	1191.1671	75.41041	563.4286	110.256775	7.595096	139.59917	-9.807597	595000	-0.12182183	393.96066	-2.4129016	0.024036169	79.0
120	406.65292	378.31964	998.4421	42.905712	369.0	107.85554	13.405884	158.63297	6.913363	600000	-0.12011755	409.0386	-2.4617417	0.024681339	79.0
121	859.0172	261.88232	1130.3864	392.45374	797.2	101.52977	21.316124	147.18336	-56.005997	605000	-0.07614019	279.03403	-2.4668093	0.07811991	10.0
122	923.08026	376.90585	1216.9464	209.83653	836.0	102.212685	17.699125	152.09985	-0.7955893	610000	-0.05055081	348.16498	-2.4784071	0.07516271	6.0
123	840.6558	367.20093	1158.8647	146.25462	776.3333	108.206985	17.116657	157.17949	25.362095	615000	-0.028488096	285.8567	-2.4855626	0.07749155	4.0
124	801.80865	205.42921	1101.4557	573.7818	892.8	92.47785	22.45446	147.62444	-34.83657	620000	-0.020102201	199.95407	-2.4697163	0.08957671	4.0
125	495.8491	382.34717	1262.7733	126.40013	417.27274	107.6378	9.071902	150.80457	33.759964	625000	-0.11534968	751.0411	-2.5746262	-0.021840945	79.0
126	874.9664	424.61844	1254.7635	70.54918	728.3333	101.973465	10.21681	150.0105	-27.598043	630000	-0.12637523	457.03815	-2.585628	0.055277985	79.0
127	696.1379	382.5217	1225.241	259.14728	606.2857	106.647125	18.272675	140.17484	-91.22404	635000	-0.10824734	343.68185	-2.650436	0.024166264	79.0
128	743.7758	469.02023	1272.3379	152.65633	618.6667	109.82223	11.5141325	163.81085	-30.597015	640000	-0.12613703	462.6288	-2.7163453	0.0495756	79.0
129	581.1296	342.2781	1222.97	92.86881	467.83334	108.75266	18.331137	191.20287	-57.94731	645000	-0.12704694	615.8223	-2.804094	0.031929515	79.0
130	744.8329	369.56073	1168.4459	300.72275	694.8	100.26719	20.869637	154.19386	-36.295612	650000	-0.11691018	283.35364	-2.837353	0.037112545	79.0
131	642.6233	444.0584	1354.9495	211.82198	509.55554	104.58193	11.348592	142.90227	-11.941724	655000	-0.121067055	828.2838	-2.9159524	0.0034119645	79.0
132	837.2057	387.75833	1319.8662	408.15512	729.8	102.32293	19.366117	164.52043	12.928854	660000	-0.007203009	511.18945	-2.917596	0.08117708	3.0
133	722.24335	486.2338	1181.9447	65.15419	690.6667	98.663765	27.634094	154.92085	21.10069	665000	-0.009003325	340.32422	-2.900221	0.07760194	3.0
134	1118.5437	196.8501	1324.8033	805.09155	948.6	103.949326	19.877607	160.59512	21.979193	670000	0.039377958	230.7589	-2.912275	0.09825293	1.0
135	721.9456	389.09497	1292.1027	174.39233	601.5	115.489265	15.699564	147.23677	20.042543	675000	0.027122155	601.90643	-2.9171395	0.07872103	1.0
136	1036.6135	192.98584	1291.831	757.38464	999.4	99.83936	27.04769	193.02463	-36.78548	680000	0.042608555	210.62637	-2.9063168	0.105062924	1.0
137	672.8101	431.02444	1261.4397	149.20085	654.4	99.24913	22.25289	171.78598	-99.07716	685000	0.036745485	323.553	-2.9129984	0.112486325	1.0
138	449.27798	420.83408	1297.125	71.28697	372.8889	104.654335	20.347778	157.55309	-59.70421	690000	0.006044803	668.53375	-2.9308925	0.12109607	3.0
139	617.4651	300.0444	1124.6526	295.44656	554.6667	94.525185	22.765297	162.39696	-94.75928	695000	-0.050835475	415.33304	-2.9168222	0.077398375	7.0
140	411.7327	270.27197	791.30396	97.22545	401.7143	91.52499	23.653334	163.82018	8.168562	700000	-0.10855024	495.39185	-2.9720347	-0.007929541	79.0
141	654.94403	505.6634	1223.8525	22.8432	520.2222	99.960106	13.405699	167.6092	-21.66989	705000	-0.124639146	665.489	-3.0645573	0.029721797	79.0
142	805.56665	422.92316	1249.3322	188.20892	666.6667	109.85025	15.197182	163.70705	-17.537365	710000	-0.12027287	548.24854	-3.0910351	0.048927736	79.0
143	462.1818	365.36575	1363.1249	103.46203	383.44446	109.95335	19.433456	168.0243	-65.960785	715000	-0.11494785	686.7396	-3.1481123	0.018039964	79.0
144	548.60205	402.64676	1311.2571	148.73715	474.25	101.765015	26.035206	169.96576	-50.837097	720000	-0.11080068	538.8881	-3.211216	0.013885166	79.0
145	456.3694	367.82806	1183.4845	88.70848	398.5	95.05941	22.506817	165.22867	-52.560604	725000	-0.10809453	413.8158	-3.276699	-0.0061297724	79.0
146	1124.6443	305.1628	1482.827	713.7213	1000.0	90.10106	19.005005	138.72427	-103.22582	730000	-0.06280023	237.48035	-3.2859983	0.082161166	8.0
147	647.4349	352.63977	1252.1787	111.97486	486.625	131.43358	10.796314	205.18779	40.11193	735000	-0.027084006	776.9981	-3.305114	0.08785307	4.0
148	817.25323	349.02972	1289.5464	331.9277	654.3333	107.750534	20.814692	169.61299	-64.308685	740000	-0.053406835	491.9609	-3.2916954	0.07741065	7.0
149	581.56024	426.0784	1137.5779	49.774044	627.4	96.87867	29.549257	151.63385	-14.671621	745000	-0.07582253	404.53754	-3.282582	0.0758727	13.0
150	876.9295	405.8953	1387.0796	367.84616	659.5	130.68205	9.961386	177.66939	-97.32168	750000	-0.068709694	644.1413	-3.3237777	0.07534198	10.0
151	334.10538	190.9683	673.3954	101.60731	240.6	123.9535	16.130991	160.2736	-125.09471	755000	0.0170402	1246.2448	-3.3333788	0.087295346	1.0
152	520.7008	368.6805	1049.9525	115.10253	397.5	118.66919	13.94656	159.38762	-46.714172	760000	0.042302065	880.676	-3.34285	0.13377303	1.0
153	486.68076	336.10355	1055.8417	55.502575	449.33334	84.66166	34.75373	158.55066	-66.482635	765000	-0.03454142	401.70837	-3.3145664	0.07560095	5.0
154	461.50662	440.80386	1288.4579	44.966724	354.58334	107.147125	18.913702	146.1978	-104.739105	770000	-0.028538978	718.2708	-3.3438272	0.076395534	4.0
155	927.12305	433.109	1387.4536	360.4466	680.1667	110.88209	11.844916	158.63597	-19.600204	775000	-0.1250729	549.2626	-3.3969634	0.06807655	79.0
156	750.05493	367.49387	1390.4542	132.34724	766.1667	99.60933	23.78359	164.201	-81.37565	780000	-0.11276446	362.13092	-3.4088976	0.05773159	79.0
157	572.12726	489.83545	1427.4019	57.05681	417.25	125.8881	9.393412	160.17458	61.68772	785000	-0.120520346	706.8893	-3.4843032	0.02778037	79.0
158	1018.8523	405.3228	1488.976	396.34933	732.5	123.86223	9.943456	164.33434	-50.284904	790000	-0.09448467	588.1461	-3.5079222	0.075368226	19.0
159	587.9521	451.1864	1384.9153	72.1107	513.2857	121.950066	23.56944	168.11646	-27.240887	795000	-0.11084191	710.59314	-3.5704632	0.0037224584	79.0
160	663.9402	460.1605	1359.5026	53.727375	496.5	121.75259	11.179312	167.98395	-106.43611	800000	-0.119390614	522.5221	-3.6506379	0.028767386	79.0
161	889.3745	317.62463	1326.6774	477.57584	724.2	114.4328	19.803192	157.19359	-94.80367	805000	-0.06789955	374.53278	-3.6475484	0.07658342	11.0
162	575.71564	505.83755	1384.8262	51.225655	454.8889	112.2246	21.436577	143.19838	-16.070116	810000	-0.112989284	690.392	-3.7225559	0.010292433	79.0
163	639.4695	480.00763	1447.9868	113.13469	477.66666	118.03301	21.305342	157.62936	-56.71283	815000	-0.11913904	651.61523	-3.770366	0.027720803	79.0
164	1302.4955	235.04712	1507.0125	857.8247	931.0	125.82689	11.1441965	158.65573	23.442778	820000	-0.04989402	400.0854	-3.772417	0.08035284	6.0
165	1349.637	139.98372	1459.9518	1081.4232	994.0	129.67162	21.001156	176.35484	-31.032896	825000	-0.02241037	389.65732	-3.772884	0.07949946	4.0
166	937.67004	513.45776	1339.1738	6.202447	685.0	137.11852	11.196933	182.15489	38.576103	830000	-0.039449766	450.1173	-3.7716281	0.0764164	6.0
167	819.0343	462.0782	1506.365	69.977844	634.5714	121.08983	28.535374	164.15446	-63.970142	835000	-0.10861663	587.2215	-3.8501208	0.004494068	79.0
168	910.1312	467.43777	1424.1484	171.5108	630.2857	129.37598	15.303478	172.5167	-22.375706	840000	-0.06788611	731.53534	-3.8591785	0.076668076	10.0
169	767.64484	498.77396	1437.0951	348.04892	541.0	132.13782	11.4480295	168.61584	4.0342016	845000	-0.060864527	645.4119	-3.8540304	0.07635687	8.0
170	537.45154	427.5876	1583.9424	205.44058	351.625	133.48677	22.343449	203.9425	-117.80131	850000	-0.117840976	1028.1411	-3.923704	-0.017097715	79.0
171	870.7744	538.62585	1579.7928	134.58226	639.5	122.20992	21.604866	193.0311	-102.27871	855000	-0.123681955	669.8264	-4.005504	0.050850775	79.0
172	621.4062	444.02744	1534.3536	76.84901	409.75	130.72955	21.906046	193.75961	-78.83301	860000	-0.12062029	938.2706	-4.0977116	0.012756834	79.0
173	788.7631	570.7086	1491.6627	1.5691239	589.3333	118.005226	21.494307	170.8293	-41.049637	865000	-0.092280336	520.8739	-4.100362	0.07567916	16.0
174	960.1974	393.86108	1508.9996	284.70728	691.0	127.077286	31.51696	208.34749	-29.533943	870000	-0.1154711	569.3715	-4.1400967	0.031538136	79.0
175	553.9965	489.21097	1480.9888	92.394356	355.83334	129.1062	24.207434	184.24521	18.646544	875000	-0.112637624	636.2109	-4.204671	0.015201169	79.0
176	608.074	439.2949	1327.4349	64.99321	409.8889	137.34872	18.050337	180.12737	-85.5558	880000	-0.012335822	851.8314	-4.213451	0.075201906	3.0
177	393.77423	260.67014	813.8908	35.0889	325.7143	121.54945	25.75106	168.67699	-89.75888	885000	-0.017265651	648.85754	-4.195308	0.078469455	4.0
178	802.97125	227.60814	1119.8307	493.37363	623.4	119.22406	28.311342	161.99684	-7.754645	890000	0.031801753	610.9829	-4.202524	0.10666091	1.0
179	971.1834	401.98575	1362.9795	395.6146	679.8333	127.00392	22.25444	189.95984	-43.578087	895000	0.043567467	469.4722	-4.1872616	0.15253305	1.0
180	1090.3995	470.22708	1485.6523	234.73315	762.0	130.57767	8.181522	163.10635	8.621405	900000	-0.05414413	368.67194	-4.19217	0.082663804	9.0
181	1367.5061	249.14888	1615.0559	888.6142	1000.0	127.74698	25.380606	180.55171	-146.37447	905000	-0.041861027	187.0165	-4.1959734	0.07656386	7.0
182	804.0796	555.88885	1573.9343	27.733013	543.0	147.219	13.989183	183.78613	46.79508	910000	-0.029929303	661.0499	-4.1997623	0.07615914	5.0
183	1085.23	312.3112	1441.663	705.14044	913.0	116.44485	33.95675	175.62654	-22.484734	915000	-0.07013319	322.6019	-4.1833925	0.0785663	12.0
184	1005.1916	440.84357	1595.8455	554.0617	756.2	124.83794	28.562956	179.98438	-9.180083	920000	-0.11996928	563.749	-4.2415805	0.048534147	79.0
185	1318.3556	162.12277	1622.9932	1178.1339	908.2	137.77234	26.487427	191.7847	-48.546143	925000	-0.05496598	464.7417	-4.2451787	0.07653971	8.0
186	732.25323	549.45966	1561.7805	152.2521	460.0	137.25813	19.776659	177.7008	-59.437077	930000	-0.12162595	863.8485	-4.2966094	0.022031704	79.0
187	1028.5919	572.4365	1612.145	15.103667	713.3333	141.80177	14.085466	215.65718	-112.13509	935000	-0.12122732	531.6328	-4.3489	0.03522376	79.0
188	1005.6969	674.42737	1636.8331	87.14884	650.4	141.28348	11.433557	190.21513	-101.4368	940000	-0.06965595	423.9951	-4.3508115	0.07878528	10.0
189	772.7871	512.86035	1408.6461	47.43144	547.0	148.29984	17.416733	187.03502	-10.697986	945000	-0.10746737	437.8307	-4.411404	0.013304976	79.0
190	1152.491	355.4872	1554.254	747.54	873.0	122.04	29.294764	163.01593	-10.714241	950000	-0.06696524	468.48654	-4.4213233	0.07537979	12.0
191	1001.78076	545.45996	1561.9229	160.9555	662.1429	138.22177	11.941713	198.614	-65.029686	955000	-0.024742499	645.6294	-4.4446135	0.07584521	4.0
192	898.3288	473.41763	1632.3396	333.5725	573.1429	142.60692	14.322564	191.86836	-109.408775	960000	-0.033210825	932.5994	-4.4519596	0.07506553	5.0
193	607.2655	363.32877	1142.1505	227.7091	420.6	136.62822	14.325482	185.87254	-12.409232	965000	-0.04733965	864.3291	-4.463735	0.07846245	7.0
194	716.10535	392.12027	1586.7113	270.7695	447.44446	142.5492	18.041857	184.67616	-128.99353	970000	-0.028291555	1092.1254	-4.4618516	0.07672259	4.0
195	1507.9758	181.008	1695.1404	1207.5638	1000.0	134.38185	24.528614	196.58336	-64.23435	975000	-0.060488928	312.96634	-4.443259	0.0765003	8.0
196	856.3358	542.1492	1540.8104	144.29033	597.75	142.74635	29.730122	213.18742	-14.632877	980000	0.01327251	974.1782	-4.4514956	0.081768505	1.0
197	1062.2073	473.8121	1526.0171	260.91922	697.8	136.43884	11.6472025	191.39615	-36.195107	985000	0.015653897	512.7498	-4.4505877	0.07842551	1.0
198	719.6622	511.2708	1634.9408	66.43697	491.57144	130.18843	29.309772	194.23103	-40.78327	990000	-0.02211128	866.9585	-4.4428854	0.086015	5.0
199	852.7041	600.49603	1672.0295	221.03093	516.3333	141.13683	11.18974	216.0791	-28.664461	995000	-0.05393375	842.6527	-4.442698	0.07846458	9.0
200	1184.3511	523.1054	1599.0244	419.8394	758.5	152.20003	11.436542	201.5122	8.440446	1000000	-0.06277109	545.6807	-4.4372244	0.07626874	9.0
201	815.7896	505.7554	1660.4856	316.74246	537.1429	151.88715	15.165619	198.98502	-48.573074	1005000	-0.11162347	816.4075	-4.495917	0.020159878	79.0
202	925.06537	357.69562	1502.4166	421.13852	694.5	116.5467	38.428207	192.18248	-169.96938	1010000	-0.11085188	587.048	-4.560454	0.04482863	79.0
203	652.60034	471.0458	1544.3356	160.16518	405.63635	141.64896	15.420753	181.85121	-67.430885	1015000	-0.11873948	1350.02	-4.6684484	-0.026073596	79.0
204	1151.1809	356.46716	1612.8612	712.5304	895.6	113.663376	35.8349	198.26628	-77.48729	1020000	-0.082374625	378.2763	-4.6305633	0.075257644	13.0
205	1144.1925	490.41193	1592.3099	305.39014	747.4	145.88167	12.101683	203.1329	28.52444	1025000	-0.07463949	486.7403	-4.6502876	0.07878667	11.0
206	1003.5673	601.3977	1624.4355	130.08565	632.7143	150.15837	13.0955715	183.07367	-98.905464	1030000	-0.11294594	649.5155	-4.6993294	0.03458913	79.0
207	1103.1647	415.13083	1678.0781	681.33813	688.6667	147.36432	13.607852	187.83528	-168.71523	1035000	-0.11540299	644.90137	-4.770444	0.03416657	79.0
208	639.20276	552.5089	1759.493	64.37319	432.875	137.01334	28.002516	192.41795	-120.81057	1040000	-0.113968655	1149.395	-4.8314857	0.016069032	79.0
209	812.3074	564.3464	1607.987	95.29323	507.44446	146.73535	14.644632	207.91838	-92.51483	1045000	-0.11832241	963.5553	-4.8913684	0.022380384	79.0
210	748.1496	528.1863	1624.2594	219.68324	466.5	140.79675	17.261766	195.73383	-85.67965	1050000	-0.014711296	841.4941	-4.8909845	0.089502946	4.0
211	1326.9756	586.9476	1813.6039	171.1227	819.6	138.47221	27.800592	194.70079	-23.15769	1055000	0.013766101	494.21664	-4.8816023	0.088613264	2.0
212	840.9672	500.9389	1686.1355	252.0605	497.25	163.43149	13.943203	224.84857	-251.86879	1060000	0.02705846	1052.1534	-4.8910465	0.1182272	1.0
213	911.6442	422.1839	1458.491	334.39987	569.6667	149.3433	14.752712	206.90254	-112.95092	1065000	0.024564525	973.3081	-4.890462	0.08023291	1.0
214	1311.682	467.26324	1758.6329	590.71124	774.8333	149.41913	14.643326	195.70044	-78.332825	1070000	0.042412855	655.5392	-4.8837304	0.11870623	1.0
215	1325.9993	426.89282	1616.3969	480.3386	863.2	159.55486	13.877565	199.82071	-9.507461	1075000	0.023092762	549.6881	-4.8804955	0.103716366	2.0
216	763.2595	503.2733	1608.7894	156.79855	462.83334	158.26907	12.761592	205.12663	-55.79893	1080000	-0.0029186036	1183.385	-4.88754	0.078069314	2.0
217	801.95215	512.7441	1501.1066	177.37952	490.375	154.83632	19.818602	251.73628	-188.78836	1085000	-0.025458768	1230.3536	-4.89284	0.09834588	4.0
218	429.35345	304.84756	1103.0701	67.07161	270.2143	143.62283	20.235004	184.68205	-120.030045	1090000	-0.025168559	1439.0206	-4.902324	0.07692256	4.0
219	594.3424	529.477	1775.0424	68.037575	353.77777	125.244125	14.537713	188.33327	-25.869553	1095000	-0.02412109	1226.0691	-4.8963532	0.08323131	4.0
220	1197.3572	482.35806	1681.1344	444.33182	735.5	140.03221	13.248777	196.76303	-42.22784	1100000	-0.020648938	862.0626	-4.8857713	0.086584814	4.0
221	686.0839	447.5668	1506.4537	103.530464	459.2857	141.6216	35.291687	237.27106	-89.681274	1105000	-0.05346802	1026.2274	-4.8796096	0.07629586	8.0
222	699.12787	462.19638	1536.6971	88.50824	494.66666	126.68854	28.048609	185.7833	1.8128295	1110000	-0.1125135	958.6223	-4.952644	0.013293462	79.0
223	768.0587	588.46027	1693.0315	112.19494	452.14285	134.46405	28.83333	184.08096	-75.88522	1115000	-0.115372166	1171.8484	-5.027025	0.002993478	79.0
224	695.47186	493.95056	1706.3422	214.28917	420.5	150.68289	14.025069	216.06105	-63.50555	1120000	-0.118139334	967.5729	-5.085871	0.008099922	79.0
225	942.15924	711.59894	1803.657	114.51244	561.0	149.93475	14.388866	199.02621	-70.66637	1125000	-0.06510711	862.867	-5.095692	0.07674765	9.0
226	977.3327	556.4504	1768.4191	323.19595	656.1667	142.87166	35.503975	199.93752	-83.9363	1130000	-0.10691636	800.56	-5.1626267	0.0225232	79.0
227	440.56668	283.1644	912.6562	121.687256	251.625	156.16168	18.089008	202.30785	-43.9222	1135000	-0.030419586	1524.914	-5.175928	0.079850525	5.0
228	639.31665	462.71768	1671.6895	94.32305	395.75	148.94283	21.639057	202.00197	-145.09315	1140000	0.0023293686	1195.7357	-5.1808553	0.084377155	2.0
229	524.9317	533.0222	1819.3821	29.516546	313.72726	146.82994	20.788519	208.26166	-90.01605	1145000	0.027538639	1607.833	-5.175871	0.09444784	1.0
230	1337.5509	536.5791	1773.8123	321.64337	790.0	143.54575	17.480822	200.96439	-10.362743	1150000	0.06810207	631.0902	-5.176813	0.16733007	1.0
231	1257.4622	452.5831	1731.0144	582.53064	767.4	155.60495	29.108278	221.22702	-65.00873	1155000	0.038323987	752.2959	-5.173984	0.09264801	1.0
232	973.9352	596.1369	1672.4703	157.99986	678.0	143.03168	35.823334	193.06703	-88.64469	1160000	0.039486498	548.2031	-5.167264	0.13761202	1.0
233	1197.4672	309.0131	1617.0587	895.38354	832.0	144.10077	34.600822	208.9665	-1.2297835	1165000	-0.0051233377	572.9637	-5.17064	0.09013043	3.0
234	492.95688	325.49484	1183.6593	175.36598	363.2857	145.48097	28.602428	207.12653	-41.507656	1170000	-0.025621783	1309.8934	-5.1793756	0.08446971	4.0
235	785.3054	513.7682	1597.1914	126.95677	494.44446	142.6672	20.296198	201.41553	-146.14107	1175000	-0.033586476	1365.2513	-5.1827383	0.07588647	4.0
236	1288.0834	507.3025	1723.115	345.4028	777.5	139.86252	17.638945	188.78493	-49.57828	1180000	-0.030691912	955.3518	-5.176299	0.08168766	5.0
237	863.7476	556.0421	1770.7811	151.13048	508.125	155.40663	14.194175	227.49637	20.555946	1185000	-0.02725074	1031.7227	-5.1766562	0.08556636	4.0
238	1317.492	636.2694	1790.67	97.33468	764.6	152.09273	13.195667	195.57423	6.268092	1190000	-0.021165457	526.4533	-5.1738663	0.07738381	4.0
239	1288.5769	289.19556	1693.1061	891.7281	914.4	150.55334	33.70915	205.75995	-97.43463	1195000	-0.116198584	518.4103	-5.2207217	0.032238714	79.0
240	1333.4841	441.2314	1731.2377	561.3005	791.0	149.76402	19.593985	189.99011	39.093838	1200000	-0.12145939	763.5563	-5.2609873	0.044897314	79.0
241	1008.7953	465.66467	1570.8403	274.40005	629.4	154.6715	23.74303	218.47092	5.1093855	1205000	-0.121080846	822.0345	-5.305972	0.024431799	79.0
242	677.9268	442.37573	1515.7075	76.939445	406.5	158.52989	16.023527	186.00084	-80.97011	1210000	-0.11539576	1354.852	-5.388815	-0.0114097195	79.0
243	1420.5706	433.6915	1826.9801	729.0616	789.4	145.68216	14.453862	209.03477	-94.095024	1215000	-0.024165496	537.0582	-5.3860755	0.09555916	5.0
244	934.9751	740.06067	1817.9365	143.03694	532.1429	169.84033	9.763645	213.50365	40.788578	1220000	0.034581218	1023.335	-5.385097	0.13660441	1.0
245	1170.6326	545.796	1783.2104	244.27779	675.6	162.23814	14.503298	195.15672	-110.89825	1225000	0.016855523	975.9043	-5.3779473	0.08377074	1.0
246	1180.3627	607.378	1770.955	248.90128	667.6	159.17342	28.973015	211.64026	-29.808203	1230000	0.0332266	1166.4808	-5.3757596	0.11362304	1.0
247	1383.7273	452.2561	1852.5032	813.2983	900.0	146.56293	33.595654	205.04817	-26.538925	1235000	-0.013766544	381.3246	-5.3740997	0.1084396	4.0
248	1256.4873	657.92395	1814.1193	289.63385	681.6667	170.0135	12.839318	204.97284	-37.28141	1240000	-0.054641638	843.3795	-5.378193	0.07622672	9.0
249	1400.4639	388.49194	1881.8699	798.7979	881.4	155.40466	38.903805	233.63303	55.475986	1245000	-0.064369254	630.8657	-5.365758	0.077604026	11.0
250	1480.9746	419.32242	1908.2234	834.6252	1000.0	139.57034	46.155914	205.43727	-31.298523	1250000	-0.05640177	414.50244	-5.3673897	0.07877671	7.0
251	1563.8896	410.8281	1919.8868	920.0839	901.4	171.64293	28.715208	219.7991	-16.646482	1255000	-0.02983578	682.4973	-5.3835316	0.07857361	4.0
252	1597.6653	277.615	1920.2526	1162.1255	949.6	167.356	39.53203	218.38853	-8.329115	1260000	-0.11696963	714.6446	-5.433223	0.021113744	79.0
253	1097.6051	598.4434	1923.8588	108.28072	582.0	179.74925	13.845851	228.04613	-86.86215	1265000	-0.11554358	1360.4445	-5.5080757	0.007483451	79.0
254	1086.3043	646.6879	1891.8446	137.1437	626.6667	151.7957	44.339146	276.84116	24.801521	1270000	-0.12468934	930.7746	-5.5771775	0.0033943069	79.0
255	993.13043	666.7902	1828.7091	136.49333	559.2857	165.92982	12.02349	205.70802	-39.555565	1275000	-0.11894133	1271.722	-5.639732	-0.0015899204	79.0
256	1491.936	410.62845	1844.0583	772.1653	814.6	160.97252	22.692425	224.32413	52.081635	1280000	-0.00749197	903.3398	-5.6469045	0.08712771	3.0
257	1516.8738	387.87238	1790.7582	751.47363	945.6	154.13594	42.702114	226.14784	-153.90758	1285000	0.028220123	1027.1602	-5.6350737	0.09944904	1.0
258	1075.8086	449.3818	1791.6462	515.3399	592.2857	169.43338	16.036783	213.96178	-184.1039	1290000	0.03405995	1421.2319	-5.651389	0.10663772	1.0
259	1010.519	570.24194	1953.727	327.25073	634.7143	146.21255	38.80418	234.87306	-659.7089	1295000	0.044327106	1127.2096	-5.6451616	0.13719365	1.0
260	575.41425	319.21887	1053.04	65.1169	321.22223	156.92868	31.215883	249.09811	-109.62208	1300000	0.01153613	1484.3395	-5.6529975	0.10296731	2.0
261	873.3457	379.81314	1361.1426	271.99356	486.7143	137.50232	32.18275	197.27696	-87.59825	1305000	-0.013012401	1441.2847	-5.651191	0.09270403	3.0
262	1021.71674	690.2113	1876.4883	82.87009	558.8333	148.19452	27.649725	194.8312	-121.357285	1310000	0.034433324	1309.4858	-5.6549892	0.10454976	1.0
263	566.74396	578.1868	1651.6178	63.467533	302.0	156.773	34.850487	230.59532	-98.670265	1315000	0.007308931	1281.4951	-5.6474643	0.0831266	2.0
264	1191.7083	863.1027	2060.423	81.15139	628.4	163.88397	14.683671	204.35036	-36.46467	1320000	-0.016741449	994.7556	-5.647379	0.07517062	3.0
265	1539.8263	518.3957	2014.7913	609.7753	820.0	180.18849	20.458471	242.05246	-76.72162	1325000	-0.03310066	760.5497	-5.6469183	0.09067655	5.0
266	815.1569	682.96875	2044.9938	158.96753	410.42856	184.78464	14.765517	236.6202	-6.8948703	1330000	-0.055052057	1490.9233	-5.653797	0.077721134	10.0
267	1052.1052	773.1217	2001.1251	159.3526	550.8333	176.11655	16.472559	218.89255	-86.67328	1335000	-0.055970177	1188.3271	-5.6640387	0.07607554	8.0
268	1395.4967	501.20267	2003.5741	785.4384	830.2	164.41428	41.244118	215.68465	-36.747627	1340000	-0.12174089	859.0637	-5.696459	0.03975274	79.0
269	887.2665	632.51337	2045.5007	49.657528	458.2	175.89055	30.94333	238.27968	-362.03256	1345000	-0.11712075	2082.9888	-5.805258	-0.01930626	79.0
270	1147.3087	666.98816	1952.4474	125.40034	619.0	168.79185	19.797361	231.75735	-147.32687	1350000	-0.057684503	760.5568	-5.8023453	0.077318616	7.0
271	1662.3828	418.39706	1930.7178	830.82904	1000.0	161.90257	42.91202	215.36774	46.024864	1355000	-0.008026313	360.24927	-5.792043	0.0825372	3.0
272	560.6085	627.7032	2044.3982	29.71762	291.1	186.60048	16.661451	224.15878	22.574633	1360000	-0.014445178	2057.1807	-5.8124423	0.10159596	4.0
273	557.50824	450.41675	1439.0092	101.592514	291.14285	173.8213	17.265581	214.8388	-149.50499	1365000	-0.026839057	1562.0762	-5.8065133	0.07831294	4.0
274	608.7619	542.5418	1638.9404	75.41607	340.875	175.06194	17.59043	218.13445	-54.40544	1370000	-0.03264826	1396.687	-5.7945285	0.07938345	5.0
275	1258.2502	426.7186	1817.9705	761.96246	694.0	163.84422	20.108887	215.5065	-122.45277	1375000	-0.03671806	1013.446	-5.7886963	0.082028985	5.0
276	1335.1713	472.9247	1940.7854	793.54333	692.4	171.54816	17.267794	245.93764	-72.106476	1380000	-0.044845052	1081.5266	-5.791536	0.078931	6.0
277	1916.4781	54.85736	1989.491	1841.0227	992.0	174.5954	18.221867	218.56891	4.627136	1385000	-0.04097284	611.2435	-5.803511	0.08639281	6.0
278	1334.8541	662.98083	2083.8794	242.34674	697.0	190.17177	14.151932	233.86227	24.870546	1390000	-0.11179531	1120.5642	-5.8503737	0.0300203	79.0
279	1453.5309	356.3288	1878.5144	894.2205	773.6	182.25128	18.590889	230.61646	-67.21261	1395000	-0.117978185	966.5426	-5.8984666	0.043595668	79.0
280	949.8028	535.1587	1497.6375	196.89938	502.2857	178.6829	22.395567	231.96805	-107.977486	1400000	-0.11900404	1558.1982	-5.9543767	-0.00872368	79.0
281	1111.8085	532.80414	1978.0105	526.62634	588.8571	167.57533	22.73999	215.42867	-127.081764	1405000	-0.053424817	1245.7416	-5.9605927	0.076774105	6.0
282	1213.5126	685.9863	1995.039	337.85648	748.1667	148.33339	49.46008	244.43532	-145.46948	1410000	-0.07470885	780.2596	-5.950681	0.07741402	12.0
283	819.8176	591.5396	2174.8433	201.68045	456.22223	166.71092	38.531517	218.5039	-251.9403	1415000	-0.1127719	1933.9624	-6.052548	-0.022626529	79.0
284	1085.4094	670.3892	1891.2968	46.602833	613.6	170.42543	17.798037	220.92819	-4.382277	1420000	-0.002317695	846.6898	-6.0538445	0.08641284	3.0
285	1629.5463	443.09573	2151.7751	815.61505	828.0	178.57631	14.50579	223.65979	-44.11918	1425000	0.017079089	841.1249	-6.0522056	0.10898059	2.0
286	1379.0593	577.02734	1986.7896	291.2385	702.6	187.45012	17.910763	245.4567	-99.04842	1430000	0.026063079	1002.0785	-6.0746	0.09295857	1.0
287	1800.4719	167.32153	1978.2216	1485.2399	967.8	188.53407	15.161756	244.4027	-20.551569	1435000	0.041116893	573.802	-6.054295	0.11998183	1.0
288	1252.1842	724.46906	2100.105	321.43384	613.1429	187.46756	12.791311	231.85986	-31.275702	1440000	-0.008815468	1180.1926	-6.0633807	0.08849818	3.0
289	1894.5801	176.55627	2128.5725	1587.9459	966.2	188.83672	14.245468	230.48393	-67.5428	1445000	-0.017825454	638.3227	-6.062839	0.07754722	4.0
290	1409.7533	539.6595	1967.0922	388.16345	775.0	188.17868	31.990257	235.59227	10.582388	1450000	-0.023200758	1105.0254	-6.0666666	0.075302705	4.0
291	1460.5647	757.85846	2049.4966	4.4744725	733.8	178.82404	14.1132145	216.85477	76.12961	1455000	-0.041981257	587.9248	-6.0648484	0.076188914	5.0
292	833.3652	637.76764	1893.9105	74.41302	463.0	185.70328	25.339056	219.61588	-14.751524	1460000	-0.028139161	1700.64	-6.065701	0.07872213	4.0
293	1324.7678	829.53204	2119.8079	194.38974	675.6	174.65254	28.891575	227.43785	-102.556335	1465000	-0.044727422	843.7638	-6.0730557	0.07729259	6.0
294	1722.2063	603.3446	2388.97	612.73	869.0	188.331	34.95629	237.3988	-29.836594	1470000	-0.033104993	1013.9444	-6.0672975	0.08292466	5.0
295	1203.3636	675.5184	1978.998	167.00432	621.4	196.68726	14.751132	240.21782	-63.713497	1475000	-0.028401053	957.371	-6.0699205	0.07602854	5.0
296	976.6289	777.34595	2217.6855	6.5470448	473.5	176.52167	41.639057	237.71556	-139.38167	1480000	-0.021721656	1659.3173	-6.066869	0.09034549	4.0
297	1469.0626	611.65515	1984.9575	219.60684	737.6667	179.52684	27.244213	242.29178	-54.8463	1485000	0.016020602	1510.1924	-6.0833006	0.0799326	2.0
298	985.1732	651.7161	1820.1345	138.79298	505.2	188.47891	17.745775	235.12202	-46.89116	1490000	0.043621212	1180.0708	-6.0798736	0.13840555	1.0
299	1429.5687	687.52704	2060.5032	84.258865	722.0	187.4002	20.21162	238.86832	-164.6549	1495000	0.029779254	921.1843	-6.077052	0.08981981	1.0
300	992.8372	633.0444	1916.0238	199.41412	536.7143	185.90775	23.003996	228.84795	-154.24493	1500000	0.031311885	1195.4053	-6.0835166	0.08358801	1.0
301	1943.1829	147.1634	2080.837	1674.6337	953.6	176.55936	17.884293	241.47826	3.1433327	1505000	0.082059935	968.7328	-6.0856075	0.24174072	1.0
302	1232.2434	865.3708	2055.6023	130.05745	640.4	193.347	20.970663	242.70059	38.47873	1510000	-0.023686804	976.6434	-6.0849047	0.090643615	4.0
303	1778.7092	575.0902	2158.0408	636.45074	864.0	196.01573	15.386646	251.72128	10.865192	1515000	-0.0140721835	842.4414	-6.089003	0.09654329	4.0
304	1115.8888	583.5927	2063.9094	147.3967	592.6667	187.8915	43.641613	257.9124	-8.394487	1520000	0.036997095	1477.8444	-6.088313	0.101986334	1.0
305	972.9092	491.45554	1835.5177	190.94917	561.8333	175.97714	44.47759	272.1024	-210.31749	1525000	-0.024309967	1797.5582	-6.0925198	0.08990075	4.0
306	1207.9216	755.2905	2159.1306	132.63399	598.0	190.34311	20.118492	267.86395	-102.6718	1530000	-0.010030565	1253.66	-6.103016	0.0761264	3.0
307	1660.0092	376.66797	2024.9584	981.7031	921.8	169.85063	46.837257	243.1535	-43.095146	1535000	-0.021294143	1115.7823	-6.0823636	0.078374036	4.0
308	669.34625	665.01373	1941.1683	16.790594	341.125	185.20116	25.360287	269.17694	-38.52791	1540000	-0.029815631	2108.7617	-6.1055155	0.07634376	4.0
309	921.15814	624.43365	2042.7053	177.0095	448.83334	188.95027	21.669525	254.84293	-112.00183	1545000	-0.044994067	1686.6761	-6.105278	0.076193735	7.0
310	1384.9191	749.0137	2157.0957	105.13305	670.4286	191.99704	20.394365	259.8276	-29.2217	1550000	0.014756244	1266.0968	-6.111427	0.07873289	1.0
311	605.1458	549.0049	1513.2609	141.78314	367.875	165.14253	53.760124	264.0925	-78.902336	1555000	0.041484773	1669.1913	-6.084624	0.13586804	1.0
312	1079.5835	530.9495	2152.936	539.18744	611.7143	148.99452	42.001606	240.24567	-43.793316	1560000	-0.020232705	1595.2299	-6.0877275	0.08810518	4.0
313	887.4167	769.6973	1883.5449	82.557076	486.42856	169.81186	33.34331	250.22452	-124.29897	1565000	-0.057712965	1546.787	-6.0976	0.088113666	8.0
314	664.1018	536.7361	2019.9492	61.18641	345.55554	161.2099	37.05332	242.04005	-71.63798	1570000	-0.11940232	1740.4348	-6.147121	-0.007007225	79.0
315	807.9449	517.2387	2033.349	282.64282	411.375	161.8004	25.60301	283.59665	-57.99885	1575000	-0.13033076	1739.8127	-6.2162375	0.024328033	79.0
316	699.18335	519.57697	1956.4054	195.8386	331.77777	171.55954	33.859142	239.31316	-85.49995	1580000	-0.0803049	1900.558	-6.224494	0.07887409	12.0
317	1100.9766	669.72437	1944.1777	152.28326	542.0	164.19374	28.32169	222.92442	-78.84601	1585000	-0.054617334	1619.2031	-6.218107	0.08105687	6.0
318	822.58765	549.86945	1797.7305	172.75273	408.22223	177.34735	28.910078	231.91301	-94.6904	1590000	-0.042488784	1913.0192	-6.2210975	0.0771229	7.0
319	587.19946	515.6469	1645.848	125.62121	431.0	141.99557	47.77832	209.53717	-47.019566	1595000	-0.061565086	1284.206	-6.20658	0.07708623	9.0
320	748.8266	483.03897	1531.7018	84.20291	474.0	160.42017	49.397182	272.69385	-30.358105	1600000	-0.11801526	1182.6335	-6.29099	0.015625764	79.0
321	1048.0198	740.0151	1961.0822	108.96894	547.1429	177.38333	25.322626	239.94095	-83.16453	1605000	-0.13081402	1695.9994	-6.340355	0.048649073	79.0
322	858.6614	501.08215	1758.507	176.63571	440.5	178.53676	26.048971	247.45074	-144.23395	1610000	-0.12628928	1875.344	-6.403665	0.029329706	79.0
323	1068.2189	732.4145	2144.5166	204.87701	529.5	174.9936	19.29016	252.36726	0.1439879	1615000	-0.015516855	1707.308	-6.3988595	0.083012804	3.0
324	1101.8691	645.1783	2141.684	231.03377	518.25	184.06187	24.238485	263.9422	-87.6265	1620000	0.015198375	2039.0652	-6.41289	0.075148374	1.0
325	955.5991	539.33575	1945.0425	447.1529	477.33334	190.46146	22.190584	246.7393	-57.67213	1625000	0.041455247	1657.3262	-6.402332	0.087357625	1.0
326	837.7516	705.5982	2114.9316	34.03253	428.3	186.88805	28.738792	252.41089	-439.0441	1630000	0.041757576	2239.6047	-6.3974977	0.11603318	1.0
327	2001.6633	76.30778	2094.3464	1864.2628	991.2	181.31308	20.783184	252.09076	17.657175	1635000	0.07854996	750.3906	-6.3997083	0.20775698	1.0
328	1210.5499	796.0937	2137.1104	157.29002	581.1429	188.4275	39.419197	278.01675	11.331046	1640000	-0.0034568198	1583.6458	-6.3997416	0.12100581	4.0
329	2111.1978	155.05144	2299.2637	1931.553	1000.0	195.94333	19.643251	250.59923	0.3876034	1645000	-0.02544422	635.7982	-6.3961067	0.085656166	4.0
330	1430.7831	620.8302	2237.032	668.57404	652.6667	214.67645	16.082832	266.84167	35.167732	1650000	0.030113818	1713.0308	-6.3983665	0.11418167	1.0
331	1117.5062	648.5323	2232.7349	311.27576	574.0	178.75992	52.868004	254.8946	-76.46904	1655000	0.029381825	1565.6683	-6.389909	0.10516811	1.0
332	1466.1453	784.92645	2129.515	492.87894	701.4	195.88228	17.60353	236.00934	-18.072248	1660000	0.01246639	1048.7812	-6.3943367	0.08565364	2.0
333	2044.8285	200.8329	2341.4827	1775.1892	951.8	199.72139	16.461113	243.98032	62.25657	1665000	0.01620295	1062.6744	-6.399343	0.08842046	2.0
334	1862.9294	635.8966	2288.6682	600.83844	853.4	214.5351	14.858543	266.40765	105.306946	1670000	0.022369144	785.7603	-6.4005427	0.081420705	1.0
335	1474.3057	589.64246	2124.5364	367.53668	700.1667	216.08827	16.311289	274.0772	-37.14182	1675000	0.031872552	1692.846	-6.399584	0.10764175	1.0
336	1647.8789	618.0096	2223.8345	622.8092	755.5	193.41908	24.457499	267.10596	-136.4132	1680000	0.035287794	1190.2205	-6.4074535	0.10269123	1.0
337	1158.906	800.74506	2252.054	82.229225	518.2857	202.34184	19.430588	241.25436	-33.577255	1685000	0.0374501	1462.378	-6.4007015	0.11519642	1.0
338	914.2858	654.02454	2198.4355	58.083847	405.16666	197.97551	34.04297	237.74089	-54.54965	1690000	0.04295481	1747.301	-6.4108224	0.12101393	1.0
339	1604.5422	568.1096	2335.9768	966.3718	715.0	201.00974	14.219287	292.62332	-3.7017572	1695000	0.035069313	1355.9404	-6.4082	0.087912805	1.0
340	1775.9816	720.003	2333.9644	186.55473	816.1667	207.80728	16.35405	269.46036	-32.899273	1700000	0.045026146	1056.5071	-6.4101596	0.09967473	1.0
341	1149.9784	796.47095	2312.489	131.33527	532.0	212.8299	18.399048	294.92197	-5.283618	1705000	0.033027142	2147.3027	-6.4076686	0.0977828	1.0
342	1082.1122	633.661	1921.715	241.59502	544.5	196.59828	20.352013	239.59721	-201.08723	1710000	-0.0051186336	1614.948	-6.40903	0.08989519	3.0
343	1652.0472	438.97122	2220.614	950.87933	761.8	192.99327	22.095503	277.90054	-119.44386	1715000	0.027669085	1284.0668	-6.4066534	0.09059194	1.0
344	1753.4807	561.528	2085.7998	632.60754	859.4	202.32706	17.252653	273.73166	15.605976	1720000	0.024168503	793.85626	-6.398359	0.08285796	1.0
345	1927.448	394.81348	2189.8855	1157.75	917.6	201.29808	14.747224	274.90024	64.062904	1725000	0.041071013	881.5696	-6.401631	0.08214267	1.0
346	2027.0283	261.05603	2282.8328	1551.8857	949.6	205.16396	16.372025	249.97362	90.85079	1730000	0.046136566	909.7498	-6.403885	0.1320028	1.0
347	2018.9844	290.1706	2334.6707	1567.6458	961.6	200.25401	44.60006	272.66928	4.2174315	1735000	-0.003584146	830.953	-6.399625	0.098789856	4.0
348	2009.9727	247.97974	2428.0593	1763.2532	947.4	211.17696	32.61778	285.75616	-20.50842	1740000	-0.04054229	863.2415	-6.3989663	0.0824657	6.0
349	1490.4768	787.9958	2253.3281	437.75745	704.8	206.9999	15.868077	265.5229	54.275875	1745000	-0.12099159	1328.3942	-6.461422	0.035478838	79.0
350	1244.2249	799.33777	2231.0066	193.6388	577.375	213.69765	17.39567	260.15765	-38.836414	1750000	-0.11371095	1924.872	-6.5192103	0.0003026956	79.0
351	1437.4626	643.017	2275.442	455.43787	742.0	181.91472	51.748642	243.62479	-59.57145	1755000	-0.111377396	1396.4467	-6.5779767	0.03499726	79.0
352	2188.776	84.183304	2326.5012	2091.9102	1000.0	204.14365	15.747669	254.54597	40.854282	1760000	-0.0008872322	400.0521	-6.5889025	0.08677522	3.0
353	1700.7003	536.4118	2227.3313	856.55554	787.3333	220.86314	14.9046335	265.15814	61.83448	1765000	0.029347355	1631.515	-6.5969014	0.094357006	1.0
354	1995.2468	461.9033	2408.1438	1103.228	900.6	205.56451	18.22415	253.1474	-80.767654	1770000	0.035163082	1194.5127	-6.5972466	0.10124322	1.0
355	1151.576	880.65295	2170.819	122.49658	544.1429	211.8257	22.371876	262.4756	-139.7052	1775000	0.03539282	1682.5272	-6.6038218	0.10395241	1.0
356	1003.1312	792.59705	2120.5872	99.65888	551.4	163.19133	67.1085	250.99438	-167.22345	1780000	0.039893445	1205.1328	-6.5693727	0.1301816	1.0
357	1645.4592	690.89825	2296.4453	361.06845	779.2	198.07817	33.78584	260.2114	-13.452903	1785000	-0.031858232	1112.7725	-6.604424	0.07640592	5.0
358	1494.5916	730.9137	2136.938	132.99327	743.4	197.75159	37.00425	257.9135	4.3417764	1790000	-0.018735198	1105.5695	-6.5924687	0.093731515	4.0
359	892.0861	572.29	1652.2145	143.59825	405.0	210.31332	22.653124	288.87253	-111.07347	1795000	0.030796118	1851.498	-6.6132326	0.10298218	1.0
360	963.311	824.75714	2302.9998	12.332559	453.0	197.9645	23.674326	242.98102	-55.59694	1800000	0.031154975	1508.784	-6.5949774	0.07878906	1.0
361	1679.8164	599.0568	2293.0056	779.08527	894.8	173.97285	52.705963	254.13194	-68.94482	1805000	0.021562174	1162.2708	-6.5801163	0.07926799	1.0
362	1558.7103	851.1913	2339.7964	291.6746	685.8	192.658	46.403812	286.9278	-162.97949	1810000	-0.021590145	1314.8068	-6.5786514	0.09735113	5.0
363	1913.9617	616.26984	2294.4688	687.6144	864.0	211.55627	17.727707	264.38965	40.868996	1815000	-0.022798099	756.85876	-6.590625	0.07574799	4.0
364	1883.1621	406.7265	2162.6553	1080.2505	882.2	217.5894	14.301148	261.3212	9.004287	1820000	-0.055998683	1095.5977	-6.593992	0.07770867	10.0
365	1751.4016	452.42123	2332.0742	1082.4153	842.4	192.73892	40.330177	248.76149	3.989333	1825000	-0.12633714	1140.1792	-6.6469874	0.059125334	79.0
366	1248.3975	771.8882	2299.3157	235.7857	564.8571	214.4395	18.604315	285.8207	-47.730743	1830000	-0.119148366	2003.8634	-6.7143407	0.010055153	79.0
367	2185.0376	43.871338	2226.2808	2099.9136	1000.0	204.84563	16.571907	269.35233	90.45016	1835000	0.0015720413	447.9745	-6.705274	0.09456653	3.0
368	1460.0436	731.83527	2473.6914	403.12723	611.8	222.26485	14.486695	266.1768	52.205154	1840000	0.055188134	1777.3468	-6.7155123	0.17415376	1.0
369	1509.7698	897.1082	2278.0261	1.7655224	802.2	191.54364	56.463127	262.0134	-34.46028	1845000	-0.0144034885	714.2045	-6.6957154	0.09669303	4.0
370	1636.1615	660.37305	2259.4292	579.7625	855.4	198.6976	57.01553	259.59152	-126.77693	1850000	-0.021204893	806.9544	-6.698628	0.07506322	4.0
371	1635.4727	582.7377	2496.8945	925.7558	829.8333	194.8136	44.590443	256.8591	-170.59367	1855000	-0.057977196	1383.4468	-6.70732	0.076424	9.0
372	1059.7119	785.1106	2286.205	233.25392	486.25	201.23648	20.384197	251.77394	-18.827337	1860000	-0.12037095	2527.034	-6.805795	-0.008369809	79.0
373	2180.4985	257.30457	2359.9985	1670.5858	953.2	196.08452	21.627638	257.54352	13.432604	1865000	-0.004125222	1056.7925	-6.8047	0.09331772	3.0
374	1177.0922	854.19244	2329.824	167.95607	502.83334	222.9771	17.902565	274.8169	44.92445	1870000	0.03684214	1998.029	-6.8101654	0.11045143	1.0
375	1919.8918	347.40298	2213.1123	1261.8549	908.0	212.3946	35.837513	263.23273	-72.08827	1875000	0.033825368	922.9183	-6.795153	0.08035185	1.0
376	1435.0212	809.8506	2334.779	414.55814	643.0	213.2222	21.989508	261.71365	-29.524826	1880000	0.047004286	1862.532	-6.808878	0.15441668	1.0
377	1799.4004	705.26776	2412.6301	730.3494	791.5	210.1209	30.256035	269.78656	-57.044518	1885000	0.025495447	1467.767	-6.81045	0.07645519	1.0
378	1699.0305	843.5783	2467.1016	520.57605	853.0	193.6929	63.92318	267.39865	-236.97612	1890000	0.052658863	860.7853	-6.7891827	0.16211864	1.0
379	1136.073	716.7698	2305.1553	222.85794	501.25	228.6584	22.077255	293.0683	31.748253	1895000	-0.010435307	2458.6748	-6.8130164	0.09814008	4.0
380	836.651	744.1981	2183.5745	69.74468	367.625	204.10886	20.773958	262.2941	7.512072	1900000	0.00053325575	2376.3013	-6.817854	0.11173084	3.0
381	1354.1492	535.72076	2173.0078	740.57184	664.4	177.07124	59.046135	264.78098	-97.5232	1905000	-0.016543545	1347.8622	-6.8018703	0.077665575	4.0
382	1092.8748	831.0518	2309.7036	172.13747	554.0	182.94313	53.495045	250.25076	-157.17076	1910000	0.04817175	1671.6934	-6.808068	0.12591298	1.0
383	1407.002	903.37555	2458.0364	61.176426	629.8571	211.71495	19.7489	273.74368	27.42903	1915000	-0.0025761495	1873.0258	-6.810126	0.09511733	3.0
384	1976.742	564.401	2468.4397	870.2564	874.2	214.24413	21.51641	274.09802	-153.17496	1920000	0.013536572	1197.0482	-6.807797	0.09386853	2.0
385	1801.3252	778.49426	2319.976	130.92096	802.1667	218.35785	17.25479	266.00082	-0.89018977	1925000	-0.01231392	952.9196	-6.808039	0.07626517	4.0
386	1209.5782	946.41473	2176.159	74.2256	554.25	217.10893	24.716686	274.6863	-7.1860366	1930000	0.020063959	2554.0454	-6.8140774	0.10335049	1.0
387	2296.8594	67.30287	2355.4387	2173.873	1000.0	209.71019	17.562576	277.52515	40.05491	1935000	-0.03290547	582.5724	-6.79741	0.08643424	6.0
388	1900.9332	916.81696	2485.8027	81.779434	807.4	230.3784	18.921371	282.20618	-94.174706	1940000	-0.02264999	1574.6097	-6.794534	0.07582894	4.0
389	1856.6215	624.1676	2543.8599	955.5242	1000.0	185.66525	61.739124	276.04544	-13.259451	1945000	-0.08553081	858.0317	-6.7613173	0.07807945	13.0
390	2233.2146	136.17758	2417.8438	2048.5317	977.6	227.9422	20.999393	281.3163	47.32172	1950000	-0.072068356	865.7008	-6.788141	0.07700051	11.0
391	2076.5112	370.3527	2445.035	1379.3224	1000.0	207.2073	48.235207	264.40042	18.837145	1955000	-0.13338244	751.2985	-6.8056483	0.050701313	79.0
392	1431.5684	825.76324	2489.1196	391.8261	687.0	201.47514	56.923862	281.92374	-21.198997	1960000	-0.11821826	1421.1451	-6.875027	0.01900802	79.0
393	2234.2153	195.23378	2387.0493	1857.1593	940.8	222.38326	20.016886	275.46417	-4.7050624	1965000	-0.045599632	1157.5862	-6.8888125	0.08957661	9.0
394	2030.623	580.8299	2454.8813	899.95795	989.0	201.57242	56.573334	265.99255	39.89247	1970000	-0.11986527	1161.5533	-6.9239416	0.05566718	79.0
395	2338.0032	93.59826	2460.4966	2178.0073	1000.0	229.44	19.356287	286.17526	105.382286	1975000	-0.0047221924	507.8063	-6.934328	0.07638345	3.0
396	2356.6284	38.512756	2412.343	2297.468	1000.0	236.1609	12.096492	269.14432	158.19975	1980000	0.06175494	503.98926	-6.933085	0.15749514	1.0
397	1805.4153	814.7611	2400.4253	191.39796	820.0	232.54816	28.563887	270.2542	58.90957	1985000	0.056259423	930.346	-6.923445	0.1515918	1.0
398	1860.9066	535.3589	2509.6685	1200.7018	823.4	217.4668	31.969957	263.74966	-71.25591	1990000	0.02612166	1429.049	-6.9275346	0.07568455	1.0
399	2197.103	162.5828	2403.181	1939.5868	951.6	216.5899	15.962284	259.54327	-27.647139	1995000	0.037238058	952.1115	-6.9303007	0.10005318	1.0
400	2478.604	157.4275	2778.4172	2341.2334	1000.0	229.69353	14.393898	269.14313	110.385414	2000000	0.08669038	611.0678	-6.940447	0.18525983	1.0
401	2436.017	94.327354	2609.0002	2334.0154	1000.0	248.5223	16.591045	325.72525	120.28998	2005000	0.050076604	611.4757	-6.937156	0.10743872	1.0
402	1988.4036	489.11395	2314.0186	1042.3525	1000.0	215.35855	58.46342	280.9992	-24.83463	2010000	0.061984308	519.1394	-6.9249578	0.11855653	1.0
403	1989.0273	660.3571	2621.976	1055.5331	826.2	226.49202	14.439983	264.82855	62.50713	2015000	0.043268066	1481.592	-6.9443564	0.15135662	1.0
404	1916.2162	879.62067	2563.734	14.022911	794.0	234.7175	18.916752	285.7388	-81.69418	2020000	-0.014795128	1405.506	-6.943992	0.0774974	4.0
405	1983.467	874.72546	2604.6438	287.6549	823.4	223.3695	37.37391	291.1192	-52.570274	2025000	-0.03065079	1111.4808	-6.9422655	0.07806151	5.0
406	1899.1158	600.3356	2567.5828	1051.9883	898.8	216.88664	63.61265	288.24408	59.975647	2030000	-0.05389121	776.8545	-6.9170947	0.077995054	10.0
407	1360.5712	868.2232	2598.0635	403.64276	560.8333	236.15723	17.349457	269.9144	-2.7707887	2035000	-0.11079469	2255.4978	-7.0188727	0.0188309	79.0
408	2300.147	297.9961	2633.1794	1751.8645	940.2	230.73875	20.29569	295.08618	-48.0705	2040000	-0.06392193	872.6501	-7.019378	0.07926683	9.0
409	1498.1887	903.65814	2589.076	196.71582	615.8571	239.3747	19.61037	292.5914	-112.743065	2045000	-0.032761727	2224.517	-7.0304813	0.09158069	7.0
410	2539.3335	119.170074	2730.3154	2387.916	1000.0	236.50443	16.550415	282.73495	79.440506	2050000	-0.056046814	742.9635	-7.0246477	0.08754642	9.0
411	2072.5376	733.5686	2628.662	645.1658	852.0	252.72705	14.762984	297.50015	139.27008	2055000	-0.05303063	981.0246	-7.0154686	0.080270894	9.0
412	2123.7017	751.32043	2644.3977	631.0372	840.8	235.7607	46.192722	295.48077	7.1694136	2060000	-0.112402394	1213.8368	-7.070125	0.023369744	79.0
413	2047.4319	617.4578	2659.3838	1111.2991	824.8	245.1569	16.957144	299.12097	-53.75825	2065000	-0.06325153	1342.4956	-7.083957	0.08101184	11.0
414	2324.9575	600.32684	2824.7412	1147.3906	892.6	246.81586	19.204445	297.12335	44.09839	2070000	-0.13169709	1154.4594	-7.1395235	0.05555503	79.0
415	1545.1991	684.1724	2566.0073	666.15265	610.0	257.70688	22.860863	328.35382	7.4133196	2075000	-0.112957455	1904.9508	-7.1949944	0.015980659	79.0
416	2583.9622	24.092964	2626.5498	2555.6985	1000.0	248.99333	16.053596	362.93542	35.65386	2080000	-0.03817576	477.2826	-7.1967444	0.07604057	6.0
417	1920.5043	903.21826	2685.074	277.34253	775.0	259.55124	16.868671	301.859	47.180923	2085000	-0.029473478	1578.816	-7.1995564	0.0863902	6.0
418	2074.4282	991.63116	2808.3335	110.231186	815.2	240.5572	44.81927	303.20593	5.4653378	2090000	-0.04009673	1156.7704	-7.214168	0.088421315	7.0
419	2085.3936	639.3504	2696.749	1244.9965	804.0	255.434	20.511484	299.26035	46.24172	2095000	-0.03386807	1501.0074	-7.2183533	0.0830744	6.0
420	2555.4956	181.98405	2747.5022	2212.4443	968.8	254.62257	16.751501	301.70642	39.220592	2100000	-0.019095762	1235.6659	-7.2186103	0.08991942	5.0
421	2436.028	142.83278	2629.701	2254.3577	978.2	255.57878	18.876278	310.9424	47.730934	2105000	0.022844486	1115.6516	-7.220289	0.09293438	1.0
422	2667.9707	83.19387	2814.7754	2560.432	985.6	250.6027	17.837822	295.2286	39.998383	2110000	0.008951401	939.9978	-7.2163258	0.08212489	2.0
423	1393.233	708.89325	2726.192	590.6379	570.5	246.13985	57.419544	332.43106	-128.65735	2115000	-0.033016585	1868.547	-7.20517	0.08587409	6.0
424	1460.9103	860.7916	2724.2732	420.91296	583.0	237.81982	32.23651	291.1822	-83.25165	2120000	-0.116726175	2396.7654	-7.274129	0.019214088	79.0
425	1275.6057	946.1859	2572.4878	-1.515159	506.7143	227.5592	31.349766	294.2528	-270.39682	2125000	-0.11678683	2085.0857	-7.3541913	0.03120459	79.0
426	2276.11	889.335	2831.9724	504.74164	838.4	238.2909	18.365295	295.3891	-162.16057	2130000	-0.008876149	956.1732	-7.3460093	0.10159382	4.0
427	1139.9728	868.3431	2816.5688	8.193974	523.5714	236.457	72.78841	312.12537	8.742222	2135000	0.018000558	2629.9697	-7.338922	0.104393594	1.0
428	1372.2843	997.01495	2558.4624	4.533376	548.1429	238.15973	25.273008	303.7344	-50.26549	2140000	0.015442192	2070.8594	-7.3555	0.07630856	1.0
429	1245.7045	791.5838	2501.3499	188.89232	522.5	226.38408	44.92031	291.29047	-106.24778	2145000	0.023177415	2522.0857	-7.3495555	0.07899477	1.0
430	1071.7102	566.684	1760.9358	366.9329	439.8	223.82495	36.817112	290.56708	-118.961464	2150000	0.037168957	2661.2637	-7.336033	0.11117462	1.0
431	1891.9015	922.22	2832.6877	201.37172	768.5	223.3703	27.571274	279.58392	-188.96481	2155000	0.04988221	1599.8271	-7.3417654	0.15028317	1.0
432	2193.732	458.32574	2607.8577	1408.2297	856.6	243.80286	17.438623	294.1126	50.8195	2160000	0.052215826	1507.6252	-7.3362455	0.1497941	1.0
433	1465.6884	1060.4568	2582.232	3.8596535	592.8333	247.91423	20.90512	297.19034	7.1355195	2165000	0.025944216	1545.0892	-7.3328595	0.09065322	1.0
434	2397.8325	145.61307	2650.0854	2231.1887	984.2	243.68277	21.662142	306.88025	-180.91269	2170000	0.041021332	1354.7552	-7.3235717	0.09022286	1.0
435	1944.511	541.51245	2491.0522	1200.3254	831.6	241.26125	21.217144	303.05396	61.001232	2175000	0.07570946	1656.6349	-7.3312163	0.21046464	1.0
436	2387.2107	179.22273	2606.9321	2084.5347	983.8	231.33064	27.295086	294.76605	-124.18288	2180000	-0.018170657	1356.1586	-7.3158937	0.077818446	4.0
437	2327.8813	465.99884	2783.7493	1432.0013	1000.0	217.7634	61.65768	285.56073	-54.478786	2185000	0.010239923	793.283	-7.311746	0.09101886	2.0
438	1526.8363	784.08167	2554.3115	417.1438	685.6667	230.37614	58.63258	308.61902	-19.43953	2190000	-0.11625913	1881.8816	-7.3584056	0.0052220454	79.0
439	1526.5436	731.0569	2480.3247	44.120552	642.5714	218.99283	47.15905	303.14645	32.639786	2195000	-0.108882286	2172.1296	-7.4164095	-0.00815531	79.0
440	1724.58	839.88776	2818.2974	364.5726	685.6667	227.78075	22.96695	271.80243	-41.433098	2200000	-0.05647538	2389.1328	-7.4304547	0.07711479	10.0
441	1053.6322	909.207	2706.0288	66.54844	394.6	238.97916	20.628658	287.8375	-139.93349	2205000	0.015620241	2401.3015	-7.4261827	0.077552445	1.0
442	2378.6355	455.7617	2705.3914	1481.0961	917.0	245.01845	17.778797	303.38245	-102.78725	2210000	-0.014680277	1079.102	-7.4227123	0.07925587	4.0
443	2239.189	682.20154	2708.782	884.58405	862.6	253.562	21.736597	297.26813	-22.196384	2215000	-0.043383017	1163.8212	-7.4159436	0.076566376	7.0
444	1921.8334	981.29285	2671.372	2.3549268	802.2	249.4731	44.547295	293.91016	24.15979	2220000	-0.0542355	616.2447	-7.4034014	0.07664487	9.0
445	2498.127	86.06437	2631.941	2426.786	983.2	253.31985	13.973688	296.32272	139.89435	2225000	-0.05241877	918.4373	-7.414415	0.07951254	8.0
446	2051.0234	889.96704	2617.662	94.249374	810.5	251.2732	21.529236	293.4309	27.524015	2230000	0.02192377	1296.3473	-7.41041	0.10740656	1.0
447	1903.6957	606.2631	2668.9954	816.96405	742.0	246.5856	22.350092	281.33163	9.043418	2235000	-0.02546384	2196.7476	-7.40719	0.0916346	6.0
448	2528.5977	87.47823	2589.007	2355.3408	983.8	241.76787	20.720879	298.3075	-214.29451	2240000	-0.07913584	986.554	-7.4006124	0.07631574	14.0
449	2610.0054	100.2745	2709.0566	2419.639	1000.0	253.1013	16.613346	342.98907	65.27427	2245000	-0.059556775	478.862	-7.406957	0.08452016	8.0
450	1654.9026	833.8632	2747.6492	582.5257	662.2	256.78394	32.77666	309.46942	4.494536	2250000	-0.10707507	2033.7144	-7.4909096	-0.0031381352	79.0
451	1984.7719	863.7982	2707.141	643.5283	769.6667	246.15202	15.637291	284.88437	33.287487	2255000	-0.11780181	1555.8145	-7.5686846	0.03329555	79.0
452	2502.14	329.79907	2758.711	1863.5356	932.8	252.9226	16.9204	298.5312	-41.298004	2260000	-0.12289725	891.9937	-7.5907617	0.052614257	79.0
453	2402.3398	416.82913	2797.107	1594.2699	1000.0	240.39555	60.736797	291.40826	40.115856	2265000	-0.10141381	587.6675	-7.6041865	0.076123245	19.0
454	1799.0134	632.73004	2524.614	774.3996	800.6	228.14548	68.26472	296.3545	-120.858315	2270000	-0.11109762	1849.74	-7.6957064	-0.01696483	79.0
455	2279.1528	799.0403	2932.661	708.0329	835.8	243.13393	24.685432	287.58948	-96.13089	2275000	-0.077189796	1162.1028	-7.7107234	0.07514866	14.0
456	2532.9116	759.8219	3109.1328	1028.4517	1000.0	234.8557	66.768845	299.88193	64.757385	2280000	-0.021380218	1297.0673	-7.7081213	0.083629996	5.0
457	2005.2552	883.8177	2802.2256	670.98364	758.1667	279.651	23.911612	346.06055	26.969275	2285000	0.024132513	1472.9216	-7.7191257	0.08942324	1.0
458	2692.4187	91.75036	2810.522	2544.9963	1000.0	258.49594	21.147455	305.18332	48.0062	2290000	0.029212967	437.34125	-7.724336	0.08154284	1.0
459	2710.4526	104.061356	2902.0767	2604.6904	1000.0	272.3838	26.957985	314.30112	14.771881	2295000	0.08561479	894.0176	-7.717911	0.20615447	1.0
460	1705.5605	958.27936	2795.6172	601.0312	758.5	230.79947	74.979774	310.32446	8.572607	2300000	0.038437437	1955.1968	-7.715271	0.108134836	1.0
461	2489.1238	273.68436	2777.5676	1966.7896	956.0	251.81622	20.296787	300.04852	-24.359	2305000	0.013382193	945.9118	-7.715294	0.07744625	2.0
462	2020.3324	918.63904	2577.8027	186.50706	815.0	253.97748	16.907135	304.1968	-26.475695	2310000	-0.005866709	1010.2386	-7.7210484	0.09891671	4.0
463	2386.4045	512.01733	2706.7676	1370.6228	890.6	254.90213	19.384584	331.21634	61.838223	2315000	-0.008474411	1255.2798	-7.7163415	0.081789665	3.0
464	1642.4279	975.5648	2776.306	331.50314	642.5	258.37054	41.50742	305.17935	-146.52007	2320000	0.02265511	1857.0262	-7.7122593	0.09317825	1.0
465	2629.8838	185.31326	2873.8586	2353.9927	965.2	248.75555	18.056744	291.67755	-10.29778	2325000	0.0071585434	1638.9988	-7.712553	0.080143824	2.0
466	1546.1898	855.17303	2684.0808	100.8153	601.1429	262.34375	26.134245	313.5159	-193.69012	2330000	-0.0134332245	2725.2	-7.7143373	0.09357346	4.0
467	1456.1898	924.3882	2586.632	125.85625	579.2	223.60245	56.923656	297.03537	-59.645233	2335000	-0.0025007755	1856.8328	-7.702906	0.07930666	3.0
468	1646.5662	866.8437	2535.726	370.1271	629.2	244.92563	23.997026	294.8644	-80.68905	2340000	0.028187402	1939.9424	-7.7058954	0.08643001	1.0
469	2257.8801	947.1514	2780.206	365.6156	828.2	227.25403	59.398422	310.5246	26.07374	2345000	6.825218e-05	1027.0365	-7.6976233	0.08408107	3.0
470	1604.8966	818.60767	2741.2305	370.77835	674.4286	241.36655	62.88833	303.83524	-12.209255	2350000	-0.030814108	2201.0613	-7.7061234	0.08981838	6.0
471	1472.369	1036.0377	2675.9387	89.202286	550.6667	241.8227	26.892042	286.48224	-136.53308	2355000	-0.039062254	2093.644	-7.7052374	0.07790576	7.0
472	1629.1674	874.9756	2801.2007	366.54428	665.5	230.68225	54.302113	283.93005	-70.52521	2360000	-0.048366796	2106.2634	-7.701916	0.08119068	8.0
473	2227.465	608.69507	2677.3337	1025.9183	871.0	245.75337	26.397945	326.8834	43.56289	2365000	-0.0690266	924.3792	-7.7074327	0.07913383	9.0
474	1539.5088	1031.18	2797.697	131.28914	558.0	251.39728	19.75468	301.34787	16.193819	2370000	-0.11746311	1705.817	-7.7654014	0.03729598	79.0
475	2216.3398	652.604	2803.1028	1029.3268	818.4	262.3537	18.331976	313.5401	16.496815	2375000	-0.11956887	1256.2026	-7.8291936	0.03969462	79.0
476	1112.8944	943.8743	2560.4133	224.34991	466.16666	248.8445	49.21883	323.55875	-60.815773	2380000	-0.05316058	2274.5095	-7.824926	0.076725	8.0
477	1173.8516	803.2658	2594.7268	121.27904	444.2857	258.47546	28.13889	312.9252	-68.52273	2385000	-0.11193913	2835.0913	-7.8811235	-0.010231993	79.0
478	1761.2535	755.54803	2689.0095	931.9433	870.4	195.56517	81.06625	296.41284	-43.534485	2390000	-0.11340056	1168.5576	-7.9267554	0.034189492	79.0
479	1118.7655	890.37866	2595.6572	142.49704	466.16666	234.20184	54.58817	296.21494	-46.972374	2395000	-0.11239297	2045.894	-8.0113325	0.0045236708	79.0
480	1765.0292	710.2678	2604.4375	533.97534	672.3333	240.98685	40.060116	320.19455	-59.094803	2400000	-0.053138234	2459.8604	-8.015958	0.07523307	8.0
481	1622.5024	979.6353	2643.9338	322.86777	669.4	227.495	57.385284	345.67722	10.604062	2405000	-0.019574102	1456.6696	-8.014009	0.08426523	4.0
482	2113.599	758.2834	2849.0854	907.5034	889.6	217.79698	67.10918	312.02063	24.894968	2410000	0.03371685	1760.7892	-8.005394	0.10113116	1.0
483	2405.4922	784.09644	2970.54	858.0679	859.8	264.3864	20.19333	330.98218	72.281685	2415000	0.066438965	1165.2528	-8.019581	0.16042759	1.0
484	2038.1484	412.68542	2675.7537	1451.9309	905.2	227.54617	81.14142	336.12735	27.311762	2420000	0.053590026	2049.0005	-8.006233	0.14537798	1.0
485	786.9579	619.4753	2155.7324	96.51019	302.9	227.20155	61.7938	315.68808	4.3768773	2425000	0.010652468	3089.066	-8.020983	0.10628961	2.0
486	1170.0898	772.5189	2456.1216	195.2109	493.42856	188.80334	56.162395	265.19995	-144.50539	2430000	-0.01979933	2444.117	-8.014136	0.079015985	3.0
487	2066.242	795.8372	2781.8792	871.65875	779.1667	233.13658	23.048582	314.02905	-173.41217	2435000	0.01665378	2184.3147	-8.017431	0.102758594	2.0
488	2183.9392	558.4689	2939.085	1323.9801	995.4	214.43405	70.36491	322.16095	33.58779	2440000	0.034208056	1488.6521	-7.9987984	0.09441114	1.0
489	1123.4624	608.2023	2162.1714	258.45697	420.42856	250.59668	26.102083	371.32358	-182.59435	2445000	-0.0066787545	3471.1223	-8.015902	0.12068075	4.0
490	2316.3833	532.1788	2998.9382	1419.5277	922.6	217.3114	58.57444	325.4516	8.47495	2450000	0.028266864	1539.1774	-7.997172	0.09240916	1.0
491	2109.9834	528.11194	2537.5767	1085.5472	802.0	263.9989	20.356455	348.50967	53.035736	2455000	0.037443846	2147.4888	-8.013921	0.11566589	1.0
492	1662.0446	889.93427	2640.084	6.997189	721.4	231.87296	55.390526	301.1224	-139.21335	2460000	0.056098	1684.4916	-7.9975367	0.19030677	1.0
493	2255.1216	609.65674	2763.8865	1184.3644	959.4	219.7201	62.775936	319.08978	26.609907	2465000	0.04286107	1475.9342	-7.988603	0.11194199	1.0
494	1519.1886	762.1837	2702.21	684.12665	567.0	259.82883	24.205034	328.43027	12.74505	2470000	0.04433486	2432.1453	-7.9916124	0.11296748	1.0
495	2275.2007	935.3869	2824.23	409.12372	833.8	245.1994	26.692741	305.07407	9.399647	2475000	0.04681994	1615.2693	-7.9900517	0.12418379	1.0
496	1315.6646	1054.2394	2859.12	17.80331	461.66666	263.3835	27.313137	346.8716	4.5656805	2480000	0.051848553	2037.8904	-7.9969673	0.17168838	1.0
497	2316.286	870.56586	2976.9788	603.27985	846.0	248.2987	42.4233	327.14264	-52.591316	2485000	0.005201229	1345.2437	-7.9927783	0.0815201	2.0
498	1930.4926	1113.5953	2900.9565	100.266235	721.0	267.56705	38.0902	316.3483	17.078907	2490000	0.024426205	1712.935	-7.9907923	0.0843765	1.0
499	2220.739	920.34985	2800.8115	386.28326	830.0	267.56854	18.398846	336.1748	58.36749	2495000	0.047140613	1069.8606	-7.9898	0.13430142	1.0
500	2341.2466	851.08795	2856.2065	644.5088	846.6	267.35873	19.167492	319.68683	21.612501	2500000	0.05020097	1145.7781	-7.981711	0.14484294	1.0
501	2145.9824	876.1635	2895.0972	765.7346	758.6	271.7949	18.451931	314.6034	38.045456	2505000	0.05364453	1803.5175	-7.9824142	0.16497408	1.0
502	2743.7173	48.825283	2821.2678	2670.0051	988.6	277.61865	14.257459	323.50476	105.718124	2510000	0.0065646856	1133.6602	-7.978439	0.081332736	2.0
503	2333.6953	544.09595	2784.0308	1267.2206	898.0	274.0613	15.839708	346.52753	84.74334	2515000	-0.028372787	1096.4778	-7.973383	0.08041333	6.0
504	2812.9282	60.58284	2928.7021	2765.3635	1000.0	267.5013	15.148999	312.1818	6.3084526	2520000	-0.026429145	660.1254	-7.969242	0.07518361	5.0
505	2728.2551	159.75562	2883.6167	2428.1868	964.4	282.4536	17.121735	321.94778	12.161901	2525000	0.012262713	1011.6984	-7.972503	0.08321842	2.0
506	1510.0992	860.1162	2625.5374	212.92926	589.7143	278.8043	20.746187	396.41336	-150.68796	2530000	0.039840747	2472.3977	-7.974579	0.14873423	1.0
507	1436.3726	1004.3077	2729.89	179.48651	527.8333	235.50862	47.708664	286.4385	-110.87005	2535000	-0.0050052153	1944.5746	-7.9736876	0.11166907	4.0
508	1578.8876	1092.6074	2908.1812	206.28322	571.4286	258.43323	18.474709	302.5069	20.746292	2540000	-0.04117739	2657.8904	-7.972163	0.07832922	7.0
509	2361.7446	566.02954	2834.8442	1495.533	905.6	252.09328	57.64578	354.85428	16.71252	2545000	-0.036137782	1291.489	-7.9633117	0.07550094	6.0
510	2436.6082	532.82837	2890.6565	1408.1427	899.4	271.24634	23.360363	338.5779	20.083675	2550000	-0.04080552	1121.5413	-7.9641814	0.07915851	8.0
511	2795.8467	165.66884	3038.78	2548.3408	1000.0	271.37143	13.448837	332.44757	177.43744	2555000	-0.06637023	932.4606	-7.969011	0.080432095	8.0
512	1746.8422	924.1875	2707.375	171.10553	737.0	241.97244	82.66573	319.77075	37.06997	2560000	-0.104610935	2091.4268	-8.0229	-0.016690204	79.0
513	1841.5645	901.5783	3099.6912	1006.83844	769.6	212.7991	83.068184	303.95395	-94.74128	2565000	-0.10149338	1968.9648	-8.105719	0.019212857	79.0
514	2344.0815	1054.1736	2993.7268	243.16408	818.0	270.1166	23.263552	318.57816	-124.86881	2570000	-0.025637446	1158.7246	-8.117812	0.08600261	5.0
515	1875.7523	826.1093	2667.8638	360.74512	681.0	283.25635	26.990534	334.33093	21.89933	2575000	0.033048224	2910.4204	-8.1285925	0.107727945	1.0
516	1548.4183	1141.7382	2957.702	142.19273	549.4286	255.23186	24.611792	317.5931	-13.04384	2580000	0.035693876	1809.6284	-8.128517	0.10545442	1.0
517	1951.8031	876.24146	2723.8586	376.53256	709.8333	263.70895	27.396448	366.08746	-295.3212	2585000	0.03166256	2611.895	-8.136026	0.099777065	1.0
518	1418.094	600.0862	2563.296	684.7196	591.0	227.85825	71.843994	338.1023	-94.36869	2590000	0.0020696262	3192.4805	-8.128258	0.085883826	3.0
519	1303.0806	807.2773	2769.981	528.6042	473.44446	243.9017	27.686436	318.98337	-93.090836	2595000	0.009723237	3043.9895	-8.136796	0.08005286	2.0
520	1121.5654	742.9427	2515.2778	213.24352	405.6	242.66745	35.015564	307.4081	-82.45576	2600000	0.013179732	3518.8423	-8.1424885	0.077325605	2.0
521	2085.0713	998.9598	2778.7263	143.65842	772.0	243.48247	22.595839	331.6249	-54.76264	2605000	0.031450924	1376.0212	-8.13809	0.10051852	1.0
522	2443.6025	639.3017	2998.2502	1213.5946	1000.0	234.12743	63.328888	316.4164	-59.238552	2610000	0.04880062	982.3536	-8.128169	0.10681357	1.0
523	2699.099	173.1493	2999.0085	2505.8953	1000.0	274.02512	27.301905	362.9243	87.72021	2615000	0.07175841	743.24603	-8.131146	0.2079617	1.0
524	1974.6924	1065.0052	2949.8535	468.67477	830.8	242.9946	80.43406	328.4835	22.079758	2620000	0.043879706	1578.8031	-8.116774	0.10366743	1.0
525	1460.2217	990.18335	2989.9714	128.24306	570.625	241.82445	76.50002	335.90576	1.790957	2625000	-0.0138869155	2749.354	-8.125876	0.10217139	4.0
526	2739.0576	291.27902	2942.801	2173.5547	958.0	267.76825	24.248419	335.3029	8.271659	2630000	-0.027664587	1136.651	-8.12903	0.08926449	5.0
527	2312.7625	863.5204	2961.678	602.03235	844.4	285.6728	21.614325	381.31024	18.232725	2635000	-0.026689447	1526.7429	-8.126676	0.07875256	5.0
528	2118.5725	1078.1272	2956.7913	103.312454	732.0	278.83466	20.050344	351.19455	35.97251	2640000	-0.028893597	1443.344	-8.131998	0.08568498	6.0
529	2930.046	70.45216	3019.42	2817.8777	1000.0	283.1663	15.207451	329.09506	183.05815	2645000	0.032947212	477.3676	-8.129779	0.09446823	2.0
530	2366.3052	779.9682	3016.2192	906.40405	815.2	295.992	21.024353	337.6085	1.1396184	2650000	0.048651896	1625.1316	-8.135289	0.14423491	1.0
531	2106.6228	656.30774	2996.3115	1330.7161	733.3333	283.8099	21.04948	332.23914	1.2718354	2655000	-0.008694946	2904.8977	-8.137261	0.09541464	4.0
532	2928.661	95.25073	3028.7473	2746.7847	1000.0	274.3154	20.006613	347.72748	91.90663	2660000	-0.019500928	833.9929	-8.138727	0.08453508	5.0
533	2695.1567	431.85208	3140.7522	1899.5181	927.6	294.73337	20.701359	353.4472	-25.711767	2665000	-0.0144737335	1273.2343	-8.1439495	0.097015545	5.0
534	2487.8052	590.6741	2918.195	1346.7013	1000.0	246.225	94.35711	339.26282	-14.558152	2670000	-0.064895116	795.00653	-8.13937	0.0752627	12.0
535	2349.6558	973.5124	2994.7986	417.81366	832.6	287.5911	17.613764	339.67188	84.36362	2675000	-0.044403892	1195.2002	-8.152382	0.07754236	8.0
536	2705.5913	522.9136	3106.5974	1685.1229	890.0	288.48672	19.83946	353.61478	-36.787254	2680000	0.009937448	1660.7754	-8.155986	0.076529086	1.0
537	2692.6797	414.62003	3116.2407	1964.0027	948.4	287.46896	46.61611	353.09772	20.602095	2685000	-0.024117703	1398.851	-8.153237	0.081412055	6.0
538	1961.6176	1134.7245	3129.5027	291.6678	670.6667	284.66214	23.939188	347.52277	2.5783982	2690000	-0.049866617	2207.4895	-8.167239	0.079416566	10.0
539	2102.3735	1004.0581	3019.7034	561.65234	733.8	276.5403	23.895708	338.51843	15.67938	2695000	-0.012591965	1958.24	-8.165949	0.07739958	4.0
540	2911.5027	217.32852	3124.4453	2634.5417	1000.0	283.69455	17.206116	357.69095	189.88606	2700000	0.04216012	803.59076	-8.172833	0.10065987	2.0
541	2011.8337	1155.299	3054.7048	308.96298	686.2	295.38092	18.425371	345.51227	59.694115	2705000	-0.0026771089	1667.1952	-8.173731	0.085150085	3.0
542	2893.7104	156.82568	3089.1748	2625.0586	1000.0	290.6779	17.919783	335.66895	49.960613	2710000	0.044155877	802.35	-8.172612	0.088006146	1.0
543	2357.0547	1036.3197	3116.822	301.73007	818.0	292.4207	21.053152	340.65796	24.719145	2715000	0.06023211	1169.339	-8.171121	0.14926657	1.0
544	2984.1418	55.299942	3050.911	2901.8088	994.6	295.82584	17.426472	333.3555	58.408375	2720000	-0.007702739	1158.9052	-8.173481	0.093035966	4.0
545	1831.8126	1141.0758	3205.6785	350.39053	626.0	295.06863	20.406633	336.33954	1.136228	2725000	-0.02173739	2616.8628	-8.180899	0.07962749	5.0
546	2664.0696	660.2499	3123.2456	1354.2041	887.4	289.9406	18.400175	346.11188	30.87153	2730000	-0.07179356	1168.3678	-8.182826	0.08028012	13.0
547	2843.9858	428.33414	3285.3577	2025.5052	936.8	296.73776	21.30733	361.05872	21.853186	2735000	-0.07265421	1060.2896	-8.187178	0.079257496	14.0
548	2411.3677	1050.974	3083.4783	315.64725	822.4	302.36172	20.661451	359.14398	2.2198086	2740000	-0.121802196	938.95	-8.253787	0.02994188	79.0
549	3087.2454	91.94023	3233.7432	2994.1426	1000.0	293.25674	17.871359	374.29288	22.83834	2745000	-0.092121	566.6633	-8.269027	0.07535675	17.0
550	2102.181	1119.8961	3053.8892	564.60114	688.6	312.47696	18.686901	392.5277	21.443346	2750000	-0.10476375	1837.6008	-8.348955	0.011216433	79.0
551	1600.6235	1205.4602	2981.8433	90.19099	541.8	304.82535	21.12466	395.08438	29.767427	2755000	-0.10689141	1961.8306	-8.429321	0.003484931	79.0
552	3128.5356	144.9096	3304.9346	2921.1965	1000.0	297.7386	20.423876	383.35944	134.61623	2760000	-0.037150063	725.189	-8.431664	0.09032516	6.0
553	3147.297	261.43103	3448.51	2785.0564	965.0	316.10016	25.300535	392.58795	2.417963	2765000	0.035161585	1242.6846	-8.436124	0.11190022	1.0
554	3135.115	102.39119	3308.2002	3007.4395	1000.0	325.58246	17.527771	396.57205	141.65619	2770000	0.038182884	670.6752	-8.435945	0.10333848	1.0
555	2341.4937	1003.7587	3276.8425	792.08856	860.8	283.3612	89.24179	363.22607	14.585769	2775000	0.03567383	1887.4442	-8.434593	0.10893083	1.0
556	3094.3467	104.70394	3225.5522	2957.4937	1000.0	307.36185	19.50975	370.19098	154.46188	2780000	-0.01179343	538.8583	-8.435281	0.08726486	4.0
557	3148.9834	119.25068	3327.9128	2971.262	1000.0	313.87027	14.657327	411.74872	215.86816	2785000	-0.02785089	576.2687	-8.439416	0.07807202	5.0
558	2898.1294	490.36255	3229.523	1922.973	926.4	320.4889	21.290106	363.14496	1.3312603	2790000	0.03613772	1296.4292	-8.438203	0.09987779	1.0
559	2465.2637	1141.0011	3282.9866	18.549501	790.1667	314.17502	17.935276	355.99457	115.29477	2795000	0.038091753	1609.1924	-8.442016	0.11108064	1.0
560	3118.7117	90.623276	3237.4365	2962.2856	1000.0	313.72034	18.73944	359.85892	135.33777	2800000	0.031148795	734.7592	-8.439201	0.11535775	2.0
561	2748.7258	915.08417	3301.7969	932.4637	858.4	320.00012	17.946838	370.2234	213.8774	2805000	0.028870337	1140.3474	-8.442545	0.08143293	1.0
562	3271.603	86.9059	3433.4343	3199.296	1000.0	325.48523	14.705607	367.37775	221.84123	2810000	0.05782631	491.0649	-8.437936	0.12365021	1.0
563	3274.4338	98.871956	3400.6284	3115.6436	1000.0	332.83154	15.332495	373.4927	220.92636	2815000	0.06795271	728.00385	-8.442368	0.17838868	1.0
564	3316.345	129.58415	3448.5166	3074.7246	1000.0	333.66055	16.636429	368.70032	239.6058	2820000	0.04317284	508.7092	-8.439539	0.095883705	1.0
565	2105.588	1351.311	3325.8984	100.860504	652.6667	334.62732	21.378633	374.629	142.95374	2825000	0.051726837	2177.3032	-8.44355	0.21044046	1.0
566	2107.5874	851.7842	2979.4128	769.6742	713.3333	306.71286	46.87498	367.15857	15.669642	2830000	0.005982563	2489.3054	-8.447709	0.082783505	2.0
567	2646.3508	945.0597	3290.475	765.1071	850.8	292.0835	19.371557	339.08215	73.83415	2835000	-0.05697934	1513.8575	-8.438568	0.077534094	9.0
568	2583.4775	978.4708	3404.7073	661.6326	813.6	304.3965	16.906603	347.75223	69.46006	2840000	-0.10690707	2426.7688	-8.512274	0.037680678	79.0
569	2103.1362	1417.2339	3312.1453	218.09479	648.8	311.94186	21.332558	352.5457	53.505978	2845000	-0.1068526	2018.9888	-8.580359	0.009318577	79.0
570	2426.7393	1057.5537	3320.747	446.4954	762.8	315.839	22.495045	365.63422	65.62997	2850000	-0.10170761	2824.631	-8.648543	-0.0094832415	79.0
571	2258.1619	915.2968	3374.648	909.3636	672.3333	310.0681	22.65452	351.2747	-73.276405	2855000	-0.098607	3361.806	-8.7156515	0.008299627	79.0
572	2189.8916	1378.9447	3383.2456	408.25626	672.2	316.66354	16.976524	372.76184	112.358475	2860000	-0.046278566	2041.0162	-8.717317	0.079418726	8.0
573	2637.6138	1299.1792	3350.8347	40.950493	789.0	324.9705	28.997559	384.78525	-172.25569	2865000	-0.04323083	1920.4392	-8.724551	0.07715112	8.0
574	3281.8933	107.5676	3462.154	3138.9963	1000.0	330.72174	21.963207	381.4111	95.90735	2870000	0.026423123	698.651	-8.717983	0.083046265	2.0
575	2847.7446	1139.0061	3526.5332	580.51306	834.6	335.14215	16.893333	386.21298	163.32169	2875000	0.063287914	1295.8691	-8.717512	0.18242146	1.0
576	2754.1511	952.59875	3404.4355	850.75665	818.5	338.14072	17.66951	379.39108	14.767378	2880000	0.0013817066	1937.6646	-8.725502	0.07867849	2.0
577	3361.754	152.1547	3623.8394	3172.262	1000.0	329.61963	17.062925	365.08405	145.77768	2885000	-0.004846493	679.9027	-8.72373	0.079910636	3.0
578	3238.726	165.08385	3465.103	2951.5803	963.6	340.44113	19.62712	377.70364	30.892725	2890000	-0.022905556	1462.0948	-8.731673	0.098485485	7.0
579	3136.3813	435.24817	3541.6846	2467.485	931.0	335.62704	17.359718	392.8897	14.428392	2895000	-0.03041799	2848.476	-8.739311	0.07967586	6.0
580	3411.8828	108.71775	3527.5122	3271.929	1000.0	332.07596	23.090801	383.69565	171.33827	2900000	0.025786072	558.2525	-8.736585	0.07757872	1.0
581	2898.745	522.9031	3377.0796	2177.1514	1000.0	294.18066	105.788605	396.62894	14.989571	2905000	0.03951434	1454.4546	-8.73146	0.11410058	1.0
582	3329.5425	78.978935	3398.1467	3231.3435	1000.0	333.76056	15.610791	380.56848	173.88974	2910000	0.045164198	476.4779	-8.73528	0.10700078	1.0
583	3305.6477	98.08083	3475.2114	3202.4805	1000.0	338.08746	13.084573	371.62744	255.27882	2915000	0.100294635	378.7098	-8.738967	0.2156416	1.0
584	3241.6082	137.97601	3440.17	3056.723	1000.0	334.199	16.21666	364.0412	204.94	2920000	0.06643669	669.248	-8.737315	0.1923294	1.0
585	3312.0867	135.9129	3520.311	3113.4177	1000.0	333.81448	14.844395	370.42004	244.08084	2925000	0.033133406	826.9994	-8.733965	0.12410086	2.0
586	3374.7976	136.81793	3473.9312	3103.6506	1000.0	336.26614	17.074778	374.5247	193.59837	2930000	0.031327058	547.9789	-8.728022	0.09524138	1.0
587	3387.4739	201.97171	3730.5276	3136.279	1000.0	340.8295	18.211924	378.51807	220.23372	2935000	0.06596433	701.1414	-8.726681	0.16850339	1.0
588	3256.775	395.8728	3518.4753	2474.0752	938.4	347.51593	17.975134	381.90125	110.65727	2940000	0.03332922	1233.7876	-8.723448	0.09224144	1.0
589	3435.9434	71.89942	3498.8818	3335.6614	1000.0	344.81354	14.711156	382.2452	183.92015	2945000	0.050519343	485.5396	-8.721501	0.1150472	1.0
590	3364.461	135.14117	3590.08	3185.257	1000.0	349.51465	15.503037	393.2716	149.13956	2950000	0.091210134	650.4796	-8.720332	0.19027184	1.0
591	3265.886	201.8335	3476.4104	2906.0833	973.2	342.47598	18.11454	389.57697	65.08966	2955000	0.067483366	1467.6302	-8.721377	0.17991747	1.0
592	2801.3235	1192.862	3506.7131	423.8776	827.6	337.27185	18.091002	374.31287	48.042515	2960000	0.036673915	1345.5771	-8.718103	0.11661377	1.0
593	3182.0415	352.99677	3501.9788	2553.9617	951.2	339.14706	17.315847	373.25443	39.379345	2965000	0.052387092	1532.2574	-8.719878	0.1330147	1.0
594	3433.536	142.65407	3610.9014	3237.4988	1000.0	337.83298	15.979298	390.7938	246.4298	2970000	0.054419197	657.5419	-8.717958	0.14363973	1.0
595	3294.7957	162.4402	3568.607	3070.2026	1000.0	345.35913	16.25459	382.7424	261.85678	2975000	0.06131325	668.9027	-8.7172	0.15092015	1.0
596	3226.0327	123.658806	3383.0623	3088.743	1000.0	333.73016	14.738811	370.79044	244.08644	2980000	0.061483596	682.5948	-8.711175	0.13775899	1.0
597	3272.5774	95.63677	3408.3367	3118.8677	1000.0	332.96494	17.89058	376.95697	240.45757	2985000	0.055392493	629.0706	-8.714842	0.12430479	1.0
598	3414.3508	177.2919	3719.105	3192.0266	1000.0	335.63193	16.636255	374.52112	230.43579	2990000	0.086819015	642.8223	-8.713468	0.24887796	1.0
599	3339.5894	59.669918	3444.1382	3271.199	1000.0	347.251	17.068539	387.52145	253.1312	2995000	0.06260692	633.7512	-8.710861	0.13290696	1.0
600	2905.8997	606.06134	3482.9941	1874.1351	864.6	340.01047	17.041174	376.21185	23.279137	3000000	0.054043114	2224.188	-8.717861	0.21158408	1.0
