Epoch	AverageEpRet	StdEpRet	MaxEpRet	MinEpRet	EpLen	AverageVVals	StdVVals	MaxVVals	MinVVals	TotalEnvInteracts	PolicyLoss	ValueLoss	Entropy	AvgKL	StopIter
1	-36.98927	50.86591	38.244377	-116.61904	361.63635	0.3006832	0.57722217	2.5750005	-2.247448	5000	-0.12608935	162.88406	3.0363944	0.009786974	79.0
2	-6.730583	46.648834	53.558018	-135.69495	176.58333	-9.508172	3.1620677	-0.20599389	-27.440044	10000	-0.12632346	99.19649	3.0413785	0.044505067	79.0
3	-3.4268067	26.483913	31.005575	-81.586235	173.73685	-5.2854123	4.7703648	8.837233	-31.526863	15000	-0.14072873	191.63387	3.034168	0.021489441	79.0
4	-11.932884	48.31295	54.46669	-129.01602	253.8	-4.6015906	5.1833105	21.950825	-34.76643	20000	-0.13420676	120.97987	3.037596	0.050736528	79.0
5	7.0665345	25.787445	76.766815	-27.1662	162.26666	0.7106496	11.94558	39.904938	-37.611168	25000	-0.14214131	131.19812	2.9734273	0.04074544	79.0
6	13.1246805	56.018063	86.46103	-133.44852	272.54544	-1.6891664	6.2606244	22.41234	-27.517708	30000	-0.14045185	138.40921	2.9658098	0.049962938	79.0
7	10.611082	33.143353	93.746376	-57.152412	266.72223	0.30866817	8.451672	44.146164	-32.08812	35000	-0.14085703	69.051315	2.932419	0.041442815	79.0
8	39.32786	53.03884	180.87126	-23.174656	255.0	3.8718991	8.834534	33.953247	-25.754257	40000	-0.14344175	100.82378	2.9318092	0.05480888	79.0
9	12.739337	31.024822	87.15447	-23.39137	282.0	4.225469	7.768202	27.460407	-19.86176	45000	-0.13741364	76.892235	2.8810933	0.018720936	79.0
10	16.81821	20.588385	64.77765	-12.9253025	326.9	-0.07750522	6.683257	34.90002	-32.026737	50000	-0.12923843	83.57455	2.850322	0.022361055	79.0
11	23.220335	32.073074	108.71872	-10.170475	201.09091	2.9998949	6.436015	26.325382	-27.701073	55000	-0.13918437	71.27226	2.8351529	0.04115586	79.0
12	31.58374	26.48071	97.87508	-11.816429	181.38889	5.4418826	7.209127	32.687027	-18.40305	60000	-0.14296977	87.02761	2.7935965	0.06668961	79.0
13	31.134043	36.216084	108.93312	-13.424354	196.64285	10.870183	5.6517553	41.47235	-13.930933	65000	-0.14204612	123.22378	2.74782	0.04718857	79.0
14	43.81134	40.775074	132.86888	-4.201845	260.53845	7.703366	8.526289	36.653927	-21.103546	70000	-0.14698012	99.273575	2.7304733	0.0460232	79.0
15	43.91853	68.579956	157.49742	-47.568413	544.3333	9.656414	4.977078	30.699286	-9.522028	75000	-0.14471757	85.98449	2.689875	0.02373497	79.0
16	90.88269	62.44995	170.72061	1.0310974	535.6667	10.028115	6.811581	33.04114	-26.986778	80000	-0.14266784	100.457985	2.659121	0.062303815	79.0
17	45.914566	55.383595	186.54472	-22.025415	249.0625	16.178717	9.925256	49.57146	-16.898085	85000	-0.14531696	146.89542	2.59705	0.03996085	79.0
18	51.820187	53.947746	184.4792	-1.7313592	252.54546	12.749539	8.991854	56.954815	-22.630144	90000	-0.14547655	76.23749	2.5832198	0.043519195	79.0
19	48.271072	57.930984	182.63881	-5.76058	306.0	13.141464	7.2764087	48.00476	-26.406633	95000	-0.13749215	68.996216	2.560871	0.05450103	79.0
20	82.2946	79.39845	254.49869	-6.6154304	313.57144	21.800652	11.35789	62.070347	-14.080475	100000	-0.13925783	123.640976	2.5030289	0.037669778	79.0
21	105.35856	100.02501	283.28586	-0.604594	516.4	18.192995	9.104416	78.22995	-16.711182	105000	-0.13153712	79.71496	2.4889512	0.020360729	79.0
22	91.968124	106.22824	285.6236	-13.56143	298.1	20.955177	12.99293	84.83774	-24.106577	110000	-0.140525	114.30325	2.4095595	0.038042422	79.0
23	49.69955	75.25187	305.0848	-1.8643789	188.28572	22.4681	8.633927	53.231735	-4.819676	115000	-0.1480738	108.32562	2.3404071	0.048776094	79.0
24	130.07474	121.9784	368.9483	7.172584	537.55554	15.574277	8.001346	49.58113	-10.147382	120000	-0.14353997	128.49167	2.3254602	0.053262115	79.0
25	62.25851	48.83469	160.17209	0.3219346	166.42857	21.866924	7.151587	77.54316	-4.664865	125000	-0.14370832	103.78924	2.2742476	0.023864094	79.0
26	115.92074	95.21031	291.9301	5.389722	461.25	19.300081	10.525606	70.30118	-12.963204	130000	-0.14507346	121.895325	2.218775	0.06955346	79.0
27	85.40724	69.239296	236.61845	4.5099635	317.66666	23.051897	8.353454	61.51531	-3.2385101	135000	-0.14216259	85.435486	2.1719222	0.04352673	79.0
28	123.789276	76.53673	236.78781	32.548454	425.625	21.541666	7.094214	62.255478	-10.639831	140000	-0.13875638	102.334404	2.137331	0.04641325	79.0
29	174.46536	97.9203	294.55444	36.204254	510.85715	23.393635	8.239183	65.20119	-13.256832	145000	-0.14107418	99.53336	2.0722523	0.07145747	79.0
30	113.73523	70.925064	262.00897	29.783796	360.875	28.751488	12.251931	71.0706	-4.6918955	150000	-0.14093572	78.9833	2.0328348	0.018301807	79.0
31	158.22884	107.960205	299.98242	0.25939518	545.5714	21.978838	7.3014383	53.796368	-10.430833	155000	-0.1353669	42.30525	2.0350022	0.059872724	79.0
32	149.27843	80.08856	256.75067	35.239197	507.7143	22.406715	10.745079	71.61169	-9.525116	160000	-0.14907172	75.63398	1.9487035	0.05632494	79.0
33	292.758	95.77271	445.58957	158.00487	753.0	27.7067	8.550706	56.740902	-4.4864774	165000	-0.14521593	128.62543	1.9152391	0.071592785	79.0
34	135.56755	95.32307	310.5681	6.171994	381.8889	33.629265	10.487994	68.00439	-10.902286	170000	-0.14175408	127.05614	1.8428012	0.03660685	79.0
35	103.712364	82.25252	274.0429	12.226392	309.83334	30.950962	8.797746	61.428062	-6.1221914	175000	-0.14095114	82.0682	1.8095554	0.02660854	79.0
36	280.3502	111.74745	417.07803	90.09428	683.3333	33.6787	5.8922167	56.3655	2.6258671	180000	-0.14487647	144.78294	1.7460742	0.06163949	79.0
37	185.84824	107.51295	361.56015	-0.3011833	450.4	35.306847	7.7825084	63.218502	2.8270187	185000	-0.14504868	98.66489	1.6976246	0.031010827	79.0
38	185.14815	121.89863	374.72943	23.210657	415.6	29.799068	7.3580766	53.69343	-7.3867435	190000	-0.14427912	121.683174	1.664347	0.059292212	79.0
39	197.84819	144.32649	432.37402	-3.3547695	460.6	37.311295	8.074086	68.16576	11.312917	195000	-0.14694025	145.43954	1.597324	0.05054132	79.0
40	352.6976	83.02493	503.513	276.8085	928.2	37.11495	8.938889	66.64646	5.4734664	200000	-0.14769322	92.9505	1.5589643	0.047016766	79.0
41	145.45868	110.47854	321.16388	-1.99045	334.1111	40.835194	8.378443	66.1429	-0.44523412	205000	-0.14297694	171.02396	1.4685556	0.028998444	79.0
42	259.3918	125.10539	483.0608	59.411716	544.8571	36.235836	9.295157	69.78273	-3.5916424	210000	-0.1458923	142.91034	1.4246123	0.042129166	79.0
43	193.60452	154.84143	523.7477	23.349417	413.0	41.426105	8.741596	83.26576	9.535148	215000	-0.14101468	149.96991	1.3526927	0.03757225	79.0
44	243.17667	137.42256	459.31213	57.71015	517.875	40.51146	10.326418	78.68267	-4.204638	220000	-0.14194141	139.50923	1.2755026	0.041850336	79.0
45	96.49091	55.2712	197.35187	14.4003105	163.18182	41.894245	8.976715	78.09478	9.550555	225000	-0.14137341	139.14462	1.1848288	0.014981497	79.0
46	289.51047	193.46754	635.496	26.081673	588.2857	40.81022	7.0156302	68.52331	6.503437	230000	-0.13810565	169.21266	1.1490649	0.033748448	79.0
47	291.3377	183.8782	541.1119	49.704365	574.7143	43.35757	10.03818	85.06276	-13.093625	235000	-0.13952225	104.378876	1.1082703	0.051844746	79.0
48	440.51416	122.412	618.98505	260.5708	803.6	48.710754	9.849037	84.21822	16.12544	240000	-0.14369337	96.195274	1.040026	0.051122125	79.0
49	329.03317	156.75017	578.8684	159.52968	593.125	52.024643	10.62451	83.75147	18.902353	245000	-0.13827918	134.23628	0.9667084	0.04514541	79.0
50	332.51834	242.59314	636.9125	74.53433	578.0	49.24309	10.083973	88.91581	-14.179201	250000	-0.13944878	144.8611	0.9193095	0.04822741	79.0
51	574.062	116.20937	678.44965	378.24887	924.0	51.859455	10.774916	90.423904	6.836822	255000	-0.14649467	123.03715	0.8801381	0.06117433	79.0
52	294.60358	237.95158	739.6248	5.8928123	520.25	57.769012	13.046066	87.653824	9.790694	260000	-0.1320203	173.15103	0.80577266	0.020678297	79.0
53	251.24872	186.54971	535.53625	12.810323	409.375	53.670425	14.095962	91.58905	-69.221565	265000	-0.13374971	110.02235	0.73896825	0.024158474	79.0
54	541.294	210.03984	783.0526	210.0196	860.6	53.017654	14.015945	90.46728	-0.81744236	270000	-0.14087296	97.24401	0.70514685	0.055144142	79.0
55	325.09204	249.3352	682.19684	24.905045	481.2	65.47815	11.000859	103.60706	23.664028	275000	-0.13710225	244.41638	0.598225	0.019773923	79.0
56	288.9411	164.8452	530.9185	85.077675	470.85715	55.253723	12.30055	92.87767	2.4643784	280000	-0.14048538	201.10901	0.5549959	0.04729737	79.0
57	467.9842	146.31906	629.79755	195.56725	781.8	58.62776	9.171925	109.90624	7.452732	285000	-0.11300676	153.22685	0.5358177	0.075909875	17.0
58	368.2154	300.13266	725.8708	2.349648	590.8	59.202026	12.600666	106.589966	9.090932	290000	-0.13624738	147.13895	0.46077135	0.05330306	79.0
59	510.95734	178.90314	676.94806	169.82213	727.2	64.03591	10.18994	112.715385	-10.846481	295000	-0.1428806	191.55661	0.369104	0.05023256	79.0
60	434.72742	238.19398	784.65295	54.530083	693.6667	56.567642	14.173785	93.01909	10.2241535	300000	-0.14140895	193.32092	0.33605808	0.04078863	79.0
61	376.192	175.03282	558.20215	68.28136	657.8333	58.286755	13.128593	100.75511	-49.5765	305000	-0.14147979	197.886	0.26247296	0.041538775	79.0
62	311.06335	250.5153	627.9908	15.636563	460.66666	62.030926	12.209709	108.02968	0.38771608	310000	-0.1367795	155.6959	0.19058768	0.034187578	79.0
63	400.85715	224.94223	647.35657	17.72254	603.0	57.145336	12.966272	98.88249	-1.461818	315000	-0.13366953	147.59383	0.14725694	0.034397732	79.0
64	540.4579	135.52924	700.7752	303.20227	768.0	58.96005	11.71186	101.83765	2.202729	320000	-0.07302463	151.03032	0.11224088	0.07583432	9.0
65	481.9349	204.30667	707.29724	48.923923	736.0	63.6017	12.838101	103.54092	0.71800625	325000	-0.10019468	91.36921	0.1108521	0.07655501	17.0
66	479.04175	302.786	882.6729	144.6277	601.4	67.31601	11.342434	105.02583	13.008478	330000	-0.1409348	205.9661	0.041446947	0.052242287	79.0
67	402.45947	256.52573	668.1508	24.632019	657.8	61.948524	18.641937	110.34839	-23.422148	335000	-0.1438426	126.40195	-0.0032768003	0.04604855	79.0
68	565.07916	342.6419	869.1768	47.689606	700.8333	71.6951	11.382883	107.15901	17.367353	340000	-0.13948342	151.37762	-0.08486295	0.04906645	79.0
69	334.5127	233.56662	614.87573	21.74572	480.33334	68.99445	15.029258	110.647255	13.390113	345000	-0.1255934	182.5165	-0.11818353	0.022433294	79.0
70	259.56912	174.75137	526.98975	46.604404	449.42856	58.549538	13.317905	96.437584	-20.87761	350000	-0.12387148	151.07547	-0.17367679	0.020050177	79.0
71	441.79135	200.13734	688.3896	123.786995	618.7143	61.269062	14.151855	109.26739	-12.176511	355000	-0.09108163	188.58728	-0.24668942	0.07639366	13.0
72	484.77054	317.29373	903.7024	43.189007	558.8571	70.70884	12.360053	107.27803	-12.17396	360000	-0.13825141	287.91687	-0.30809447	0.047807455	79.0
73	219.29765	194.88237	558.3727	23.361076	269.22223	73.70606	10.994977	128.19614	-4.4486027	365000	-0.13098122	368.68143	-0.36912307	0.018050257	79.0
74	530.73444	333.39206	911.3037	25.619907	664.8571	68.22558	10.101034	107.70049	17.86995	370000	-0.08198323	257.65646	-0.3629572	0.075535074	10.0
75	488.16064	194.68088	699.66284	169.76007	580.8333	78.35471	11.847253	118.390656	-11.244577	375000	-0.13512217	320.6549	-0.44025156	0.03409	79.0
76	351.5569	274.6389	799.06665	19.284061	427.42856	66.8326	12.030687	105.2878	-88.5158	380000	-0.08847365	215.4922	-0.42185333	0.07570241	12.0
77	572.74176	260.7727	804.2547	47.60604	819.3333	64.3697	15.527879	104.36228	-3.817779	385000	-0.13534118	200.9911	-0.46454912	0.051852014	79.0
78	368.1049	166.62186	594.0067	147.99704	537.7143	66.824776	16.514687	118.92786	-8.75438	390000	-0.12807913	235.57555	-0.5328407	0.02119694	79.0
79	348.32498	216.75024	693.34503	42.857433	498.16666	60.964874	14.26523	113.39414	-23.109806	395000	-0.1037842	197.21484	-0.5418084	0.075474694	21.0
80	527.4139	276.97745	872.8037	131.05537	640.5714	68.44662	14.227605	120.228355	-30.651888	400000	-0.13618058	251.186	-0.6444243	0.056234267	79.0
81	374.8894	311.28735	812.4789	17.628195	546.3333	65.226585	18.086342	127.20673	-2.4931269	405000	-0.12618893	107.6697	-0.68000007	0.034184836	79.0
82	502.63785	213.62453	919.9693	218.16862	636.1429	68.157	16.205408	106.77311	-1.421478	410000	-0.12520476	289.43005	-0.75452644	0.042219453	79.0
83	443.0702	339.68762	906.167	62.351265	591.6667	71.49096	17.361452	128.28748	-3.7962275	415000	-0.13365161	157.39699	-0.8246394	0.032475457	79.0
84	556.34143	194.10052	762.3344	278.99448	700.4	73.69045	17.17847	111.39334	5.733959	420000	-0.13354644	247.43214	-0.8615258	0.056993738	79.0
85	430.84326	253.29932	925.12274	200.8336	524.0	77.57126	16.809156	132.40012	-35.53564	425000	-0.12355028	315.55338	-0.9287873	0.029239856	79.0
86	495.21216	283.17694	922.24524	12.897664	659.3333	67.4273	17.35031	129.36363	-27.376436	430000	-0.12598589	176.6285	-0.95068026	0.05737144	79.0
87	602.2783	323.33536	979.5938	132.46385	653.3333	82.07574	17.12419	127.025276	1.598931	435000	-0.09355906	235.37648	-0.98980427	0.07541703	14.0
88	283.60577	201.53456	538.7206	13.613557	310.5	87.69497	15.2496605	129.45557	33.379997	440000	-0.12675197	401.52234	-1.0604515	-0.0033216781	79.0
89	375.09747	324.68262	900.0384	25.01552	421.1111	77.93131	14.197446	118.019325	-17.121881	445000	-0.13595928	444.73715	-1.1345223	0.027883712	79.0
90	416.36676	334.11356	1086.5121	6.7955594	424.375	80.01938	14.208846	127.04516	15.980616	450000	-0.13199216	490.5331	-1.1963055	0.02629476	79.0
91	713.5277	315.03165	963.72186	102.13711	773.2	87.521286	15.972467	140.87521	-20.674797	455000	-0.060168676	202.58842	-1.1780941	0.08163278	8.0
92	273.61298	192.36124	568.89825	21.342905	258.0909	88.22776	16.765753	133.1586	9.400905	460000	0.024363624	453.656	-1.2239668	0.084996976	1.0
93	679.169	352.44815	1034.7354	182.63445	707.1667	82.82434	10.70843	120.69015	6.6014757	465000	0.046957567	336.42044	-1.2243717	0.0919827	1.0
94	507.57352	298.85303	945.3112	47.01153	543.2857	89.2737	15.686203	137.70699	-115.33034	470000	0.057089403	388.36426	-1.2120667	0.14137238	1.0
95	554.4657	285.76212	887.57275	60.0251	632.8	79.931274	16.880636	122.47936	-53.236763	475000	-0.007913473	178.29108	-1.1939868	0.09378729	4.0
96	379.19797	331.7658	884.03253	17.026802	466.0	72.79665	17.789553	121.71149	-40.79625	480000	-0.07832588	256.67245	-1.2099684	0.07669323	13.0
97	464.94925	295.29684	842.6197	48.82835	495.75	80.43917	13.653928	117.86415	-13.786285	485000	-0.12912025	370.63345	-1.3122345	0.027935382	79.0
98	625.54114	304.6206	978.6339	226.62419	634.0	81.30514	14.51907	122.53765	4.287313	490000	-0.12765355	265.93234	-1.3454176	0.05003812	79.0
99	843.7705	185.84837	1014.81665	494.24368	836.4	92.07242	9.302107	129.01453	34.66561	495000	-0.13188839	215.5722	-1.409779	0.05366259	79.0
100	926.7777	237.13704	1207.9967	580.8336	913.0	93.319786	12.014437	136.67783	37.354362	500000	-0.098385476	265.8139	-1.4284595	0.075315356	14.0
101	598.8398	363.24255	1152.8063	23.176527	636.0	96.59296	17.627972	148.75368	-49.406586	505000	-0.12151677	240.27893	-1.498823	0.051994704	79.0
102	507.49863	349.58377	1036.5547	64.08478	538.8333	103.611855	10.004879	142.11758	-49.43434	510000	-0.12852344	408.12515	-1.5893451	0.02991261	79.0
103	730.8369	374.47397	1142.569	40.13743	819.3333	82.471016	22.24115	146.67981	-6.6398773	515000	-0.089761145	187.83972	-1.5587626	0.0779484	13.0
104	641.6397	302.333	1126.8649	115.951614	602.5	97.332016	18.640133	154.5732	-89.34825	520000	-0.122466944	368.7192	-1.649875	0.03459333	79.0
105	435.6698	403.14365	1162.3966	36.211563	414.77777	101.26489	16.208338	165.8207	22.803226	525000	-0.12537496	546.7726	-1.7387924	-0.0076358705	79.0
106	917.08997	254.80753	1195.5742	577.21295	905.0	91.79931	17.144554	144.56587	2.9798956	530000	-0.08974134	206.31775	-1.7360188	0.07512981	11.0
107	389.01926	384.01462	1078.915	5.7344875	351.66666	103.26639	18.573044	153.31137	3.907297	535000	-0.11733393	444.8258	-1.8433342	-0.010522479	79.0
108	609.0142	511.0185	1210.0573	1.4865258	520.2857	96.4118	11.326539	151.0155	-8.930404	540000	-0.12746587	409.727	-1.8773968	0.04831281	79.0
109	557.6915	347.84235	1057.1002	138.17819	602.0	91.18585	22.17686	145.97665	-2.1755278	545000	-0.113287345	325.88434	-1.9228547	0.01725398	79.0
110	669.66956	330.9142	1177.708	195.24628	602.8571	102.55243	10.572217	165.49335	10.864491	550000	-0.07150078	449.24304	-1.9651974	0.0801522	11.0
111	373.5192	367.3923	1012.58307	8.376716	376.375	91.30827	17.487387	138.4335	-20.083893	555000	-0.05709749	394.80066	-1.952834	0.07939085	8.0
112	525.1024	410.2816	1197.3861	91.07655	522.5714	88.14095	19.725168	146.53487	-86.21171	560000	-0.119850926	312.09027	-2.0060937	0.037405144	79.0
113	724.0075	393.87152	1225.0068	138.30885	609.1667	103.99007	14.226926	157.39677	-36.40375	565000	-0.13327797	375.07455	-2.090561	0.064745724	79.0
114	880.87177	399.2109	1262.1282	129.51053	805.4	105.42749	17.35428	151.21696	-31.591076	570000	-0.12096675	312.91644	-2.1152902	0.026785083	79.0
115	693.64703	386.4668	1220.7802	258.11716	602.8333	113.347	9.956572	161.71231	-19.250097	575000	-0.12285127	526.5571	-2.2253969	0.019268844	79.0
116	609.104	466.04633	1202.4012	64.26748	528.3333	105.45506	12.194317	144.35147	-128.55225	580000	-0.0450655	411.6109	-2.2391036	0.07808457	6.0
117	525.24786	450.53757	1312.7776	6.920222	454.0	111.47065	12.300855	146.85155	-77.68747	585000	-0.122282766	551.4479	-2.3005028	0.030527072	79.0
118	935.16595	326.4493	1270.1849	329.86496	804.8333	107.164734	15.582262	154.93022	-178.33522	590000	-0.07028193	305.8521	-2.2815428	0.07685012	9.0
119	680.44434	378.85034	1150.302	211.3788	632.5	103.38522	22.732704	151.18468	-23.340746	595000	-0.053427678	429.2036	-2.2757952	0.08246658	8.0
120	400.3621	305.08093	868.68616	56.101177	364.42856	96.09349	23.691053	146.09653	-8.363271	600000	-0.119556054	482.0861	-2.3671849	0.0034767257	79.0
121	603.75476	287.3932	1171.615	308.41592	597.0	94.500725	19.746744	163.9004	-161.25525	605000	-0.12660238	411.05975	-2.4378848	0.05317584	79.0
122	1107.902	192.51466	1262.3291	728.61707	1000.0	98.98849	22.046322	147.95477	-8.468644	610000	-0.07977141	140.16145	-2.4342961	0.07512886	10.0
123	487.00958	267.3749	895.1709	125.20197	481.2	101.77899	25.301825	152.13339	7.374474	615000	-0.1106154	455.17404	-2.4927597	0.0014703524	79.0
124	1070.0652	291.6293	1354.1938	688.57806	1000.0	95.71037	25.34097	145.0601	32.48689	620000	-0.10020226	108.011566	-2.50552	0.08582748	13.0
125	726.26874	127.74424	981.269	561.91833	831.1667	90.57621	31.224483	161.29715	50.21767	625000	-0.10858351	199.29105	-2.5934367	-0.012856998	79.0
126	784.5059	461.70358	1317.1339	214.31398	628.0	101.11305	10.457516	132.19902	-3.1584845	630000	-0.028097687	364.5627	-2.6529906	0.09092934	5.0
127	926.0995	215.92062	1207.9529	642.9373	830.0	108.38775	20.250854	152.36478	-48.71133	635000	0.026048657	304.58554	-2.6312335	0.08561929	1.0
128	501.14185	306.63925	974.12085	88.603325	509.33334	90.427795	22.775103	141.2244	19.180319	640000	-0.031205358	358.04953	-2.6193516	0.088842764	5.0
129	766.742	437.5008	1327.4122	320.985	604.8571	101.41146	17.81725	162.34088	9.187432	645000	-0.061254755	511.1189	-2.651925	0.07673926	9.0
130	798.53625	329.86786	1180.2783	234.00172	816.2	99.329666	25.291481	166.0257	-16.362017	650000	-0.118686475	257.23557	-2.7187545	0.041778777	79.0
131	1041.7246	265.0975	1343.157	668.7457	869.6	104.88377	20.560041	148.66933	-15.690067	655000	-0.12177814	444.35846	-2.7716825	0.049731202	79.0
132	846.433	419.25787	1378.9585	232.28236	710.6	111.274086	25.540045	154.8556	33.447342	660000	-0.10930817	315.607	-2.8150773	0.07640835	24.0
133	481.39612	246.76193	762.2582	89.64051	416.875	111.4569	24.953062	159.6493	-21.21818	665000	-0.11547905	668.1484	-2.9003062	-0.021685665	79.0
134	593.5283	477.40695	1372.6078	17.961245	459.875	104.11406	19.219748	162.88974	-22.66554	670000	-0.11885344	616.9408	-2.9865823	0.017034644	79.0
135	923.2887	507.18225	1344.6101	143.59666	696.8	117.65165	12.723544	174.23218	-27.841887	675000	0.004850777	382.81775	-2.9977422	0.09826057	3.0
136	657.63043	464.21024	1394.4553	71.65852	510.7143	124.88649	16.173807	174.34831	-63.670563	680000	0.05239685	704.1774	-2.9985852	0.16548993	1.0
137	702.2225	500.96686	1364.5267	66.0928	602.0	110.612274	25.230352	193.19452	-22.931358	685000	-0.02055759	445.07605	-2.9966164	0.08021484	4.0
138	908.38245	431.64294	1445.9645	209.37863	754.6	116.883514	25.296778	170.72139	21.8714	690000	-0.076734826	373.5252	-3.001298	0.07708056	12.0
139	1029.2891	367.1145	1281.7673	313.67532	847.8	118.88342	21.605984	155.439	-72.0974	695000	-0.09515369	219.16408	-3.0184555	0.07620349	15.0
140	1148.0271	109.48568	1294.8041	967.2247	989.8	110.87375	22.177023	158.52406	26.113735	700000	-0.077734604	250.7673	-3.0248485	0.077219486	12.0
141	952.8265	439.8924	1348.1094	70.48047	786.0	116.014084	18.389015	168.62248	40.293545	705000	-0.11582522	408.35764	-3.119549	0.039848287	79.0
142	931.4756	518.5725	1457.5261	34.774883	768.2	112.75025	21.616055	164.17068	-23.837738	710000	-0.11971373	282.36255	-3.1537395	0.058558576	79.0
143	987.9655	414.4247	1336.2522	263.06876	776.1667	128.46902	17.502462	166.42282	-6.0607624	715000	-0.12165105	408.78845	-3.2305532	0.039933812	79.0
144	992.23505	174.24518	1270.9526	782.4289	749.6	124.58177	8.2560005	174.54758	52.08256	720000	-0.05589964	494.1773	-3.235646	0.07508275	8.0
145	999.6213	197.51434	1326.0485	790.88116	873.8	108.70565	25.148375	158.2484	-4.3760877	725000	-0.055755235	331.7543	-3.2199724	0.07569195	8.0
146	763.7599	374.32748	1169.6011	76.58011	782.0	93.38995	28.046938	153.64497	-43.416042	730000	-0.104615636	199.52577	-3.2493196	0.008878273	79.0
147	1101.8225	248.20667	1350.4016	773.0142	1000.0	100.54989	26.123323	172.39421	39.1547	735000	-0.08062837	73.56329	-3.2567425	0.075662985	10.0
148	1058.6716	319.9355	1302.3508	486.86035	814.2	129.86313	7.935211	166.68605	33.600857	740000	-0.08685149	460.9125	-3.315648	0.077710874	16.0
149	818.5428	527.76886	1381.6128	76.61655	642.4286	129.6337	13.432555	172.44586	27.24731	745000	-0.11391677	552.5071	-3.4061809	0.0036885585	79.0
150	782.8914	415.18024	1357.4478	75.30031	698.2857	104.57617	30.691113	152.5146	-16.9128	750000	-0.11534949	328.2814	-3.4493716	0.0437612	79.0
151	912.20905	362.86334	1446.3795	465.62497	727.5	111.72333	21.489117	166.98378	3.0258996	755000	-0.0039966092	501.447	-3.4730792	0.08319647	3.0
152	1159.0519	245.69344	1371.6699	759.193	927.4	116.2923	26.472622	172.317	-73.46892	760000	-0.020459393	319.71896	-3.4604821	0.07934963	4.0
153	1265.032	230.4321	1432.6066	808.3783	996.0	120.1274	23.529238	159.10234	47.36524	765000	-0.07273901	221.35178	-3.4651985	0.07515963	11.0
154	752.1557	524.66223	1487.7667	55.52795	548.375	133.06206	10.186347	157.93558	-39.510326	770000	-0.11023052	648.91864	-3.5624125	-0.0023171634	79.0
155	1417.8304	59.39296	1488.2538	1316.4343	1000.0	129.45454	8.975456	178.32352	58.098793	775000	-0.05796532	169.49635	-3.5702	0.08214132	8.0
156	983.08496	366.88293	1409.6642	442.24393	766.6	140.12215	13.216698	168.47394	23.07513	780000	-0.12079219	484.8714	-3.6478634	0.026728565	79.0
157	663.937	565.1391	1338.3425	93.22826	505.33334	130.5825	11.24042	178.49731	68.11925	785000	-0.12111505	625.6224	-3.706748	0.023350412	79.0
158	1087.6267	371.7419	1481.3933	434.9454	854.8	110.64814	39.76384	190.89703	-22.81108	790000	-0.11824651	455.8882	-3.7614028	0.011529002	79.0
159	918.8127	474.92365	1493.3325	221.28305	730.0	120.47406	26.526417	171.0024	-21.283075	795000	-0.12528765	393.6793	-3.817096	0.05894198	79.0
160	670.20264	453.95892	1338.5009	90.256615	496.83334	135.95645	11.616139	222.75227	-53.257614	800000	-0.11223415	708.4496	-3.867778	0.0040715393	79.0
161	1270.8274	158.89252	1437.7418	994.47723	939.6	121.02426	23.987625	191.09108	12.569321	805000	-0.015073935	246.73802	-3.8690867	0.08370862	3.0
162	1257.56	300.9944	1526.9366	739.1847	902.8	132.89491	22.497358	179.76434	-38.13701	810000	-0.0059514255	276.504	-3.8676684	0.09003753	3.0
163	1023.47736	602.2862	1542.0641	120.25569	717.8333	141.74886	11.152383	185.95044	64.782715	815000	0.03891831	441.7251	-3.8783813	0.12900573	1.0
164	1250.1699	195.46045	1484.4164	930.3492	931.0	137.39485	20.235567	182.59077	49.859695	820000	-0.015438446	269.3213	-3.8658187	0.077884234	3.0
165	1031.163	451.41437	1412.5906	279.4649	840.6	123.19937	27.172338	172.62526	32.793343	825000	-0.01500063	233.06732	-3.8709164	0.083224155	4.0
166	1182.974	494.0402	1487.0753	198.4148	830.8	138.47017	9.055938	174.07867	57.097813	830000	-0.06447081	229.21935	-3.8741753	0.08756801	11.0
167	1151.5964	210.9827	1382.591	801.0559	942.2	128.99489	30.033052	176.82895	19.627026	835000	-0.12130012	273.46997	-3.946295	0.028287133	79.0
168	1025.7874	471.12277	1451.0349	232.14932	748.4	130.62561	10.93389	176.8253	54.698242	840000	-0.06457438	340.42804	-3.96881	0.076139756	9.0
169	1294.723	268.04462	1497.4257	772.9312	908.6	132.54218	10.620648	166.27988	63.69019	845000	-0.06275074	344.74344	-3.9909055	0.07518126	8.0
170	1190.7952	525.6485	1543.1233	146.23128	825.0	141.35934	8.730398	191.24419	65.1627	850000	-0.064054035	297.18475	-4.005882	0.077913076	9.0
171	983.10956	451.0781	1451.9862	259.39896	691.4	143.01268	9.537242	189.3425	-80.86359	855000	-0.1077721	603.37915	-4.078614	0.021690262	79.0
172	1483.3083	43.95504	1549.885	1440.5411	1000.0	134.71288	8.394738	179.92691	49.774914	860000	-0.04287218	126.25275	-4.072166	0.07751531	5.0
173	1527.7122	35.370037	1565.2977	1465.6547	1000.0	148.42584	6.8497295	174.3699	93.62293	865000	-0.048640084	118.50826	-4.076149	0.07857772	6.0
174	1075.4043	427.5246	1485.6492	439.53778	765.0	152.05627	12.829796	185.84456	69.53809	870000	-0.025281275	476.1274	-4.079042	0.07969796	5.0
175	917.7996	537.8182	1573.602	113.27053	712.0	121.81573	31.6642	171.0661	39.182552	875000	-0.04595302	432.9601	-4.062475	0.07944845	7.0
176	1000.533	636.32355	1556.4055	68.92131	672.4	134.55267	24.481373	185.90565	-32.968952	880000	-0.11970183	498.4737	-4.1364713	0.044274516	79.0
177	1350.1678	292.66318	1535.1875	770.03754	1000.0	133.76526	31.922995	184.38962	37.03507	885000	-0.071770296	130.71725	-4.1321826	0.0779739	9.0
178	1124.026	282.05524	1566.4485	738.95044	766.2	146.22528	14.9602	188.89072	51.494663	890000	-0.11670642	521.8217	-4.233793	0.023755923	79.0
179	1234.7888	537.0472	1556.9401	162.23997	824.4	142.92517	9.328507	188.10956	53.488182	895000	-0.075889006	368.32587	-4.2321796	0.07539094	11.0
180	1396.8098	197.77747	1636.19	1127.7029	919.4	149.70613	16.179712	208.6493	-9.561466	900000	-0.11771865	554.7221	-4.2707853	0.021441562	79.0
181	1405.3531	217.16393	1558.6909	977.26056	989.6	138.46735	29.619104	188.66281	-55.514286	905000	-0.052576233	269.71555	-4.280024	0.07713453	7.0
182	1117.8154	417.20508	1512.7062	321.54495	746.6667	149.78258	8.782889	193.20418	55.750614	910000	-0.045484025	491.8315	-4.2859063	0.07763207	8.0
183	1403.9679	358.6047	1648.0051	693.91974	881.8	142.4309	12.034297	183.83446	-180.51532	915000	0.019042226	293.13953	-4.297295	0.075973116	1.0
184	1301.5985	376.99048	1591.8931	558.6421	875.4	150.59317	14.607755	200.62376	-65.117836	920000	0.02564937	329.58334	-4.281389	0.0900394	1.0
185	949.98706	398.77902	1500.5817	379.1779	733.3333	128.46953	30.837543	173.87782	-81.56576	925000	-0.008714269	651.2964	-4.2837024	0.07843708	3.0
186	1202.2859	385.44766	1591.3169	731.5091	778.0	138.69443	11.147179	166.40303	32.571426	930000	-0.046078358	417.81577	-4.3025756	0.07717656	6.0
187	1349.1523	457.59518	1616.9255	435.09662	857.0	150.0799	9.726944	182.10823	49.12157	935000	-0.062537596	512.6688	-4.300627	0.08110957	10.0
188	1394.0461	308.45816	1603.0388	782.7429	893.8	153.58348	9.357794	198.70558	56.704903	940000	-0.07520975	278.70694	-4.311906	0.07523523	13.0
189	1132.8518	544.05054	1612.3046	231.19617	832.4	140.9003	31.14443	183.58998	-3.990354	945000	-0.09227154	339.6483	-4.3221507	0.07590625	18.0
190	896.417	662.1145	1638.0962	48.437767	630.0	143.01807	31.735071	179.01312	-4.7698374	950000	-0.11367129	416.38202	-4.3952775	0.02340518	79.0
191	932.4248	522.66736	1614.7147	87.29196	682.5714	133.36888	36.54414	199.90605	-173.74475	955000	-0.10707725	710.62964	-4.481146	-0.00163176	79.0
192	992.3727	754.101	1654.0948	44.544514	622.2	143.47302	13.901516	204.46663	-28.98159	960000	-0.12329132	342.1118	-4.518973	0.056187	79.0
193	1570.9082	82.10908	1702.0962	1447.1251	1000.0	155.6273	12.0792465	214.59201	69.38344	965000	0.0055566225	141.4053	-4.506811	0.097208485	3.0
194	1426.5911	113.9272	1565.7688	1275.0084	958.6	154.02838	22.32092	192.13397	59.793964	970000	0.033084914	327.44656	-4.510861	0.12354216	1.0
195	1195.0635	426.07855	1733.8278	787.9624	905.0	123.66508	35.915043	175.08307	54.838642	975000	-0.044748332	383.33044	-4.511385	0.07915461	8.0
196	1386.1415	471.0843	1680.2983	446.05923	868.0	155.13443	12.379938	216.12549	85.93509	980000	-0.08613973	371.6033	-4.5472045	0.07581069	14.0
197	1112.741	617.6116	1734.1448	10.349031	780.1667	140.2262	35.281883	197.8206	-45.786575	985000	-0.06816946	388.8687	-4.5559244	0.07685326	11.0
198	1101.0509	606.7471	1691.8785	208.47102	691.3333	148.63615	30.486996	196.3762	-30.276054	990000	-0.11400694	685.8799	-4.623759	0.0030055747	79.0
199	1137.4619	605.4726	1643.7626	48.334633	801.2	137.25885	31.345718	201.8974	-9.821972	995000	-0.12167037	437.6742	-4.7197924	0.047289323	79.0
200	1529.2914	247.12451	1709.1624	1053.2166	929.2	157.1163	12.549332	187.47151	51.990974	1000000	-0.12768295	369.9649	-4.71834	0.05135987	79.0
201	1476.0778	160.93134	1663.7449	1202.8116	979.4	153.88962	26.23607	193.43002	2.0276675	1005000	-0.08057738	391.1354	-4.7201533	0.076307096	12.0
202	1440.4646	343.23007	1754.3269	772.08405	1000.0	142.22897	35.012707	188.38045	4.365705	1010000	-0.11163827	394.65744	-4.780067	0.03337751	79.0
203	1630.6344	38.55528	1670.925	1560.699	1000.0	157.57187	9.921744	192.14299	77.790634	1015000	-0.0011617013	109.38091	-4.789218	0.094525	3.0
204	1446.01	297.7457	1611.0449	850.8126	1000.0	151.09203	33.56552	193.65051	61.511066	1020000	0.044009738	173.95	-4.789203	0.10215241	1.0
205	1289.247	466.35123	1728.3778	473.71487	788.4	162.68805	9.911543	187.76376	83.36725	1025000	0.04928078	541.6423	-4.8087087	0.120686986	1.0
206	1527.9092	223.68376	1701.1777	1088.858	1000.0	152.99692	29.750473	192.40555	30.492666	1030000	0.055187978	184.01616	-4.7892585	0.12032112	1.0
207	1316.2063	366.90442	1627.5768	725.14087	925.4	146.27133	36.887592	200.22472	39.328465	1035000	0.04395844	239.744	-4.8015842	0.12081742	1.0
208	959.5262	493.27765	1620.5687	271.75146	693.2	140.30725	35.034935	181.92192	-12.514811	1040000	0.0026285115	449.2598	-4.8034344	0.09581486	3.0
209	1453.7332	284.2766	1653.798	894.00635	1000.0	139.03983	29.53266	185.80464	4.4396996	1045000	-0.012769468	151.31274	-4.798942	0.087774955	4.0
210	958.21484	557.0324	1513.1089	120.28314	625.4	150.37224	25.690176	193.27086	63.882713	1050000	0.027025716	589.83606	-4.803711	0.07619757	1.0
211	1006.6969	773.3924	1773.6101	36.186428	597.0	145.42882	10.949069	185.82367	33.72316	1055000	0.023979345	556.8633	-4.8152156	0.08088674	1.0
212	1137.7834	429.45822	1605.8237	472.11517	849.2	135.63718	40.96127	189.01634	-24.661226	1060000	-0.033683196	301.5634	-4.789478	0.08505058	7.0
213	1135.345	627.47144	1684.9005	74.706696	805.8	138.68263	35.331512	189.10411	-39.600708	1065000	-0.044112485	472.39835	-4.806441	0.081058286	7.0
214	1627.6315	55.096844	1699.3765	1549.4459	1000.0	160.67305	9.637535	240.25156	79.018875	1070000	-0.05571638	165.8967	-4.807645	0.083779834	7.0
215	1614.8391	69.43848	1658.5942	1477.5332	1000.0	164.10118	7.938907	200.6743	69.17932	1075000	-0.021770587	134.99335	-4.8054476	0.077374324	4.0
216	1647.8235	29.378534	1684.9933	1595.2568	1000.0	164.58646	7.3937764	197.0268	112.38462	1080000	-0.04042671	130.06192	-4.810075	0.08053887	5.0
217	1160.1305	502.9375	1682.1406	447.2062	792.3333	151.73955	32.41445	221.0238	48.88205	1085000	-0.10001915	606.382	-4.891718	-0.01895362	79.0
218	1626.3926	52.771152	1667.798	1529.3531	979.2	158.65405	10.965628	199.68378	77.898346	1090000	-0.1302636	279.67056	-4.923964	0.053891145	79.0
219	1622.2341	46.23959	1677.3362	1551.3024	980.4	163.36545	9.081034	186.51804	46.917618	1095000	-0.119928665	257.2148	-4.9490623	0.055414025	79.0
220	1696.4082	36.914707	1748.5728	1636.5945	1000.0	164.32463	7.2901945	191.63034	85.62783	1100000	0.0015434487	120.91295	-4.951471	0.07761685	3.0
221	1629.4926	179.23763	1777.9542	1278.3347	961.2	170.7245	7.992795	201.3152	100.47911	1105000	-0.03206064	423.1301	-4.9659166	0.07650598	6.0
222	1205.4375	367.06766	1703.5409	755.5702	822.0	155.01714	36.413033	202.92195	45.09629	1110000	-0.10980669	575.2378	-5.030933	-0.00861344	79.0
223	1137.7893	607.66595	1810.4136	85.95542	813.4	134.60709	36.750072	187.6885	-27.999828	1115000	-0.11741401	317.3465	-5.09183	0.056140624	79.0
224	1611.2777	101.96673	1719.2574	1421.8757	976.4	165.99686	10.849055	190.79189	7.8132706	1120000	-0.13017389	283.30585	-5.12741	0.046977457	79.0
225	1531.9404	207.56674	1781.0862	1258.9878	1000.0	147.88419	34.535225	191.46051	24.672659	1125000	-0.12594593	258.99057	-5.209703	0.047653843	79.0
226	1476.9512	307.0421	1781.227	1044.9152	923.0	158.86336	29.882318	197.02838	18.709099	1130000	-0.1126252	414.4585	-5.2729673	0.03050796	79.0
227	1520.0256	232.40047	1713.4956	1144.7693	964.0	159.46928	30.231762	204.30226	39.98227	1135000	-0.11619006	380.67578	-5.3610992	0.028543262	79.0
228	1399.0547	536.0978	1874.6865	426.90695	853.0	146.81184	37.32544	195.97691	27.622953	1140000	-0.05932799	390.24335	-5.3583374	0.08087284	8.0
229	1486.8472	673.7665	1950.7267	149.89899	820.8	171.29877	11.456886	202.76465	-22.481571	1145000	-0.0043788296	454.8701	-5.371872	0.08732515	3.0
230	1271.7297	634.72217	1781.6307	69.93727	755.6	174.33833	15.101719	216.79094	-103.12776	1150000	0.033656053	635.8904	-5.36974	0.11281641	1.0
231	970.6131	712.7321	1708.1431	98.032036	577.6	149.94875	30.71192	212.88614	-95.7515	1155000	-0.008169156	602.2533	-5.3655734	0.086035	3.0
232	1548.3655	398.15445	1778.047	754.13715	1000.0	143.01843	39.069744	195.08356	35.069782	1160000	-0.012474027	184.38983	-5.360218	0.07847662	4.0
233	1080.4835	468.29987	1691.2416	394.15356	725.6	154.2875	43.680786	210.27242	18.98206	1165000	-0.014013159	740.29346	-5.360093	0.0759396	3.0
234	945.5701	595.0675	1620.9608	12.362012	665.0	135.69075	39.918713	201.66159	31.268446	1170000	-0.02385706	654.58746	-5.354101	0.08517172	5.0
235	1170.9531	639.0603	1822.1279	147.61555	699.2857	153.3429	26.231794	195.64397	-34.711613	1175000	-0.060459547	873.1419	-5.3617578	0.07507762	10.0
236	1127.4025	624.24963	1769.9415	246.9899	633.0	163.2749	20.270023	226.86304	-222.2499	1180000	-0.111475915	782.6686	-5.4235506	0.02117179	79.0
237	1384.8572	306.45892	1685.3145	992.8658	816.4	162.29366	12.958664	206.19304	-68.05128	1185000	-0.11378855	688.4127	-5.496309	0.016095227	79.0
238	1383.6862	480.2086	1811.431	537.08887	866.2	152.84998	32.954628	207.86125	-62.57844	1190000	-0.11883407	420.26825	-5.5541725	0.058507703	79.0
239	1088.0044	743.01184	1722.3201	103.40343	645.8	153.75803	36.683815	227.9349	-82.14592	1195000	-0.05707618	519.2056	-5.554131	0.077450335	8.0
240	1571.6599	426.7914	1906.1664	777.3852	1000.0	144.3493	44.520996	205.10918	18.20711	1200000	-0.07001603	181.30052	-5.558982	0.08058187	10.0
241	1222.3793	652.6233	1910.5887	340.5839	678.8	172.61388	36.45274	218.76949	54.829575	1205000	-0.10479326	1040.4626	-5.646784	-0.030893158	79.0
242	1085.0331	600.7917	1844.5474	94.934616	700.5	154.8428	38.09001	215.39989	-46.226135	1210000	-0.109509826	820.8851	-5.7131405	0.006248243	79.0
243	1551.2965	314.5705	1788.0564	959.62396	959.6	152.68166	34.94373	219.34259	-9.224796	1215000	-0.04554956	388.39386	-5.7119694	0.08688818	6.0
244	1623.1246	368.35873	1873.2505	890.9351	894.8	171.94078	8.613427	201.05803	103.51596	1220000	-0.035753198	413.4537	-5.725038	0.07980215	6.0
245	1641.668	203.33644	1848.9451	1324.6182	967.2	169.94977	28.57376	231.15573	54.695976	1225000	-0.048823908	441.4423	-5.7286487	0.08075172	7.0
246	1201.1532	683.7051	1758.4146	6.351934	807.4	157.4069	39.06413	210.065	17.563343	1230000	-0.066042244	272.0966	-5.733094	0.07682758	10.0
247	1636.7146	167.64478	1813.9536	1362.3372	1000.0	164.20752	27.501543	203.51836	50.052067	1235000	-0.059206408	234.80455	-5.72883	0.08395218	8.0
248	1385.7205	593.8897	1900.4558	275.56778	830.0	160.91759	32.708187	214.72603	58.40709	1240000	-0.03171735	513.05676	-5.729139	0.07511277	5.0
249	1223.4446	747.8737	1856.3961	71.96219	677.2	161.61623	37.692017	229.08835	54.199577	1245000	-0.038250305	438.84134	-5.732601	0.08108411	6.0
250	1145.9446	617.7048	1822.1814	117.00896	713.7143	162.57695	37.718952	217.6649	-54.09839	1250000	-0.048763093	722.785	-5.7410407	0.07833371	8.0
251	1772.8047	54.94607	1837.9985	1705.6123	1000.0	166.74559	13.394316	210.79044	-53.65119	1255000	-0.03320753	185.4359	-5.742886	0.09672194	6.0
252	1463.5691	377.95157	1772.4886	893.64954	926.6	161.56131	36.174595	218.66374	62.356693	1260000	-0.038458135	355.00906	-5.741347	0.0806286	7.0
253	1247.1853	641.5515	1899.6571	174.65828	823.0	155.38911	37.03122	204.71045	45.954422	1265000	-0.07055912	433.9291	-5.743876	0.07505638	13.0
254	1179.3555	542.4423	1833.4132	372.16068	745.2	157.65366	34.759792	208.94044	32.573982	1270000	-0.1070448	738.01404	-5.8274703	-0.005745338	79.0
255	1332.8383	637.1579	1836.3894	107.30882	813.4	155.93242	32.23241	224.37964	56.760918	1275000	-0.07814027	418.62604	-5.834956	0.0774855	12.0
256	1468.4648	339.64304	1898.6128	975.9844	888.0	160.04456	40.766426	218.32544	30.49346	1280000	-0.11642785	724.8198	-5.9044967	0.023976183	79.0
257	1327.7067	468.45847	1913.4231	833.674	922.4	137.89525	46.91504	223.97145	-15.798976	1285000	-0.1088258	562.746	-5.966567	0.032943536	79.0
258	1447.5675	577.5763	1959.0964	338.1991	784.0	174.03517	22.659315	220.95164	43.292984	1290000	-0.12062118	785.1654	-6.048302	0.03756539	79.0
259	862.9306	364.3832	1437.1864	365.2338	620.8571	138.28508	48.42048	220.30214	39.506622	1295000	-0.103366554	662.338	-6.1578164	-0.023543885	79.0
260	1044.3107	748.7467	1903.5005	50.443737	588.4286	148.14258	18.67766	194.2055	-4.02284	1300000	-0.034209717	952.5532	-6.179446	0.08994917	5.0
261	834.20795	659.5255	1794.0343	117.31925	492.66666	150.42207	40.701824	219.11887	54.862995	1305000	0.033485834	1145.7933	-6.1690664	0.092018075	1.0
262	1261.974	540.734	1774.9736	295.86642	770.8	151.2492	30.825441	200.1406	-23.732288	1310000	0.03506285	698.4876	-6.176482	0.09678476	1.0
263	1092.6552	703.1077	1944.6224	215.39143	697.0	156.09752	37.89158	209.04486	36.71161	1315000	0.036995225	591.2542	-6.173494	0.124540284	1.0
264	1470.4675	435.8955	1914.1321	894.9941	1000.0	147.8276	45.241932	222.4875	-15.769014	1320000	0.0017423911	317.85504	-6.1706743	0.075719655	2.0
265	1473.4026	423.198	1827.9039	728.5312	825.0	178.14543	13.188928	218.5203	106.67599	1325000	-0.013042419	553.4336	-6.181281	0.09318198	4.0
266	1256.6538	697.42084	1831.7996	63.144356	814.4	158.90565	35.703465	204.27599	-55.483093	1330000	-0.052190613	323.8098	-6.166425	0.07582168	10.0
267	1335.5511	569.2768	1965.2848	207.78987	801.8333	160.0565	36.674423	218.02385	12.698699	1335000	-0.111481704	714.6515	-6.2486033	0.026519388	79.0
268	1803.1012	40.866432	1867.7018	1748.1964	1000.0	174.9185	12.473676	224.58435	65.14317	1340000	0.017846804	235.04233	-6.249906	0.11917841	3.0
269	1727.8262	177.04141	1869.2842	1384.0166	960.6	182.0272	9.98867	229.39648	47.76974	1345000	0.02849347	417.0609	-6.254658	0.09972822	1.0
270	1758.9834	66.67497	1856.4261	1660.3987	1000.0	177.17982	10.9505205	221.61925	85.10747	1350000	0.055864636	190.69681	-6.259525	0.12073242	1.0
271	1820.5049	41.279835	1875.3967	1749.2528	1000.0	179.90002	10.670761	209.65005	74.78399	1355000	0.11154745	275.8979	-6.267043	0.2499614	1.0
272	1082.6351	638.144	1923.2362	91.450935	585.5	178.33781	20.757334	208.35379	-64.08806	1360000	0.020956757	968.8482	-6.27199	0.10188028	1.0
273	1689.6746	349.28333	1893.4331	992.5804	905.6	174.63715	11.0432825	207.72134	-2.9771972	1365000	0.0116375545	399.40366	-6.2665896	0.08161343	2.0
274	1321.1538	700.3109	1945.82	437.64426	699.0	184.23935	12.087459	218.84024	-59.561176	1370000	-0.01740137	449.5945	-6.275268	0.08154931	4.0
275	1736.8148	163.32771	1869.8774	1416.7242	1000.0	173.8939	29.093609	216.68573	-74.48303	1375000	-0.026567135	200.79175	-6.268618	0.07540907	4.0
276	1881.4111	70.317184	1953.2272	1750.8625	1000.0	181.8966	7.674461	206.0309	81.60898	1380000	0.029764624	141.78242	-6.276098	0.08599403	1.0
277	1483.2861	475.83395	1947.97	869.6355	893.0	173.94887	36.635544	237.03897	35.887226	1385000	0.06303826	566.5845	-6.2732444	0.18333507	1.0
278	1564.0004	558.8617	1903.5645	450.776	847.2	182.77013	8.549971	228.66962	131.96877	1390000	-0.034403052	393.19376	-6.269705	0.080228165	6.0
279	1855.2035	39.9126	1918.2328	1811.7653	1000.0	183.6451	8.363653	212.6359	121.97281	1395000	0.02264326	144.77592	-6.272347	0.08042811	2.0
280	1643.9498	254.23611	1827.194	1150.403	1000.0	168.79463	39.59909	223.37106	72.4228	1400000	0.063950635	156.67613	-6.2638345	0.16538963	1.0
281	1348.6869	763.3291	1954.7728	19.576145	741.6667	179.75496	9.681683	200.1312	54.0158	1405000	0.01993507	600.9391	-6.2655525	0.08086267	1.0
282	1646.9167	332.50232	1891.0603	992.4307	1000.0	165.002	39.977154	226.40202	63.11562	1410000	-0.0172016	274.7242	-6.2463627	0.09087398	4.0
283	1419.4062	662.1609	1805.1085	100.613594	812.2	179.28926	26.447966	223.7798	30.759352	1415000	-0.111921996	318.5983	-6.2693315	0.027194092	79.0
284	894.6805	533.23956	1826.701	256.83987	589.0	160.32993	44.736557	213.61	19.52052	1420000	-0.10015706	1149.2532	-6.3683553	-0.0468904	79.0
285	1076.3229	670.26794	1900.1447	124.84245	682.5	146.47205	42.976654	238.21642	-172.23929	1425000	-0.10409855	946.6578	-6.409345	0.036256555	79.0
286	1283.6744	613.95734	1851.2017	271.8961	733.1667	179.11826	18.404818	236.5826	26.387276	1430000	-0.11323427	747.2795	-6.450649	0.03578544	79.0
287	1568.0137	358.11237	1971.3896	985.74994	944.0	157.63847	34.28073	237.2198	34.43409	1435000	-0.07342819	470.612	-6.442872	0.077111304	13.0
288	1896.2385	53.916767	1976.2164	1831.3112	1000.0	180.54166	11.209413	227.88724	107.130806	1440000	0.021167845	178.8181	-6.456581	0.1297958	3.0
289	1741.9974	61.99447	1825.7533	1639.6755	1000.0	183.92874	25.139364	218.832	72.57574	1445000	0.0362474	219.18855	-6.4463096	0.082095616	1.0
290	1077.3784	504.38068	1788.4012	526.51465	681.8333	162.55437	41.50221	228.74901	6.20697	1450000	0.056969672	760.6375	-6.4654365	0.17528938	1.0
291	1754.1248	129.83846	1849.8676	1497.5388	991.2	164.2501	26.553581	205.33008	-33.279644	1455000	-0.0114209885	380.4408	-6.461596	0.09534638	4.0
292	1610.4243	379.1723	1895.4873	872.8114	1000.0	160.88588	40.23213	215.41283	47.262474	1460000	-0.027682764	250.70285	-6.4552884	0.08529307	5.0
293	1718.7722	194.16559	1933.1895	1383.7574	1000.0	169.2203	30.722006	215.0524	21.99138	1465000	-0.05057418	367.29294	-6.459179	0.08405836	7.0
294	1167.08	686.14014	1955.7059	244.42667	653.0	181.3462	14.270424	229.63097	50.121365	1470000	-0.034392834	898.1716	-6.4652166	0.0803388	6.0
295	1280.5614	568.7004	1906.2157	452.06598	724.0	169.29175	32.61386	213.04872	-281.55014	1475000	-0.04512514	934.8339	-6.4615054	0.07544887	7.0
296	1340.0251	585.0535	1933.0046	431.85693	761.4	174.30775	19.417671	219.02937	-21.215893	1480000	-0.043557	750.7072	-6.4687705	0.09342347	7.0
297	1258.7393	299.5512	1763.5952	853.32117	821.2	155.49265	43.018433	219.81528	4.6589847	1485000	-0.07522971	503.7398	-6.4666038	0.07678164	14.0
298	1413.8723	450.61295	1815.7184	818.9649	905.8	149.32684	36.359005	198.73427	10.992259	1490000	-0.122647874	579.0621	-6.5103164	0.045707677	79.0
299	1635.8167	327.75058	2021.729	1029.5828	1000.0	157.72337	34.965706	212.31151	42.423042	1495000	-0.08082454	270.24066	-6.5188375	0.07588717	11.0
300	1650.3418	427.84326	1989.8314	814.88306	884.0	181.58879	12.716819	217.67271	24.945559	1500000	-0.04869379	461.0767	-6.5389104	0.08568382	8.0
301	1377.9437	489.17206	1979.8152	948.44147	811.4	172.45	35.21766	227.2624	49.36919	1505000	-0.1053239	875.3295	-6.6090484	0.011739881	79.0
302	1534.3972	442.00284	1825.1842	658.34375	1000.0	156.72417	48.075695	248.65396	-129.22366	1510000	-0.07902927	237.45543	-6.60868	0.0758084	13.0
303	1502.639	710.4191	1898.3324	83.40594	814.2	180.20587	12.413914	214.03473	-12.086922	1515000	-0.12599793	333.92416	-6.662275	0.06427645	79.0
304	1319.9011	571.59174	1722.0112	205.48474	810.2	173.65901	33.597275	222.18436	52.358025	1520000	-0.11191972	656.5153	-6.7486086	0.031878732	79.0
305	1818.5016	82.48764	1937.4851	1704.1931	1000.0	171.89691	14.580223	212.63774	70.88776	1525000	0.026181882	238.795	-6.75065	0.0834077	2.0
306	1458.5585	320.92612	1901.4855	1029.1992	1000.0	147.89203	48.361633	216.97777	32.681824	1530000	0.08922725	374.2667	-6.726019	0.22072488	1.0
307	1805.4156	77.7718	1928.9445	1683.639	1000.0	179.1837	12.214501	221.12343	86.04778	1535000	0.04925639	222.87065	-6.7418623	0.12218655	1.0
308	1854.2751	79.22224	1924.2323	1705.1945	1000.0	183.40651	8.622186	217.10333	146.02039	1540000	0.05935364	242.99934	-6.7474046	0.12486164	1.0
309	1140.1338	620.8589	1862.7161	162.13898	675.2857	176.654	34.20838	231.11258	63.11351	1545000	0.05327766	1255.6687	-6.7516093	0.19138163	1.0
310	1572.8943	299.25937	1855.9508	1198.6532	1000.0	149.0454	37.457672	210.59932	27.77744	1550000	-0.051280316	298.86084	-6.746889	0.08168866	7.0
311	1201.0353	309.65045	1753.8103	907.6532	1000.0	124.9072	48.494987	208.59042	30.3538	1555000	-0.058652565	380.438	-6.735164	0.078271694	9.0
312	1198.5282	638.02045	1824.3955	259.78363	732.0	147.6386	34.050705	204.88062	53.693832	1560000	-0.12456875	619.1682	-6.7924576	0.04956487	79.0
313	1761.5193	37.892395	1804.3853	1710.4733	1000.0	170.11667	11.761673	195.10492	87.79549	1565000	0.009561999	258.3257	-6.7958264	0.08689355	3.0
314	1588.282	671.0051	1959.315	247.0942	828.4	182.90582	12.772176	216.86893	81.67666	1570000	0.037258968	504.02625	-6.799664	0.08383934	1.0
315	1821.2211	86.326965	1909.8566	1655.8435	1000.0	189.31013	14.824716	220.30663	77.86471	1575000	0.11385688	341.84396	-6.789797	0.3135182	1.0
316	1488.5555	690.8918	1891.1638	110.41581	814.8	183.93817	22.549551	217.59108	-16.850801	1580000	0.03527887	419.8745	-6.7903156	0.10688294	1.0
317	1511.1768	600.6501	1942.342	323.07327	834.6	183.33888	12.75368	224.21216	56.522434	1585000	-0.01140739	618.57996	-6.7942533	0.08845692	4.0
318	1287.4755	586.1737	1858.742	489.22464	731.2	179.2033	14.74078	228.55113	41.980244	1590000	0.02601439	665.0144	-6.801928	0.08435064	1.0
319	1843.1344	61.406284	1942.3145	1761.5858	1000.0	180.51237	10.344016	214.33427	95.47243	1595000	0.031922195	188.03697	-6.782223	0.07630933	1.0
320	1486.2542	364.52258	1893.5402	891.56305	847.4	181.44478	22.464859	208.11136	47.674812	1600000	0.051838037	690.8407	-6.790356	0.1770063	1.0
321	972.3859	618.3998	1840.1443	452.52432	539.6	175.15532	13.932151	220.00858	-83.530785	1605000	-0.029347986	630.5342	-6.801331	0.08470197	5.0
322	1171.7048	678.2826	1890.9681	64.84266	707.0	158.1312	35.893936	200.05623	16.423044	1610000	-0.11577801	643.61	-6.8478174	0.036331337	79.0
323	1246.4379	496.0905	1814.9841	540.87836	782.4	162.57938	43.069252	224.3609	9.992875	1615000	-0.11305095	694.5953	-6.91196	0.0033307967	79.0
324	1723.5027	374.2511	1926.709	975.51105	1000.0	162.15837	37.344296	211.4156	42.06327	1620000	-0.11399287	292.9395	-6.9301987	0.07517141	34.0
325	1575.5085	538.60046	1939.7218	504.32352	865.2	189.54428	13.144088	233.54538	65.74874	1625000	-0.12218999	517.47723	-7.003714	0.040440552	79.0
326	1471.3279	589.6725	1992.5146	647.43805	873.0	165.66531	37.971794	220.48666	48.802	1630000	-0.118823215	596.6328	-7.1075587	0.062086206	79.0
327	1881.4395	71.48612	1946.0984	1763.0046	1000.0	189.4379	14.534031	222.56456	106.45098	1635000	-0.0081956405	270.47604	-7.1181717	0.08865612	3.0
328	1411.0516	615.7016	1893.7961	293.04547	840.4	169.95193	48.284004	225.60123	41.946632	1640000	0.030710684	635.3076	-7.1099086	0.08396178	1.0
329	1864.7341	58.588703	1963.8276	1802.096	1000.0	178.66399	13.700735	215.43027	65.76275	1645000	0.034453902	282.47455	-7.1184335	0.08444678	1.0
330	1383.092	664.64246	1989.082	115.1688	815.6	178.54013	33.49884	219.65001	34.32475	1650000	0.046748087	484.6743	-7.128217	0.12985674	1.0
331	1648.0088	300.4762	1909.7113	1064.6222	1000.0	164.94252	36.950397	208.71964	72.67507	1655000	-0.035792567	257.39584	-7.1135235	0.07545682	6.0
332	1438.7004	418.3513	2016.187	910.1834	923.6	153.297	46.238495	217.24397	49.978703	1660000	-0.109705836	567.8942	-7.1673603	0.02448269	79.0
333	1798.6198	279.64435	1973.512	1244.7483	1000.0	171.71503	35.136265	221.15076	52.56505	1665000	-0.087182544	225.61475	-7.170545	0.07510617	15.0
334	1861.9818	85.587906	1997.8479	1758.7432	1000.0	194.02008	9.5621805	247.72162	134.35486	1670000	-0.021383768	266.6969	-7.1736264	0.08653388	4.0
335	1771.1243	239.34468	1961.2853	1301.3513	939.4	187.1838	24.036652	242.24469	54.003887	1675000	-0.010502653	543.1846	-7.176726	0.08052794	4.0
336	1713.2717	300.63733	1956.3345	1156.65	963.2	173.70908	41.212303	219.19089	47.22184	1680000	-0.045611665	423.9275	-7.170977	0.07758339	7.0
337	1903.0674	31.431211	1933.7272	1847.0092	1000.0	190.96512	9.882544	224.62238	100.84841	1685000	-0.030221954	130.76073	-7.1698265	0.07751777	5.0
338	1790.885	107.070206	1919.6664	1621.767	962.0	191.95908	13.370532	213.63487	0.72778493	1690000	-0.019814504	388.65063	-7.1730404	0.0899567	5.0
339	1589.4132	407.61414	1966.9872	992.3126	1000.0	157.03813	47.241364	210.71193	43.46776	1695000	-0.029182607	301.19394	-7.170233	0.08101903	5.0
340	1724.8906	346.279	2046.6086	1217.5377	1000.0	166.05334	46.138577	220.42404	45.931267	1700000	-0.0529146	278.02246	-7.176519	0.08139455	8.0
341	1762.2633	81.571434	1860.1779	1641.6449	1000.0	194.30695	14.09286	221.83272	74.29984	1705000	-0.053886846	251.93958	-7.1816406	0.07815467	7.0
342	1356.6991	663.8491	1876.7124	103.99789	793.0	171.44931	36.44826	205.26595	60.545704	1710000	-0.041245207	705.99384	-7.1759315	0.07663782	8.0
343	1209.5651	725.3049	1936.3378	109.84117	645.2	164.931	47.661327	220.49547	-52.7194	1715000	-0.104147196	802.978	-7.2671022	-0.0029256905	79.0
344	1496.7131	664.99365	1905.7079	177.6983	804.2	177.56096	20.540136	255.7289	-21.003452	1720000	-0.12105113	711.8642	-7.3308578	0.04458277	79.0
345	1887.399	72.87277	2015.4523	1806.7611	1000.0	179.5022	11.670401	222.23453	54.413338	1725000	0.015427426	307.14	-7.328189	0.09665555	3.0
346	1973.2463	107.04556	2170.1953	1874.5972	1000.0	192.33694	10.840715	229.83034	129.53157	1730000	0.046571948	186.53438	-7.3325634	0.1138741	1.0
347	1595.2229	479.2055	2017.5889	683.52704	863.8	190.25226	30.343515	224.66617	55.59314	1735000	0.03134853	426.12894	-7.32947	0.10743628	1.0
348	1376.4757	506.3866	1816.6882	396.62143	779.1667	182.94518	29.374226	220.10913	49.520435	1740000	0.028305579	926.76	-7.330306	0.09638291	1.0
349	1917.3508	86.78245	2082.9595	1832.7621	1000.0	176.56366	15.382283	208.72887	14.614939	1745000	-0.019061252	200.66498	-7.3273125	0.07626375	4.0
350	1849.502	146.64748	2042.3374	1643.4436	1000.0	187.2422	27.24269	224.81134	62.80896	1750000	-0.03100745	423.4567	-7.330133	0.081746385	5.0
351	1879.3508	192.31723	2160.327	1560.3793	1000.0	184.72379	34.699387	223.21939	48.783108	1755000	-0.053321473	368.38907	-7.328256	0.07923837	7.0
352	1819.1039	388.945	2101.5283	1048.8047	1000.0	181.20676	41.906593	224.3544	69.66766	1760000	-0.05928559	324.07462	-7.3317657	0.07653069	9.0
353	1458.6426	757.58167	2026.2781	1.7287973	765.0	198.22949	17.036964	229.83936	0.23089546	1765000	-0.10962937	630.2327	-7.3780127	0.029727113	79.0
354	1864.042	203.4127	2100.3613	1518.2288	1000.0	183.69524	32.670773	216.11568	46.869007	1770000	-0.08074158	262.8566	-7.377128	0.07910525	12.0
355	1845.7565	275.57825	2071.4368	1304.8772	1000.0	180.63445	40.94554	236.00362	32.674488	1775000	-0.05325283	357.8474	-7.3824873	0.075489596	8.0
356	1955.669	49.65855	2010.4298	1873.9817	1000.0	196.56026	10.93615	224.6379	96.82549	1780000	-0.053693626	133.84113	-7.3928227	0.07800101	8.0
357	1896.6758	87.87115	2006.8755	1775.0906	985.8	198.51811	12.738649	220.90498	68.121994	1785000	-0.029521374	400.13962	-7.406584	0.0807539	5.0
358	1829.5383	307.7825	2082.0706	1231.514	971.8	180.28984	42.145596	226.12172	28.09699	1790000	-0.09908981	607.9418	-7.444021	0.0023690541	79.0
359	1940.5125	60.650047	2048.7354	1874.1927	1000.0	198.234	12.335716	228.93333	73.74993	1795000	-0.04530585	119.74926	-7.4507303	0.08195113	6.0
360	1827.1252	357.4308	2080.5537	1127.8693	1000.0	180.67485	39.55767	225.7552	58.708645	1800000	-0.05366222	236.73352	-7.4491353	0.07513221	8.0
361	2012.2877	53.433857	2072.339	1924.3136	1000.0	200.50685	9.982468	233.71744	90.24861	1805000	-0.037885677	198.29076	-7.4559016	0.08031276	5.0
362	1763.7223	413.8192	2060.0532	954.47815	892.6	202.56636	20.965324	229.39545	68.27212	1810000	-0.11124331	440.9228	-7.5223765	0.018197574	79.0
363	1607.2096	486.22217	2048.9326	827.5393	1000.0	162.9334	52.44152	222.60152	58.110275	1815000	-0.1174865	366.23935	-7.5754757	0.044505917	79.0
364	1986.5911	45.11189	2035.1171	1928.5533	1000.0	197.70273	12.484223	229.40875	71.036415	1820000	-0.06614932	168.78568	-7.583997	0.07980682	9.0
365	1970.5808	43.177692	2039.1871	1907.2423	1000.0	201.22784	10.6913	222.42699	112.453156	1825000	-0.05405037	170.34818	-7.590786	0.08838265	8.0
366	2016.9225	64.15907	2085.4795	1896.7902	1000.0	199.19522	16.794714	232.84715	80.47102	1830000	-0.03944173	218.10146	-7.5891967	0.08280894	6.0
367	1807.8289	431.72607	2066.5322	948.36487	1000.0	183.03815	47.018936	231.79071	67.374306	1835000	-0.041530065	168.01686	-7.5953865	0.07585467	7.0
368	1875.608	96.64166	2060.3096	1783.0781	1000.0	197.93135	32.737717	228.77339	55.129787	1840000	-0.11885879	287.83676	-7.6683455	0.023246992	79.0
369	1913.5076	101.47316	2015.9576	1723.0177	1000.0	186.46678	32.066517	223.00607	41.89932	1845000	-0.08575841	330.6414	-7.683447	0.07515033	19.0
370	1617.3708	494.72537	2066.5378	732.1725	878.6	189.33342	35.592484	231.85205	-26.366632	1850000	-0.069762155	459.903	-7.702653	0.076822	14.0
371	2044.5078	48.904354	2110.3447	1963.6172	1000.0	197.4379	8.680447	230.43536	142.15999	1855000	-0.045815248	173.27295	-7.701217	0.09154673	7.0
372	1666.3676	504.20737	2086.9907	855.2661	890.4	193.48335	37.250584	243.78831	65.46235	1860000	-0.03168421	500.66266	-7.7003593	0.0825625	7.0
373	2063.1575	37.920452	2096.8184	1998.434	1000.0	201.01831	11.987637	226.39261	3.313584	1865000	-0.046099927	226.25313	-7.7076526	0.084662095	7.0
374	2026.2434	105.7105	2111.7424	1821.0623	1000.0	209.7902	9.955785	239.69084	148.79584	1870000	-0.04878097	234.27525	-7.7131095	0.09344245	7.0
375	2004.4519	74.72192	2101.1448	1871.1233	1000.0	205.77324	13.072368	236.27933	78.14471	1875000	0.027514212	245.98566	-7.720014	0.08034448	1.0
376	1822.6902	412.79285	2239.3337	1056.6478	977.2	183.07297	45.49142	230.25923	45.623035	1880000	0.045295484	366.5835	-7.7148404	0.12233405	1.0
377	1682.1497	497.77615	2107.8472	799.99207	815.6	204.18408	10.831739	232.64345	39.077995	1885000	-0.018099306	674.28296	-7.726082	0.09347949	5.0
378	1993.3582	84.39556	2093.2346	1881.5138	1000.0	197.5655	20.46612	235.46637	10.632517	1890000	-0.034055494	270.0305	-7.722989	0.09767895	6.0
379	1813.8698	485.97495	2127.8857	845.441	1000.0	180.31717	49.219063	243.43637	24.18515	1895000	-0.10298844	548.7289	-7.778208	0.019018745	79.0
380	1476.4498	537.0549	2171.4104	848.253	900.6	170.02448	52.952137	238.98012	44.764957	1900000	-0.10669167	699.3873	-7.8510513	0.0030527764	79.0
381	1989.4592	106.68073	2168.118	1862.3873	1000.0	194.77553	25.175888	238.86557	51.92213	1905000	-0.07960175	294.1873	-7.8616796	0.08769234	12.0
382	1915.5691	242.19743	2097.8813	1442.3176	1000.0	193.13098	39.545143	238.90712	45.657036	1910000	-0.03916282	231.85193	-7.8644733	0.076643296	6.0
383	2010.7834	203.38716	2216.4548	1627.7935	953.2	205.95566	11.427674	231.55797	42.1358	1915000	-0.015965164	561.3619	-7.8691344	0.096780404	4.0
384	1699.7292	659.9141	2196.2048	393.27	847.4	210.82825	15.151581	248.73076	58.24407	1920000	-0.025854858	471.8809	-7.8645267	0.081361316	5.0
385	1942.9485	128.97043	2060.0205	1693.6501	1000.0	191.9127	34.89309	239.67928	45.515617	1925000	-0.038092237	272.1794	-7.8609424	0.08115712	5.0
386	1946.8542	81.9689	2070.535	1816.3073	967.0	204.3671	10.356838	235.46057	109.59862	1930000	-0.03701905	506.4251	-7.8570623	0.07574413	6.0
387	1872.0378	311.47202	2103.4233	1259.3347	1000.0	185.80182	44.18637	241.89546	48.60613	1935000	-0.044394083	270.9529	-7.8522577	0.07553038	7.0
388	1604.971	737.3368	2241.2957	251.9047	823.2	194.76927	38.302456	259.35043	34.2896	1940000	-0.110116065	450.8924	-7.9198647	0.045281224	79.0
389	2101.2493	37.344704	2133.889	2034.7317	1000.0	205.18645	10.444791	248.89058	104.31388	1945000	-0.06759097	176.8826	-7.9199295	0.08361355	10.0
390	1962.9694	217.368	2127.7148	1533.8932	947.4	212.56015	9.545178	240.78761	97.914856	1950000	-0.040730678	411.23376	-7.920071	0.07943519	8.0
391	1933.3461	170.23056	2088.4004	1614.7368	1000.0	201.87057	21.64489	235.4401	60.5586	1955000	-0.068403386	291.36505	-7.9251685	0.07824776	9.0
392	1687.1549	423.52853	2106.3738	1048.7205	1000.0	167.56477	55.95181	227.71304	51.69617	1960000	-0.087311246	297.87195	-7.924194	0.0752612	17.0
393	1662.8531	742.17694	2101.721	182.30484	827.6	201.80893	9.919341	230.02483	109.673454	1965000	-0.10581138	395.775	-8.011249	0.048102003	79.0
394	2065.401	64.34489	2144.9255	1980.842	1000.0	204.47826	16.228767	247.53604	19.400154	1970000	-0.0731439	168.39186	-8.013475	0.082751	10.0
395	1972.7266	197.328	2132.9524	1600.9504	1000.0	199.97159	37.36847	236.95714	67.822235	1975000	-0.078880824	233.41756	-8.020878	0.07569646	13.0
396	1972.9578	56.014137	2058.9204	1899.812	1000.0	210.19376	14.569044	238.44217	107.920975	1980000	-0.0993332	239.67595	-8.034764	0.075655214	15.0
397	1521.0856	835.31244	2183.9075	99.474396	811.4	186.03961	46.93965	238.45639	61.64784	1985000	-0.10503743	397.66513	-8.086272	0.03521049	79.0
398	2125.8914	99.15675	2254.2656	2006.0115	1000.0	214.28583	16.05976	249.67648	52.862907	1990000	-0.06889423	168.02032	-8.093771	0.08030574	9.0
399	1876.2527	396.53366	2095.0645	1084.9371	1000.0	196.064	48.095135	243.30719	65.67887	1995000	-0.04612927	225.76288	-8.087274	0.07634377	6.0
400	1793.4006	562.16254	2161.8862	673.8717	864.4	194.35432	43.946564	240.63127	21.605627	2000000	-0.110956326	427.21954	-8.155328	0.03132341	79.0
401	2154.4683	75.98843	2235.2546	2018.7417	1000.0	208.14287	10.801119	235.2308	92.7998	2005000	0.014220316	176.9611	-8.16061	0.08843235	3.0
402	1637.5725	826.0722	2106.203	-12.707669	802.6	217.1165	12.441779	253.69101	48.19319	2010000	0.038661584	189.54347	-8.162425	0.11495	1.0
403	2030.6797	50.47729	2095.7927	1941.593	1000.0	208.59297	16.141611	236.07648	76.68214	2015000	0.036631063	250.49342	-8.166067	0.09851088	1.0
404	2065.2722	58.09868	2168.1755	1997.4275	1000.0	206.80841	8.917427	229.79355	131.28648	2020000	0.047046393	191.96533	-8.166096	0.11730171	1.0
405	1815.9668	511.33624	2119.6318	794.67255	1000.0	185.35216	50.695755	237.24918	65.9707	2025000	0.025329322	109.33509	-8.158494	0.09018489	1.0
406	1836.4941	365.4331	2168.884	1135.685	908.8	209.31381	18.23683	240.34077	48.033928	2030000	0.02809332	584.37524	-8.168527	0.09739227	1.0
407	2099.7756	60.237167	2212.4841	2032.0502	1000.0	209.02245	9.911173	242.33383	131.4793	2035000	0.019023106	138.86191	-8.162208	0.097457804	2.0
408	1957.1777	259.29205	2180.6892	1453.5361	1000.0	201.2449	38.749878	237.50916	51.988113	2040000	-0.03759001	293.73557	-8.16092	0.07629056	6.0
409	1969.751	131.19331	2103.4312	1723.5509	1000.0	201.55852	32.10364	233.14937	48.66595	2045000	-0.12661357	216.79597	-8.195598	0.053281542	79.0
410	1462.735	694.4591	2231.298	467.34088	846.4	180.83891	48.136463	235.08832	62.575928	2050000	-0.103371225	479.6888	-8.266807	0.045979988	79.0
411	2121.4314	73.088196	2232.4563	2029.8165	1000.0	207.4807	14.928387	245.87491	57.683743	2055000	-0.073492445	248.76704	-8.27649	0.080277905	11.0
412	1862.0657	424.97113	2119.198	1013.888	894.2	213.4587	10.538855	243.1043	95.42626	2060000	-0.11354673	329.23914	-8.350013	0.051760882	79.0
413	1869.5465	393.7278	2282.9998	1176.2568	966.6	191.86707	46.083702	293.02515	29.944735	2065000	-0.10005203	556.0236	-8.390925	0.029618267	79.0
414	2083.9207	70.07347	2170.0693	1974.3856	1000.0	210.65358	14.847707	249.04155	46.353035	2070000	-0.025684854	259.4156	-8.395633	0.091803364	5.0
415	1376.3846	624.5625	2123.4512	528.01746	720.2	199.35204	41.109604	256.328	51.345753	2075000	-0.018600876	700.732	-8.401572	0.08527875	4.0
416	1362.722	821.06146	2063.0166	270.425	674.2	196.34825	24.657125	230.19173	-363.43427	2080000	-0.034502923	749.0125	-8.404029	0.081382446	5.0
417	2035.0629	150.71664	2147.2456	1739.3925	1000.0	198.64697	31.634277	248.40907	42.113377	2085000	-0.02354053	359.90985	-8.402586	0.08388994	4.0
418	1639.1394	655.0781	2078.2358	372.44308	837.2	187.83772	52.39085	261.02448	50.416405	2090000	-0.030821009	542.3268	-8.398038	0.0935739	6.0
419	1702.8444	585.71295	2168.1375	601.7036	857.8	194.28128	31.609352	236.55511	46.185978	2095000	-0.035433605	569.954	-8.4015465	0.083471574	6.0
420	2113.271	95.668594	2225.5652	1973.2289	1000.0	206.61072	10.797046	244.76068	113.88151	2100000	-0.02053706	214.15994	-8.405261	0.08603205	4.0
421	2123.4941	75.33908	2223.9314	2002.1202	984.4	215.32182	23.00464	256.941	47.506657	2105000	0.028367426	610.3416	-8.405842	0.090874135	1.0
422	2119.0664	72.03725	2200.3372	2020.272	1000.0	215.7183	9.70741	247.91112	80.63111	2110000	-0.0029075874	206.96097	-8.408241	0.08922025	4.0
423	1646.4133	436.54504	2203.7288	1071.586	902.0	187.29434	57.34601	253.86015	52.298378	2115000	-0.020099603	688.5051	-8.410342	0.08411721	5.0
424	1879.1234	411.25385	2252.9329	1106.1945	982.4	188.98279	46.08258	234.57942	50.496483	2120000	-0.051574584	667.0083	-8.408944	0.0766389	9.0
425	2090.6638	99.67566	2232.306	1919.9105	1000.0	205.1078	28.160105	256.7648	37.45157	2125000	-0.056548316	309.40103	-8.414398	0.08415467	8.0
426	1984.3844	408.48175	2238.338	1169.6138	914.8	216.1948	11.400032	243.19057	37.382217	2130000	-0.1112713	454.30576	-8.449808	0.03990795	79.0
427	2132.236	53.76325	2204.4492	2062.8887	1000.0	215.26895	25.918522	253.25084	49.091602	2135000	-0.12632483	266.07443	-8.526986	0.053019237	79.0
428	1927.2614	504.14896	2250.6729	926.48395	1000.0	194.51187	52.750286	248.81813	61.328133	2140000	-0.03002181	198.5743	-8.524622	0.08361709	5.0
429	2170.423	32.649513	2210.0095	2117.0378	1000.0	217.86528	21.420904	241.97421	38.84307	2145000	-0.039662767	209.20595	-8.526774	0.08658824	6.0
430	1966.2504	387.2822	2199.6387	1196.2832	1000.0	200.51437	46.742676	247.49377	42.064835	2150000	-0.04513983	264.29294	-8.521938	0.078655064	7.0
431	2227.2996	97.56376	2318.472	2043.3167	1000.0	217.7149	9.505077	245.55635	133.43639	2155000	-0.04485211	238.85745	-8.523497	0.08114028	7.0
432	2152.4614	92.803566	2322.0256	2077.4666	1000.0	225.83244	11.477688	260.6762	133.57985	2160000	-0.033056695	213.2783	-8.520122	0.08024596	5.0
433	2178.2427	52.649788	2257.5854	2119.352	1000.0	219.87875	8.235356	245.28174	165.544	2165000	-0.020100215	193.5606	-8.512729	0.09726896	4.0
434	1948.5715	439.04675	2273.694	1078.3422	1000.0	197.48042	51.617878	247.81363	55.468536	2170000	-0.028481442	230.7467	-8.502624	0.08232201	5.0
435	1956.3665	295.04706	2224.6343	1415.6895	917.6	219.20335	12.271399	249.02318	62.623756	2175000	-0.01643567	808.0212	-8.506581	0.07565947	4.0
436	2167.1199	94.022766	2277.8127	2042.933	1000.0	213.2195	14.217574	246.33214	87.536575	2180000	-0.04997052	279.73993	-8.501177	0.08118581	7.0
437	2137.3179	22.182951	2167.7195	2115.4856	1000.0	222.1224	11.120614	249.70702	158.1017	2185000	-0.04904821	153.32643	-8.504803	0.09023749	7.0
438	2039.5485	187.17973	2199.5566	1684.5756	1000.0	209.09547	36.023735	250.65927	55.878567	2190000	-0.028548028	188.67978	-8.503422	0.0774961	5.0
439	1642.056	707.4413	2182.962	592.0653	775.5	214.6616	13.076061	241.36047	-43.359234	2195000	-0.039875448	708.2984	-8.504936	0.07707901	9.0
440	1919.9121	396.06076	2181.0852	1132.0808	1000.0	188.18518	47.295067	248.5415	58.73725	2200000	-0.07873897	221.1134	-8.497829	0.07556819	13.0
441	1755.9944	746.73364	2321.7002	289.07935	807.2	214.62724	11.139461	240.9067	44.666855	2205000	-0.10193679	808.2696	-8.564283	0.029883996	79.0
442	1913.474	370.44623	2223.0737	1223.7694	965.6	194.9214	47.659485	251.95827	-63.851295	2210000	-0.10538618	545.2894	-8.616199	0.03496888	79.0
443	2126.7036	60.179695	2215.7732	2040.8506	1000.0	213.87035	12.438414	259.11636	95.32743	2215000	-0.04838406	160.18164	-8.61684	0.07782224	6.0
444	2101.0056	192.304	2316.499	1755.655	963.6	217.52844	11.187051	244.29985	64.47448	2220000	0.02359881	466.4544	-8.622817	0.09548537	1.0
445	1951.3529	329.3679	2177.3408	1299.5616	1000.0	200.71562	47.89798	260.80078	35.209282	2225000	-0.019658988	333.00214	-8.616028	0.086665854	5.0
446	2087.7507	241.2148	2264.056	1611.794	1000.0	205.29016	37.70191	259.1018	53.579567	2230000	-0.051802307	240.16325	-8.614637	0.077336766	8.0
447	1960.2803	361.02652	2263.945	1273.554	1000.0	201.12035	47.388306	242.26031	57.492977	2235000	-0.068994395	299.96805	-8.611908	0.08178915	12.0
448	2083.8772	88.96896	2186.0144	1977.4752	1000.0	214.15215	14.154746	247.43863	66.56236	2240000	-0.04393251	182.74934	-8.61836	0.07740636	6.0
449	2113.3057	227.5187	2296.7004	1670.0907	1000.0	204.59116	35.653465	236.4765	61.90036	2245000	-0.09836621	302.7391	-8.632709	0.07572799	21.0
450	2134.9048	45.735477	2189.6611	2051.6382	1000.0	222.79622	16.054909	252.00345	67.39118	2250000	-0.06812605	327.1093	-8.6459465	0.08100098	9.0
451	1893.4773	477.7446	2289.0627	953.1261	1000.0	194.14012	50.08878	250.66934	69.44213	2255000	-0.06790481	309.82507	-8.657072	0.07735948	12.0
452	2051.0469	188.2308	2281.9336	1832.7302	1000.0	202.88536	42.447292	252.7562	56.39383	2260000	-0.12178298	384.19022	-8.72141	0.02514723	79.0
453	1972.5549	318.8318	2304.651	1418.3976	973.4	203.47966	40.66897	248.08531	64.370674	2265000	-0.10659861	797.1286	-8.797095	0.007411069	79.0
454	2284.5737	69.37891	2348.5256	2156.5295	1000.0	215.7331	11.366776	270.26617	134.15141	2270000	-0.013750497	270.5133	-8.80058	0.08471754	3.0
455	1961.4476	384.88135	2229.8977	1199.706	1000.0	205.94318	52.318623	263.4255	76.019905	2275000	0.029983956	297.69836	-8.799089	0.0826822	1.0
456	1900.1742	595.0141	2239.2207	713.1149	862.4	220.42477	10.628034	240.9753	106.489395	2280000	-0.00018138552	440.7779	-8.799521	0.083241776	3.0
457	1658.781	786.1555	2209.7366	153.52286	764.2	218.81453	13.22912	244.4299	-125.890045	2285000	-0.023762647	770.9988	-8.804586	0.078660235	5.0
458	2004.9408	360.55093	2282.8828	1314.5466	971.6	204.06184	45.200207	266.22787	21.335236	2290000	-0.064111926	597.4767	-8.803087	0.07621828	14.0
459	2116.5881	240.95723	2317.61	1653.7574	1000.0	209.34344	40.59963	262.49542	70.64422	2295000	-0.07858381	332.48276	-8.812882	0.07500287	12.0
460	2153.566	60.067	2245.7898	2077.5894	1000.0	224.29718	10.144266	258.29245	126.02561	2300000	-0.056482494	163.31998	-8.816479	0.07886045	7.0
461	1395.0048	636.2715	2199.8757	366.9565	776.1667	185.42264	58.919262	246.4466	64.68331	2305000	-0.09125813	983.8586	-8.89805	-0.028051184	79.0
462	1950.0652	625.61523	2403.4058	709.73596	862.4	203.55347	13.461906	267.32278	30.868896	2310000	-0.05965747	688.07465	-8.900305	0.08126039	9.0
463	1948.3324	607.51	2327.5615	736.6365	868.0	221.21358	12.977081	255.4639	80.14462	2315000	-0.0424709	623.0246	-8.906678	0.08858192	7.0
464	1632.151	419.22974	2185.8738	1066.382	928.6	186.24478	60.545544	261.78833	44.779736	2320000	-0.096198015	689.2204	-8.994714	0.012572651	79.0
465	2100.919	199.70813	2262.2864	1713.1	1000.0	198.9692	38.398354	242.42142	28.859524	2325000	-0.042128693	262.53857	-8.997291	0.08201694	6.0
466	2008.7383	267.163	2294.5967	1632.3727	1000.0	202.07689	51.434513	252.10573	2.8707054	2330000	-0.026731165	483.1491	-9.001701	0.07609095	5.0
467	1571.7291	856.7966	2351.611	196.62506	707.2	218.3508	12.464791	258.97375	43.493675	2335000	-0.0198539	781.6723	-9.008263	0.0814532	4.0
468	1934.0159	428.80295	2357.4927	1205.8901	954.2	197.78177	51.306206	259.20816	26.502485	2340000	-0.031926844	641.4705	-9.003918	0.07732456	6.0
469	2075.3909	318.97302	2323.1753	1449.6027	1000.0	205.973	43.636787	274.49677	44.92558	2345000	-0.040485114	337.41934	-9.00374	0.075255856	6.0
470	2030.4713	487.88257	2289.1558	1054.9681	891.4	223.73552	14.196323	283.12537	45.766285	2350000	-0.027882101	478.247	-9.011711	0.082785875	5.0
471	2028.8356	296.3582	2307.8787	1454.4851	1000.0	208.0002	47.609356	258.77026	55.64434	2355000	-0.05704828	341.73773	-9.006319	0.07551056	9.0
472	2062.2737	321.368	2313.3904	1439.5212	1000.0	208.23036	44.08145	280.23355	46.198116	2360000	-0.06259391	262.19998	-9.008608	0.07867634	9.0
473	1967.5885	725.97284	2412.015	520.89154	846.6	224.135	9.321161	265.89142	64.376816	2365000	-0.03435349	472.71835	-9.0136595	0.08248289	7.0
474	1984.225	494.91492	2258.9854	995.38684	1000.0	204.16354	56.90128	253.45364	32.400597	2370000	-0.06618423	301.7329	-9.017464	0.07601145	12.0
475	2278.1267	74.90897	2407.0269	2198.4883	1000.0	225.53305	9.299862	247.5915	141.37457	2375000	0.013505675	192.16402	-9.023619	0.086818896	3.0
476	2253.1765	67.32662	2382.702	2188.4468	1000.0	230.24635	10.843203	256.17953	134.16519	2380000	0.011362013	183.1506	-9.028518	0.078989066	2.0
477	2212.4253	78.29308	2288.2168	2063.2751	1000.0	229.07597	10.7104435	250.99739	128.92094	2385000	-0.0102799805	300.49026	-9.03197	0.08270721	4.0
478	2233.4866	88.589	2322.11	2095.1248	1000.0	224.35428	24.448397	255.26239	64.53138	2390000	0.046942554	319.36194	-9.033388	0.09454376	1.0
479	2255.6133	30.892365	2292.6372	2199.1067	1000.0	228.69627	9.590292	252.03464	158.33113	2395000	0.047064282	159.62953	-9.030706	0.07619711	1.0
480	2244.5298	44.61013	2309.7146	2200.0957	1000.0	230.46416	9.674392	254.9017	168.19142	2400000	0.06032105	257.9928	-9.032594	0.109478794	1.0
481	2278.8777	49.254944	2328.6792	2187.2393	1000.0	231.41295	9.327587	263.29416	164.44072	2405000	0.057820305	167.08157	-9.030067	0.11220652	1.0
482	2195.6738	120.90984	2303.273	1965.6484	1000.0	224.06168	33.20695	258.9019	66.3557	2410000	0.05950078	466.371	-9.03035	0.14876148	1.0
483	2284.1655	88.91792	2374.3179	2127.4177	1000.0	221.5942	29.889551	252.06895	70.68415	2415000	-0.0017073433	305.25665	-9.028763	0.09787125	4.0
484	2259.8953	62.823765	2336.5232	2145.6362	1000.0	233.848	16.437605	258.19708	54.280598	2420000	-0.049697697	193.07715	-9.030481	0.076727904	8.0
485	2181.6802	102.71164	2271.0557	2008.9862	1000.0	229.72455	13.679727	250.88922	91.87585	2425000	-0.07066117	258.11102	-9.031147	0.07589723	10.0
486	2096.5466	445.95557	2374.41	1207.7592	908.0	224.6416	11.284472	261.24496	157.61148	2430000	-0.10568503	543.3062	-9.085217	0.027687036	79.0
487	2320.5579	51.238365	2393.438	2264.035	1000.0	232.02135	10.5960455	265.7531	90.867004	2435000	-0.04098534	190.19887	-9.089647	0.07540761	6.0
488	2319.0112	44.045795	2390.288	2265.137	1000.0	237.29338	9.943123	264.57068	164.00447	2440000	0.029614313	197.61583	-9.093021	0.07502246	1.0
489	2324.742	111.69228	2428.3123	2117.3523	1000.0	236.36798	9.96006	260.9068	145.25964	2445000	0.07633512	298.95172	-9.094078	0.14430653	1.0
490	2125.8843	307.74014	2375.574	1524.5465	1000.0	221.8308	44.68571	270.51718	59.72081	2450000	0.052840978	372.7487	-9.0971155	0.13092545	1.0
491	2157.2192	293.92053	2409.282	1594.0645	923.0	230.98227	14.20427	265.51932	84.36409	2455000	0.023149725	815.6993	-9.103609	0.094095655	1.0
492	1650.7201	726.5516	2308.7808	491.396	763.1667	207.87685	57.437744	273.7095	33.1648	2460000	-0.025935303	994.8276	-9.10242	0.07842725	5.0
493	2248.2249	143.6189	2442.862	2028.332	975.8	221.05354	17.421005	267.10434	31.584501	2465000	-0.053545646	546.8684	-9.106404	0.089353465	8.0
494	1914.3115	469.47797	2387.1575	1272.2216	1000.0	194.59476	62.560917	266.54816	37.11749	2470000	-0.10159742	679.4516	-9.153947	0.007850341	79.0
495	2112.9004	285.6391	2329.7202	1547.2709	922.6	219.60637	15.5433655	257.51926	81.665436	2475000	-0.118689895	617.79395	-9.226107	0.061054442	79.0
496	2231.0042	181.30112	2383.95	1876.3555	1000.0	222.20634	33.219723	263.01663	55.44948	2480000	-0.060937647	335.552	-9.232412	0.08061462	8.0
497	2246.2415	49.892437	2320.6455	2177.7166	1000.0	232.06798	10.549552	263.6692	155.99432	2485000	-0.06971727	217.6335	-9.232851	0.08274686	9.0
498	2336.134	43.16457	2386.7664	2260.7007	1000.0	229.7358	10.703858	258.0331	145.77441	2490000	-0.05387262	210.8915	-9.233024	0.07637144	7.0
499	2046.8434	362.0948	2351.6265	1373.1077	1000.0	210.81496	54.93028	258.91284	67.9154	2495000	-0.016883116	377.4678	-9.238747	0.08560687	4.0
500	2124.1138	287.96588	2440.3667	1590.0782	942.0	224.0274	30.499918	253.68095	52.299118	2500000	-0.11319446	707.3459	-9.291574	0.024528125	79.0
501	2270.9944	69.03195	2356.3264	2158.5552	1000.0	229.0028	11.594651	264.0559	127.06882	2505000	-0.028055582	255.42075	-9.294539	0.07518562	5.0
502	2236.844	215.68468	2440.652	1825.3044	954.0	230.5123	13.705231	270.19165	8.54284	2510000	0.027887011	577.0924	-9.296653	0.086318165	1.0
503	2331.6477	71.07651	2397.2659	2201.7244	1000.0	233.9636	13.600506	263.42474	-57.001705	2515000	0.032453243	221.70026	-9.298092	0.077218704	1.0
504	1916.6233	472.59482	2377.6914	1103.4591	939.8	213.42102	52.897884	276.3825	72.99878	2520000	0.0412875	936.3128	-9.293101	0.16929126	1.0
505	2051.5554	332.1031	2289.3845	1436.4827	964.6	205.64412	48.185482	272.05142	64.04266	2525000	-0.036697064	541.7591	-9.296654	0.07682207	6.0
506	2242.2693	80.48749	2362.3438	2126.3523	1000.0	226.6959	14.441157	266.81738	86.38866	2530000	-0.04441409	271.8928	-9.297105	0.076313816	6.0
507	1845.6062	590.9714	2410.2444	1104.1093	797.0	228.44583	13.68606	255.76031	34.983845	2535000	-0.061201323	986.1079	-9.30173	0.076584056	13.0
508	2198.6648	240.02206	2404.9988	1759.6031	1000.0	215.0382	43.900406	264.36676	32.70152	2540000	-0.05752865	345.55606	-9.296134	0.07717496	7.0
509	1906.7537	856.43646	2424.0496	197.72784	819.6	232.0286	12.222149	268.67673	52.711044	2545000	-0.11485713	534.3753	-9.330338	0.057002917	79.0
510	2290.4834	60.35444	2381.0178	2208.4434	991.2	230.8236	14.861343	270.37238	63.742794	2550000	-0.056916624	631.97784	-9.326854	0.0767657	7.0
511	1952.3274	555.6706	2363.9954	850.11005	877.8	219.2717	43.264748	271.73407	54.381546	2555000	-0.10682523	723.9286	-9.39414	0.037913743	79.0
512	1545.6296	903.78186	2497.6255	161.07834	763.4	193.45782	59.80174	265.0817	16.184946	2560000	-0.09806783	908.6418	-9.468425	0.016843595	79.0
513	2119.2925	567.97076	2521.296	996.88776	1000.0	206.6233	60.212856	276.80804	45.206524	2565000	-0.06250004	362.69864	-9.469464	0.08657395	9.0
514	1850.9495	626.60187	2389.5405	991.11395	999.0	190.25644	75.77045	289.8003	38.41089	2570000	-0.09429228	734.6313	-9.536508	0.0004592924	79.0
515	2167.16	114.83746	2303.1038	1954.5876	1000.0	212.56412	45.970284	271.03024	34.981506	2575000	-0.043209102	412.8967	-9.539746	0.083335765	6.0
516	2073.6895	323.51434	2519.3003	1667.5171	1000.0	202.82208	54.29218	281.04205	37.944	2580000	-0.0402953	619.0264	-9.537311	0.07638869	5.0
517	1638.4006	929.8457	2446.1748	498.96207	702.6	231.50587	12.57153	267.54025	86.086136	2585000	-0.022551363	1281.9993	-9.543093	0.07710993	4.0
518	2063.5972	447.33963	2355.6616	1174.1277	1000.0	202.87798	59.506275	282.1142	58.482338	2590000	-0.015340621	366.30835	-9.533106	0.08853958	4.0
519	1431.7063	990.1048	2281.919	197.64714	645.8	231.85345	12.273533	275.18097	49.14954	2595000	-0.018194843	800.6096	-9.538022	0.09681895	4.0
520	1595.8097	831.25226	2399.4192	85.46783	773.6667	203.6437	56.28633	274.82227	33.531883	2600000	-0.034601655	866.0543	-9.528533	0.08122073	7.0
521	2154.4604	428.45926	2443.4907	1302.766	1000.0	207.11363	52.42599	291.51028	32.44183	2605000	-0.020775985	324.3838	-9.52454	0.098942295	5.0
522	2217.3833	209.40042	2372.6965	1806.8916	1000.0	224.0392	42.251095	270.13208	66.013756	2610000	0.022423038	244.75708	-9.523101	0.098406665	2.0
523	1341.4106	550.07227	2349.0266	875.633	937.8	151.42705	75.70156	262.71262	47.55674	2615000	-0.017971262	838.6677	-9.517831	0.08252848	4.0
524	1900.4467	612.61505	2513.8042	879.68195	875.0	207.44765	42.489666	266.0806	48.64563	2620000	-0.050832048	789.1826	-9.522526	0.07627627	8.0
525	2082.9565	365.9424	2412.434	1383.2247	1000.0	203.70274	56.626278	281.80176	41.028328	2625000	-0.04038199	418.451	-9.522794	0.098450325	7.0
526	1684.6515	1013.4684	2532.4104	188.11786	707.5	229.44345	12.328292	273.9153	41.291447	2630000	0.013486577	894.4519	-9.5287075	0.0785181	1.0
527	2345.5867	63.134094	2427.981	2252.044	1000.0	236.6192	16.360176	276.91684	42.69594	2635000	-0.0014640953	497.8059	-9.524658	0.10404211	4.0
528	1824.7191	600.51074	2368.4136	846.2189	875.4	214.9275	51.756016	272.08838	53.89202	2640000	-0.022071125	680.5299	-9.521439	0.076675735	5.0
529	1731.9635	462.88547	2320.3835	1271.1722	846.2	206.22046	50.78194	282.0883	24.485956	2645000	-0.057795092	1017.7764	-9.523398	0.07805037	11.0
530	2146.3254	384.95044	2467.5864	1392.0004	916.6	220.6515	13.145868	260.7743	15.268496	2650000	-0.0028489693	594.3518	-9.52615	0.079382904	3.0
531	2360.1746	46.416817	2415.2173	2298.0322	1000.0	233.4456	10.715994	285.61047	131.49274	2655000	0.039283086	287.1805	-9.528382	0.08211704	1.0
532	2012.2053	519.31696	2557.7625	1190.6108	906.0	224.38885	50.352333	274.50232	24.955275	2660000	0.0560487	837.2179	-9.526955	0.18414682	1.0
533	2337.1567	76.87575	2482.754	2252.9502	1000.0	235.61545	12.870419	269.25366	49.213985	2665000	0.0023166433	244.53975	-9.52543	0.077708945	3.0
534	2348.559	67.18174	2433.566	2227.6643	1000.0	237.14702	9.381621	265.49268	155.0296	2670000	-0.0031287265	216.04495	-9.5248785	0.09821486	4.0
535	2368.1016	85.0349	2446.625	2237.034	1000.0	239.60178	9.806683	270.41522	152.97614	2675000	-0.041377038	220.41843	-9.527342	0.08600831	6.0
536	2399.0825	43.201393	2447.415	2338.2766	1000.0	241.7132	10.652744	277.83243	171.60603	2680000	0.03898332	269.76996	-9.527456	0.10772229	2.0
537	2370.9387	54.53698	2470.4907	2323.6685	1000.0	242.64313	10.279741	274.10046	184.55371	2685000	0.041965753	161.68547	-9.527943	0.12395076	2.0
538	1926.7744	458.66278	2388.0198	1350.7312	912.0	220.9137	52.234863	266.23038	51.946964	2690000	-0.0050775954	572.7412	-9.524505	0.0876811	3.0
539	1992.0004	524.7614	2382.471	955.191	972.2	201.55945	54.70494	253.97603	57.591625	2695000	-0.10241869	603.8984	-9.557101	0.048336398	79.0
540	2362.3882	65.070145	2449.6772	2262.359	1000.0	230.53905	11.992844	272.55215	136.12343	2700000	-0.08194909	310.4615	-9.559647	0.07576193	12.0
541	2337.5974	76.50386	2440.501	2215.5977	1000.0	239.37457	11.222899	278.3589	178.46944	2705000	-0.021233045	248.96648	-9.558378	0.085556306	4.0
542	2277.2476	72.57349	2376.6018	2150.6885	1000.0	237.44106	11.360291	275.7436	118.063644	2710000	0.03475522	213.46872	-9.559944	0.07881018	1.0
543	2344.7178	56.330547	2399.6843	2239.6548	1000.0	233.02133	10.990565	254.80142	162.55428	2715000	0.04402742	293.8314	-9.555674	0.09701833	1.0
544	2331.1106	105.36507	2488.608	2168.7551	1000.0	241.35596	12.0812845	268.1682	148.93216	2720000	0.06499037	354.8883	-9.5598755	0.14252745	1.0
545	2378.3372	46.567207	2430.3142	2309.305	986.0	237.71745	15.143823	267.1985	27.913204	2725000	0.05080584	642.6295	-9.558051	0.17217663	1.0
546	2424.2495	22.56476	2461.4587	2390.6208	1000.0	239.1901	11.638142	262.16412	102.033195	2730000	-0.008103409	172.16867	-9.557729	0.07956385	3.0
547	2350.3213	48.18208	2410.2932	2285.623	1000.0	245.80325	8.811768	267.9947	154.67604	2735000	0.042775653	211.57922	-9.558786	0.1193493	1.0
548	1836.4714	665.9055	2445.1938	876.6556	875.4	214.55922	57.50968	264.11746	39.65204	2740000	0.032531735	870.4844	-9.5580015	0.12711523	1.0
549	2022.1973	518.0951	2366.0012	990.91455	1000.0	202.7439	58.011387	260.13684	29.122473	2745000	-0.06432625	308.12576	-9.5527	0.076644845	9.0
550	2372.9468	94.92136	2508.9314	2253.1853	1000.0	231.7414	11.688264	262.40137	151.13907	2750000	-0.055499706	214.96408	-9.55265	0.07703581	7.0
551	2131.352	460.9803	2492.2874	1246.8807	1000.0	215.25465	60.494473	269.48547	49.45028	2755000	-0.039871335	548.8481	-9.542374	0.07557996	7.0
552	1970.2598	530.99817	2427.661	1073.4354	939.2	214.31743	56.54775	270.79312	68.89406	2760000	-0.10185713	789.0776	-9.610256	0.02717002	79.0
553	1985.4799	616.96515	2394.3123	766.7389	863.8	226.33345	29.129936	258.77927	43.12725	2765000	-0.116871044	718.7242	-9.641973	0.050770577	79.0
554	2369.3374	138.49539	2491.8105	2099.3574	1000.0	229.3274	28.709496	261.3966	58.296127	2770000	-0.0404157	501.4642	-9.645939	0.09399534	7.0
555	2358.8667	82.85568	2432.703	2224.5325	1000.0	242.09265	13.634426	271.1706	106.24295	2775000	-0.00343557	279.47995	-9.650698	0.10566828	4.0
556	2363.312	31.8955	2390.7517	2303.2505	1000.0	240.85036	10.7454405	270.14047	138.69626	2780000	0.043888923	227.9137	-9.652525	0.10231722	1.0
557	2154.7954	568.04285	2454.2554	1019.1383	1000.0	214.37782	59.110767	268.27283	39.440937	2785000	-0.031093583	292.16077	-9.648125	0.0886906	6.0
558	2364.8142	115.42707	2496.9473	2215.7854	998.8	245.6377	10.908625	274.08624	112.512566	2790000	-0.027224757	946.1832	-9.649692	0.08166472	5.0
559	2395.3933	112.548225	2513.5237	2240.553	1000.0	237.75195	16.897953	289.3758	129.77168	2795000	-0.0324233	365.31036	-9.654492	0.07538987	5.0
560	2180.979	383.1229	2467.5996	1430.2393	921.2	243.5416	13.684427	276.70245	28.897186	2800000	0.03803249	633.5854	-9.65538	0.13534105	1.0
561	2398.8286	58.84961	2480.7034	2313.9321	1000.0	238.5771	11.182759	265.64108	165.94371	2805000	0.025476884	229.17035	-9.658315	0.0870455	2.0
562	1677.3688	947.5216	2483.7185	195.52522	818.4	200.2414	69.99782	273.71976	38.833626	2810000	0.017087264	644.7222	-9.655219	0.08846793	1.0
563	2038.9105	775.94934	2440.2559	487.17072	844.4	239.32213	14.3439455	276.73758	111.11812	2815000	-0.028224291	760.0932	-9.660716	0.08645479	6.0
564	2194.4888	441.77634	2477.652	1318.1675	1000.0	222.599	56.930195	277.48315	56.617584	2820000	-0.014236507	303.40494	-9.657786	0.08356073	4.0
565	2430.9192	110.816	2551.1204	2221.856	1000.0	244.01775	11.43893	265.04803	107.44161	2825000	-0.008412971	314.1247	-9.659769	0.10863152	4.0
566	2211.272	266.98578	2500.3965	1719.6152	1000.0	232.3622	46.44469	280.15665	33.709953	2830000	0.03582788	315.91806	-9.660289	0.08433936	1.0
567	2283.1814	488.59778	2575.4016	1312.2262	1000.0	215.62672	52.98508	269.08563	57.55345	2835000	-0.024199659	301.44595	-9.65553	0.080472745	6.0
568	2491.857	89.043175	2601.6145	2353.813	1000.0	251.98932	9.072093	270.77927	188.71313	2840000	-0.025592957	257.5729	-9.655393	0.08215651	5.0
569	2253.671	235.38129	2459.3938	1793.9287	1000.0	237.94646	48.836292	282.22665	73.96496	2845000	0.038324144	324.86725	-9.656186	0.10252887	1.0
570	2202.1914	550.2766	2539.503	1104.7871	1000.0	215.3698	58.896572	265.57898	72.61866	2850000	-0.021866955	285.8684	-9.652916	0.086739816	5.0
571	2142.4465	506.23035	2480.0723	1133.8811	1000.0	223.27103	59.850113	276.1758	69.81268	2855000	-0.120882034	298.02335	-9.720961	0.015691223	79.0
572	2460.1743	69.33064	2573.427	2385.3315	1000.0	241.7503	9.019195	280.03903	175.48915	2860000	-0.031723775	193.29976	-9.724132	0.07931503	5.0
573	2432.7637	81.71458	2579.85	2347.2515	1000.0	249.05142	9.53817	270.10632	183.15622	2865000	0.047362354	223.84547	-9.727428	0.12432483	1.0
574	2236.6865	358.56665	2505.79	1530.2122	1000.0	230.95422	51.01436	274.4462	55.16112	2870000	0.039989952	399.77686	-9.727511	0.123724535	1.0
575	2079.4297	422.07477	2545.2764	1327.0593	1000.0	209.5128	61.544956	262.28635	52.758537	2875000	-0.109949194	505.84375	-9.775361	0.0057423096	79.0
576	2421.4368	76.6472	2510.7622	2308.6152	1000.0	235.24358	15.391046	263.16672	80.102806	2880000	-0.08655435	272.7953	-9.777707	0.07624841	12.0
577	2491.9995	112.83435	2615.0127	2307.7705	1000.0	247.2404	11.323072	276.00797	137.84808	2885000	-0.051382244	321.99124	-9.782394	0.07824369	7.0
578	2221.3694	374.18616	2559.9844	1616.8242	925.4	244.47885	37.712757	281.65857	79.392105	2890000	-0.065037586	732.6663	-9.787475	0.07617979	13.0
579	2053.105	653.99023	2600.2346	808.49585	840.0	246.89082	13.938977	280.8116	69.621414	2895000	-0.028306622	1166.6136	-9.789746	0.08555146	5.0
580	2476.3665	81.48179	2563.0598	2321.3386	1000.0	242.38205	12.7346735	274.67804	58.950832	2900000	-0.040222265	269.4456	-9.792284	0.078229904	5.0
581	2258.3616	432.85315	2680.7185	1423.2615	920.8	251.01164	11.965354	275.96027	106.568565	2905000	0.026101759	802.2118	-9.79277	0.10630945	1.0
582	2414.6663	89.58447	2522.6284	2263.5242	1000.0	242.8774	33.04641	284.60114	53.414112	2910000	-0.030013924	327.8354	-9.785196	0.08103651	6.0
583	2422.4553	101.17708	2611.5186	2326.2317	1000.0	247.49713	9.962979	272.66296	188.4747	2915000	-0.020055037	239.03775	-9.779831	0.078938596	4.0
584	2569.896	124.35607	2801.615	2441.614	1000.0	249.16878	11.686236	274.78757	154.3083	2920000	-0.006701294	292.9471	-9.785482	0.09176529	4.0
585	2240.1045	554.0146	2670.4497	1150.755	1000.0	230.73795	68.45843	287.3438	65.003685	2925000	0.0012953443	370.1234	-9.781072	0.08724723	3.0
586	2493.5496	70.79829	2623.6975	2420.2527	1000.0	253.03355	10.608794	274.52502	186.99947	2930000	-0.0035757015	225.64845	-9.783679	0.07813815	4.0
587	1850.5403	727.3727	2497.4302	929.65063	1000.0	192.17052	80.04664	279.74963	40.696625	2935000	-0.043931413	456.3159	-9.773677	0.07800677	8.0
588	2462.04	139.66978	2581.5054	2262.765	1000.0	246.15758	12.871972	278.01837	105.355705	2940000	-0.039780013	420.2662	-9.782322	0.08115865	6.0
589	2486.6497	71.88731	2569.6824	2384.9626	1000.0	250.83395	11.70686	283.03094	155.99	2945000	-0.054823082	292.77094	-9.77818	0.083274916	8.0
590	2521.009	47.058056	2587.906	2456.3376	1000.0	250.97795	9.736827	284.7707	192.84196	2950000	-0.020222519	244.0379	-9.780031	0.07929447	4.0
591	1851.6139	733.516	2545.2493	845.0399	888.0	224.7638	60.498375	285.78098	88.763435	2955000	-0.023855846	607.27246	-9.7760315	0.083585866	6.0
592	1672.8557	945.9285	2423.9688	4.0786123	704.6	242.513	15.953989	288.23672	24.732346	2960000	-0.038997915	625.9849	-9.783979	0.079421006	6.0
593	2381.9526	233.82855	2579.6272	1931.8912	1000.0	231.86305	43.350285	277.3681	61.188217	2965000	-0.07999139	349.4215	-9.786146	0.076069504	13.0
594	2447.4077	97.99275	2559.9194	2321.8245	1000.0	253.05113	10.934722	293.16345	107.91688	2970000	-0.052849196	306.58585	-9.790274	0.07709969	7.0
595	2392.265	212.46652	2606.992	2032.0405	961.4	249.5875	15.37093	275.78067	56.289852	2975000	-0.032611493	787.4626	-9.792403	0.07860161	6.0
596	1732.1553	710.46234	2494.381	778.35046	822.6	219.152	64.42902	313.5373	34.06995	2980000	-0.09601337	1096.0894	-9.847406	0.022948032	79.0
597	1833.5338	823.6156	2489.0535	341.45517	836.4	220.705	52.30747	289.94073	24.220003	2985000	-0.1123719	632.1455	-9.895393	0.047987074	79.0
598	2478.4832	147.20985	2671.9153	2224.3953	1000.0	234.16985	35.73817	296.23962	39.892826	2990000	-0.09398163	533.9032	-9.930182	0.08037347	22.0
599	2195.5972	648.0909	2668.732	912.2717	1000.0	219.50693	68.71341	283.74228	48.69589	2995000	-0.04513264	358.6147	-9.935488	0.07575771	6.0
600	2094.5317	742.23773	2719.0264	671.4679	853.2	253.6844	26.40112	291.05148	16.945793	3000000	-0.11081135	959.138	-9.998544	0.012374897	79.0
