Epoch	AverageEpRet	StdEpRet	MaxEpRet	MinEpRet	AverageTestEpRet	StdTestEpRet	MaxTestEpRet	MinTestEpRet	EpLen	TestEpLen	TotalEnvInteracts	AverageQ1Vals	StdQ1Vals	AverageQ2Vals	StdQ2Vals	LossPi	LossQ	Time
1	17.878332	19.807758	195.24078	4.8482394	38.7965	0.9086214	40.39196	36.936653	21.489178	22.1	4999	5.8682847	4.505041	5.868232	4.504173	-6.7693925	0.11856312	38.285821199417114
2	18.198545	19.182756	228.0523	5.0064745	198.97913	8.729992	215.07074	182.0406	23.11574	116.05	9999	20.822515	9.325628	20.822615	9.320519	-22.57015	1.0898004	84.5420994758606
3	166.09782	38.934105	211.51741	34.54863	178.34906	7.0872545	188.43811	162.36147	95.61539	101.7	14999	37.991272	15.189623	37.99187	15.182425	-40.171833	3.9621868	130.9142415523529
4	199.21855	17.132315	237.77002	160.9793	188.32481	10.397021	208.45967	161.36243	117.06977	109.45	19999	56.61531	17.836632	56.615932	17.829319	-59.031223	3.3373032	181.19186544418335
5	141.76952	47.218254	209.48479	67.23802	90.239975	5.8907695	95.40662	76.45155	81.7377	52.9	24999	65.93913	22.052168	65.939606	22.046146	-67.90584	3.1815083	226.2064859867096
6	194.4877	20.418459	227.82408	88.1226	174.00554	4.9145613	181.69469	165.0759	112.59091	98.4	29999	70.80011	26.255306	70.80053	26.248787	-72.506516	3.5110593	276.344199180603
7	159.41484	54.670242	210.91693	19.22793	189.83353	1.6664084	193.48743	186.75	87.13793	93.65	34999	74.39829	28.190317	74.39894	28.183632	-76.69384	4.176085	322.2572093009949
8	219.67899	21.05875	303.95206	180.93965	305.0371	5.6802526	313.43616	292.9845	102.265305	126.4	39999	89.90553	29.154127	89.9051	29.151476	-92.31096	6.2216506	372.64285922050476
9	328.9131	172.9415	1119.1841	138.93294	515.3036	81.37368	593.8781	352.40582	134.37837	230.45	44999	105.86582	31.134346	105.865364	31.132488	-109.34712	10.697916	419.34691047668457
10	531.07806	257.7538	1201.7714	229.02084	470.63345	40.405987	541.36395	343.38336	225.0	200.2	49999	125.357735	30.47283	125.35649	30.458458	-128.69118	18.997818	470.65712881088257
11	479.63257	170.68205	811.5318	227.24422	642.73083	146.10481	973.8637	486.11063	180.25	207.25	54999	141.61432	35.44999	141.61345	35.446156	-144.78262	23.85062	520.2263329029083
12	557.71204	207.01889	917.2777	66.94649	656.4166	11.317201	687.8938	640.89105	186.74074	206.1	59999	154.46631	40.836456	154.46643	40.83	-157.33838	26.896303	569.8029766082764
13	621.33466	177.67685	950.1545	307.269	731.93164	100.11505	798.77094	307.1705	207.91667	237.0	64999	164.52444	44.80693	164.52602	44.808216	-167.41685	26.834513	620.7792522907257
14	487.86423	212.4021	838.1158	249.72453	412.33398	38.36463	475.04877	372.2086	179.60715	149.05	69999	178.41136	49.4483	178.41202	49.45103	-182.13235	28.375391	669.9888999462128
15	466.53043	83.92987	751.4899	311.7181	420.99155	28.901579	462.23184	355.49493	161.46666	147.65	74999	192.8948	53.029728	192.89673	53.02132	-196.45427	29.781843	720.5249998569489
16	439.08813	196.51216	788.0914	41.922047	776.3723	150.40535	864.54987	154.31152	154.69698	223.55	79999	194.7464	55.911293	194.74672	55.912548	-197.29442	27.715431	766.7590374946594
17	400.15598	352.20032	1166.8884	23.982655	969.0965	233.97865	1449.2555	760.47284	147.17647	304.85	84999	195.20122	59.552402	195.20284	59.54917	-197.82257	28.388504	819.4691443443298
18	938.6425	762.66486	2929.831	170.66447	1091.3909	130.82602	1419.061	954.05225	320.66666	330.3	89999	199.51375	62.967957	199.51485	62.96874	-202.2205	28.960587	867.3999328613281
19	1105.6185	570.9799	2651.1846	261.99884	768.197	600.62195	2096.7236	263.30768	346.33334	261.25	94999	205.10927	66.00134	205.1099	66.00112	-207.95291	29.029024	920.4419617652893
20	516.13654	423.60242	1488.6012	217.51309	374.65125	251.47632	1158.0789	278.35648	193.0	154.1	99999	210.53262	67.67317	210.53333	67.67396	-213.28383	29.376982	967.4989717006683
21	1070.5771	419.83896	1817.9777	87.331	1443.2952	599.3148	3246.465	1064.5466	334.33334	451.5	104999	212.5692	67.761375	212.56917	67.76283	-215.0999	29.546444	1022.5900137424469
22	1332.3834	651.24225	3141.6199	579.1759	1751.3854	759.67737	3278.3123	1011.0428	422.81818	519.2	109999	214.8308	66.987785	214.83075	66.99195	-217.2939	26.908731	1073.9584441184998
23	579.036	790.6193	3165.7922	38.646404	1473.5359	926.01215	3382.5276	597.6332	185.51724	438.05	114999	216.05118	66.62506	216.05165	66.624504	-218.31035	31.531515	1127.4610176086426
24	1089.6115	430.99533	1938.4812	289.42242	2115.4824	1002.94775	3288.521	339.8576	346.2143	650.25	119999	215.76328	65.683395	215.76315	65.68274	-217.84164	29.932434	1179.867805480957
25	1742.0387	770.47046	3226.5286	997.14996	1712.7869	564.38885	2907.3945	820.56885	529.9	505.75	124999	216.39204	65.57207	216.39183	65.57064	-218.46667	28.752094	1230.7229068279266
26	1852.2346	982.1791	3025.0225	514.0864	594.6405	13.7616205	616.9348	559.1764	600.875	219.55	129999	218.29892	66.13507	218.29985	66.12714	-220.15382	28.213976	1281.1394338607788
27	1759.9897	821.1996	3223.2507	602.92377	2981.4746	629.08856	3193.9243	242.7302	575.6667	955.7	134999	220.73727	66.58231	220.738	66.570946	-222.66913	29.571552	1332.3637690544128
28	2585.1692	959.16046	3115.039	668.0718	3174.8508	25.336433	3217.1316	3116.0908	843.2	1000.0	139999	223.33955	66.57296	223.33968	66.55179	-225.27075	29.808393	1387.0310900211334
29	2086.984	1173.9077	3213.1855	319.96405	3109.977	22.279337	3136.8296	3052.5642	662.125	1000.0	144999	225.2561	66.54375	225.25682	66.5298	-227.04945	26.907263	1437.1002156734467
30	3163.3723	37.7687	3194.9343	3089.3186	3233.3503	22.666306	3273.3599	3195.2444	1000.0	1000.0	149999	227.45053	66.5962	227.45097	66.583755	-229.0819	26.668787	1491.9852499961853
31	2832.132	688.9866	3228.9958	1295.3844	3191.51	22.786272	3219.031	3146.4893	899.6667	1000.0	154999	229.73994	66.52267	229.74048	66.51158	-231.48672	24.366587	1543.1659104824066
32	2667.4202	783.1929	3191.8904	1004.93665	3128.3213	42.021687	3180.929	3039.6484	845.5	1000.0	159999	231.89062	66.2821	231.89087	66.27384	-233.50902	23.583462	1598.0194923877716
33	3149.5955	43.893703	3213.4968	3081.983	3004.3892	375.49973	3191.013	1833.1978	1000.0	958.0	164999	233.99197	65.84041	233.99213	65.82971	-235.51524	23.460985	1648.4798471927643
34	3217.6506	50.375423	3293.1233	3152.5198	3373.0754	14.2017355	3387.3135	3340.2568	1000.0	1000.0	169999	236.09273	65.367294	236.0934	65.35674	-237.62723	21.67913	1703.0891768932343
35	2860.1921	826.2679	3296.3828	1208.121	3278.132	3.8250413	3285.8665	3273.314	874.4	1000.0	174999	238.62437	64.94976	238.6246	64.93542	-240.0549	21.694258	1754.4190261363983
36	3283.4438	20.358046	3312.8892	3251.4556	3347.4263	12.196206	3373.5479	3328.1304	1000.0	1000.0	179999	240.6791	64.92448	240.67958	64.917	-242.07985	20.39268	1809.3732018470764
37	3293.141	13.090334	3314.3618	3273.199	3325.5137	11.186673	3343.6267	3299.9172	1000.0	1000.0	184999	242.8117	64.59342	242.8118	64.584694	-244.2925	19.845287	1864.2877509593964
38	3293.7227	17.13271	3325.6526	3278.912	3326.7598	11.753068	3340.9414	3299.145	994.4	1000.0	189999	245.07307	64.4378	245.07295	64.431694	-246.52623	19.854546	1918.4138598442078
39	3108.9836	449.1047	3325.7996	2104.9468	3378.6152	14.197177	3403.5647	3352.8645	938.1667	1000.0	194999	247.6011	64.055855	247.60135	64.043945	-249.01324	19.678268	1970.5518341064453
40	3295.1328	6.261305	3302.9648	3288.455	3353.4126	8.86568	3368.3806	3334.5618	1000.0	1000.0	199999	249.83922	64.089165	249.83983	64.07672	-251.10033	19.104828	2024.2002086639404
41	3292.434	11.176694	3312.672	3278.6272	2293.359	424.28372	3358.6733	1481.4423	991.6	709.2	204999	252.31567	64.00853	252.31578	63.99411	-253.62595	18.636238	2075.4189579486847
42	3327.502	7.7771735	3338.0884	3317.652	3340.4414	25.932419	3358.3784	3270.0598	1000.0	1000.0	209999	254.49847	63.80122	254.49866	63.79619	-255.8807	18.634966	2130.0916295051575
43	3321.3235	23.66452	3362.1975	3295.523	3358.0378	19.050255	3378.9636	3321.4465	1000.0	1000.0	214999	256.24695	63.636204	256.2474	63.62723	-257.51465	18.2769	2180.6160604953766
44	3325.6511	5.2460637	3330.33	3315.4802	3373.899	11.959329	3393.9788	3355.6924	1000.0	1000.0	219999	257.92984	63.476734	257.93045	63.461903	-258.97116	18.50926	2235.5703887939453
45	3333.3586	16.500505	3357.2046	3313.1677	3380.688	5.187984	3389.7734	3370.0332	1000.0	1000.0	224999	259.34305	63.500256	259.3428	63.492416	-260.6313	16.913988	2285.837269306183
46	3316.2957	22.483213	3343.3718	3280.0315	3287.357	9.371443	3313.644	3273.8938	991.4	1000.0	229999	261.03677	63.03652	261.03683	63.025043	-262.17487	16.55037	2341.2166295051575
47	3336.976	13.859078	3350.9185	3311.069	3353.9453	20.441618	3383.4536	3313.6597	1000.0	1000.0	234999	262.39584	63.067398	262.39618	63.059834	-263.41898	16.856752	2391.4725799560547
48	2878.0962	708.35156	3373.718	1518.2769	2784.9094	580.6003	3326.0254	1996.4677	849.4	850.55	239999	263.98724	62.81575	263.9873	62.80365	-265.11465	16.217869	2445.227969646454
49	2965.7256	618.65106	3394.609	1705.0731	3330.8755	31.425173	3387.03	3297.654	876.3333	1000.0	244999	265.21335	62.866535	265.21344	62.85917	-266.09253	16.253124	2497.3109612464905
50	3370.8086	14.466781	3383.413	3342.5154	3346.9363	41.3278	3413.129	3300.8945	992.8	1000.0	249999	266.44916	62.89853	266.44922	62.888733	-267.45715	15.550181	2549.3029034137726
51	3002.3293	778.50555	3377.4177	1262.3351	3429.3047	2.4705184	3434.0493	3424.261	897.3333	1000.0	254999	267.64282	62.995647	267.64322	62.983597	-268.65494	15.572721	2603.6987590789795
52	3187.418	390.60867	3385.2402	2406.2334	3313.5093	1.947295	3316.6953	3309.9204	941.0	1000.0	259999	268.828	62.8382	268.82855	62.83532	-269.7789	15.832469	2654.0695745944977
53	3331.036	24.476776	3363.3274	3296.1177	3400.3442	3.1074305	3407.0955	3395.2854	998.4	1000.0	264999	270.0453	62.744225	270.04544	62.736744	-270.95645	15.512583	2709.096254825592
54	3107.2239	588.4143	3447.9382	1794.2394	3365.7227	6.8921156	3382.1318	3353.2483	920.5	1000.0	269999	271.24564	62.6583	271.24603	62.647984	-272.12494	15.042991	2759.6189181804657
55	3353.5688	24.440266	3384.2542	3320.3909	3075.522	540.9935	3385.4744	1598.906	1000.0	931.95	274999	272.3423	62.64165	272.3424	62.6378	-273.2814	14.789278	2814.7670962810516
56	3345.689	27.74398	3372.5327	3294.6924	3378.28	15.7073	3406.1597	3355.888	1000.0	1000.0	279999	273.51364	62.61131	273.51385	62.598267	-274.37476	14.907347	2869.0806605815887
57	3354.787	4.7831	3359.3367	3346.1555	2631.8464	544.25854	3337.9392	1932.6896	1000.0	782.95	284999	274.59354	62.4541	274.59335	62.45077	-275.3948	14.251678	2923.298487663269
58	3343.3315	34.526024	3405.4167	3306.5725	3372.3547	16.24153	3426.3535	3358.7463	1000.0	1000.0	289999	275.59784	62.063755	275.5978	62.056244	-276.3628	13.790357	2978.0416905879974
59	3370.853	28.51709	3408.8506	3330.2969	811.9795	120.14277	884.58307	568.39215	1000.0	270.5	294999	276.43625	61.969837	276.4366	61.96435	-277.291	13.3716	3028.6126420497894
60	3356.9011	21.509428	3391.1997	3333.72	27.554108	1.1874791	30.29074	26.173431	1000.0	22.7	299999	277.6295	61.763283	277.62943	61.75927	-278.41376	13.551809	3077.883843898773
61	2310.4187	1041.0765	3404.5085	880.5221	2926.4546	823.3828	3479.993	992.37177	698.8333	855.3	304999	278.439	61.75778	278.43896	61.749756	-279.09845	14.362591	3132.830552339554
62	3372.1074	15.341036	3398.1938	3357.016	3408.114	4.4855266	3414.9941	3399.5635	1000.0	1000.0	309999	279.15244	61.68718	279.15237	61.685383	-280.02524	14.532454	3186.97820019722
63	3353.836	34.961624	3413.5796	3316.0234	3420.4531	10.004583	3447.1277	3393.9875	1000.0	1000.0	314999	279.86816	61.606625	279.8683	61.600235	-280.6606	14.055507	3239.402209043503
64	2927.1975	1027.5723	3440.1045	630.4637	1348.6367	73.99062	1499.1681	1193.1523	871.1667	408.0	319999	280.60873	61.392494	280.60892	61.386425	-281.30545	14.608531	3290.852153778076
65	3193.813	291.80624	3400.3	2614.4521	3379.6387	7.7960763	3387.782	3356.1506	953.2	1000.0	324999	281.27945	61.396015	281.2797	61.39008	-282.0273	14.21676	3342.0108625888824
66	3279.0227	266.60196	3441.4932	2687.038	2400.3975	663.50653	3333.7146	1408.5397	965.5	710.75	329999	281.92844	61.210445	281.92844	61.205315	-282.69525	13.728599	3396.9486792087555
67	3097.138	641.4553	3446.8103	1815.4227	3484.9539	6.805806	3509.3948	3477.3477	903.4	1000.0	334999	282.63876	60.759106	282.63904	60.75226	-283.39752	13.760242	3447.5193400382996
68	3127.7412	707.4962	3504.3196	1548.2344	3476.821	20.711582	3495.3496	3393.52	913.6667	1000.0	339999	283.37668	60.403954	283.3765	60.399345	-284.0255	12.936681	3502.497925043106
69	3391.2988	42.73148	3451.7805	3319.8547	3410.1106	11.813809	3442.3362	3392.4778	1000.0	1000.0	344999	283.62436	60.61036	283.6246	60.602867	-284.2135	14.3878565	3553.410373687744
70	3406.2488	40.333157	3443.4548	3340.0544	3333.5156	3.487205	3341.3374	3328.3347	1000.0	1000.0	349999	284.0601	60.457584	284.06024	60.45119	-284.757	12.971535	3608.4411277770996
71	3371.0513	18.691227	3395.308	3349.1187	3413.5046	2.806498	3418.6765	3409.3357	1000.0	1000.0	354999	284.91623	60.014164	284.91605	60.01198	-285.58838	13.496442	3659.0642442703247
72	3066.2075	596.75134	3419.642	1878.9465	3514.089	4.656768	3520.8823	3505.5989	913.0	1000.0	359999	285.2647	60.110725	285.26462	60.10937	-285.89456	12.676855	3712.6363441944122
73	3361.556	10.902861	3377.3801	3344.8733	3417.5183	4.2566113	3423.5754	3408.7273	1000.0	1000.0	364999	285.842	59.932278	285.84253	59.93064	-286.40625	12.8679285	3764.9969460964203
74	3375.2104	22.360464	3409.509	3343.9978	3478.5864	3.2352214	3486.3958	3472.5205	1000.0	1000.0	369999	286.26764	59.834213	286.26764	59.83052	-286.87912	12.294491	3817.3945100307465
75	2821.6855	1250.0872	3458.7322	28.100546	3487.6902	15.081952	3518.032	3458.8762	837.3333	1000.0	374999	287.09	59.21015	287.0902	59.20515	-287.7216	13.00998	3871.5110142230988
76	3124.0325	442.35458	3429.123	2276.7556	3545.8582	3.757523	3551.0232	3536.182	907.6667	1000.0	379999	287.93643	58.963127	287.93646	58.961872	-288.47937	12.572713	3925.7747654914856
77	3390.567	52.22	3444.9358	3294.1501	3448.9106	5.7961044	3460.901	3438.8928	1000.0	1000.0	384999	288.37906	59.202255	288.3793	59.198536	-288.9359	12.671964	3980.4078114032745
78	2819.4492	643.9724	3399.3525	1808.4237	3352.2505	14.54001	3374.8604	3324.9902	838.4	1000.0	389999	289.3228	58.846935	289.3228	58.841084	-289.80316	12.165244	4031.3727560043335
79	3412.064	34.508804	3442.5413	3344.6074	3412.2188	4.902594	3420.26	3402.6506	1000.0	1000.0	394999	289.9252	58.779438	289.9253	58.778564	-290.5353	12.190812	4084.8633410930634
80	2944.9846	993.70605	3415.3289	723.45636	3079.1023	991.11615	3504.3774	437.68076	873.1667	887.85	399999	290.7041	58.534405	290.70395	58.527966	-291.2275	12.31202	4137.933490037918
81	3416.0664	28.738234	3450.0227	3373.0454	3451.0972	8.9799385	3474.0298	3432.2197	1000.0	1000.0	404999	291.2987	58.52351	291.299	58.517654	-291.8303	12.204418	4188.926291227341
82	3272.8208	260.9816	3429.0652	2751.7703	3420.7715	6.68961	3430.6777	3407.299	959.4	1000.0	409999	292.1707	58.13606	292.17065	58.1367	-292.7582	11.69833	4243.363588809967
83	3416.7961	38.22171	3456.372	3354.6538	3349.5735	59.680527	3429.9648	3222.4146	1000.0	1000.0	414999	292.7697	58.236355	292.7695	58.23256	-293.2915	11.770126	4297.5560846328735
84	3406.1968	59.51647	3470.008	3307.7266	3442.1753	5.9062605	3451.833	3428.2402	1000.0	1000.0	419999	293.2744	58.226986	293.27405	58.223877	-293.90277	11.992153	4352.529510498047
85	3419.8074	20.588615	3448.187	3397.6226	3452.3804	6.0393414	3468.8826	3439.7253	1000.0	1000.0	424999	293.8561	57.96907	293.85608	57.96914	-294.39407	11.997292	4407.31214094162
86	3400.8843	33.643147	3448.885	3359.8	3474.7925	11.355563	3500.9749	3455.116	1000.0	1000.0	429999	294.4497	57.817326	294.4499	57.80973	-295.07895	11.840901	4461.452751398087
87	2759.9558	1044.775	3462.739	991.3997	3473.7903	5.221016	3488.0796	3464.4294	805.1429	1000.0	434999	295.06055	57.535374	295.06067	57.530125	-295.59735	11.872535	4515.2567138671875
88	3403.5066	31.885168	3446.7932	3359.1707	3501.782	22.416096	3547.8782	3438.4856	1000.0	1000.0	439999	295.27744	57.68105	295.2776	57.67502	-295.80753	11.949673	4567.440368413925
89	3430.3718	25.372168	3460.4822	3398.0137	3441.8555	8.690096	3455.7566	3422.9268	1000.0	1000.0	444999	295.906	57.108547	295.90616	57.10797	-296.3794	11.722955	4620.076695680618
90	3410.6946	34.70194	3461.8113	3353.6975	3511.276	12.312276	3532.4731	3479.2424	1000.0	1000.0	449999	296.10812	57.394814	296.10812	57.39218	-296.65988	10.695984	4674.002449989319
91	3439.8384	30.561874	3489.2146	3403.8765	3540.2878	7.837305	3553.1135	3522.8972	1000.0	1000.0	454999	296.5146	57.41377	296.51456	57.410904	-296.98157	11.275198	4724.560922384262
92	3432.9575	32.76435	3476.898	3382.3801	3504.4844	6.1597977	3514.811	3492.9026	1000.0	1000.0	459999	297.26337	57.16491	297.26318	57.16428	-297.754	10.779739	4779.317356109619
93	3458.847	27.778164	3505.2278	3424.777	3541.4407	6.7248673	3563.154	3525.8594	1000.0	1000.0	464999	297.8492	56.959484	297.8489	56.956715	-298.33224	10.6946535	4829.9055824279785
94	3100.413	736.9063	3483.936	1626.725	3500.3523	12.097289	3526.3242	3476.0017	893.6	1000.0	469999	298.39056	57.060547	298.39035	57.058086	-298.80573	10.87177	4885.509090662003
95	3436.642	29.202206	3477.93	3388.3767	3064.6501	785.97614	3538.3713	1382.227	1000.0	888.35	474999	298.74152	56.97268	298.7415	56.973324	-299.17853	10.949691	4935.609414577484
96	3387.6824	83.4198	3454.6633	3228.1548	2468.292	1082.0914	3470.412	1144.1484	980.4	714.3	479999	299.15207	56.706818	299.15207	56.70762	-299.59573	10.909653	4990.499584913254
97	3475.6367	31.207333	3508.3774	3424.1533	3481.6094	4.0079966	3489.6865	3476.1562	1000.0	1000.0	484999	299.75598	56.422195	299.75626	56.41903	-300.2314	10.111316	5044.435704469681
98	3415.7449	233.6068	3532.621	2894.0605	3514.644	9.339067	3536.2192	3498.7869	969.5	1000.0	489999	300.4046	56.070984	300.40482	56.066925	-300.8813	10.567775	5099.146380186081
99	3462.5164	31.499176	3511.9514	3421.1401	2782.461	735.15857	3521.3914	1551.3142	1000.0	797.15	494999	300.9429	56.114548	300.9429	56.11724	-301.43942	10.722032	5154.2617609500885
100	3464.934	19.620333	3492.46	3438.8767	3404.4863	9.826846	3434.194	3388.3835	1000.0	1000.0	499999	301.45206	56.050278	301.45193	56.050495	-301.94485	9.908539	5206.020372629166
101	3463.8843	37.989697	3511.9956	3416.9324	3379.0854	406.92862	3590.891	1936.9028	1000.0	956.1	504999	301.9363	55.82924	301.9362	55.82549	-302.3686	10.219852	5258.610830545425
102	1991.9762	1695.9359	3492.3186	27.38994	3505.4897	4.7109494	3515.9526	3495.7852	583.0	1000.0	509999	302.4605	55.673813	302.46057	55.672455	-302.88025	9.982825	5312.104869604111
103	3495.689	20.18058	3520.9084	3477.08	3570.8633	18.295898	3592.816	3500.1997	1000.0	1000.0	514999	302.7993	55.78285	302.79916	55.782288	-303.21072	10.025618	5363.061866521835
104	3139.7783	830.26715	3523.3496	1283.379	3536.7397	7.2836685	3548.434	3522.6182	894.1667	1000.0	519999	303.3947	55.57752	303.39435	55.576134	-303.79584	10.148636	5418.518929719925
105	3220.29	550.7561	3512.5342	1989.9406	3592.9602	9.527794	3610.2607	3576.3235	927.0	1000.0	524999	304.06125	55.278194	304.06137	55.275482	-304.42056	9.295178	5468.536107540131
106	3464.4954	19.344095	3483.7683	3437.7612	3548.2778	12.695011	3565.6406	3507.7288	1000.0	1000.0	529999	304.48462	55.19747	304.48456	55.19725	-304.89886	9.938305	5523.476198911667
107	3471.6265	37.7612	3510.6458	3402.57	3593.7532	9.499407	3609.4692	3572.5505	1000.0	1000.0	534999	304.87994	55.280468	304.8798	55.278538	-305.39276	9.733405	5573.79055762291
108	3475.81	27.08812	3515.39	3442.8062	3583.724	13.668117	3600.2595	3550.2197	1000.0	1000.0	539999	305.3259	55.382866	305.3257	55.38018	-305.74606	9.470755	5629.137857198715
109	3507.041	23.725971	3536.617	3471.2007	1821.6566	557.0628	3292.0444	1388.7441	1000.0	551.2	544999	305.69498	55.317932	305.69504	55.32091	-306.0718	9.737402	5683.839154958725
110	2780.7175	911.6141	3518.638	1395.4481	1310.9119	50.898453	1403.9237	1235.2905	793.6667	381.45	549999	306.0746	55.20602	306.0746	55.20566	-306.4374	9.231663	5735.002210855484
111	3443.2957	124.90851	3555.0347	3200.3435	3140.249	828.2712	3589.917	1342.2487	979.8	884.8	554999	306.39835	55.1214	306.39804	55.118763	-306.78888	10.118622	5790.005815267563
112	3334.8328	305.64313	3512.2668	2724.4045	1402.7657	470.15436	3087.3154	1143.685	949.6	409.65	559999	306.809	55.177536	306.80884	55.174835	-307.345	9.561991	5843.453309059143
113	3487.392	15.061251	3502.4333	3467.4668	3292.7527	540.99854	3563.6482	1310.7249	1000.0	931.35	564999	307.22644	55.06171	307.22638	55.060898	-307.66006	8.719848	5894.80880856514
114	3338.575	320.89508	3529.1318	2697.719	3582.6714	17.121237	3613.8018	3551.5906	951.2	1000.0	569999	307.57355	55.133934	307.5735	55.132347	-308.00894	8.838458	5949.510031461716
115	3508.2102	26.004599	3548.3936	3477.139	3629.2805	9.814694	3646.596	3609.8423	1000.0	1000.0	574999	307.87714	55.1781	307.87714	55.180233	-308.24478	8.786893	5999.611333370209
116	3197.5076	674.4245	3565.6257	1691.3734	3535.809	41.1401	3573.7827	3382.97	915.8333	1000.0	579999	308.22278	55.172783	308.22235	55.169903	-308.606	9.843048	6054.54693031311
117	3498.3816	43.907646	3560.2947	3441.4631	3507.3223	126.80426	3569.208	2959.003	1000.0	990.2	584999	308.6452	55.036045	308.6453	55.031185	-309.0649	9.385761	6104.891627788544
118	2768.7502	1047.5471	3568.1648	937.5436	3411.523	43.593704	3472.0322	3276.15	798.1667	1000.0	589999	309.1534	54.753788	309.15356	54.750713	-309.6096	9.681641	6160.401342868805
119	2934.8357	1304.5774	3554.12	18.185568	3629.4526	21.260212	3656.8767	3592.4993	836.1667	1000.0	594999	309.4094	54.82909	309.4092	54.831448	-309.90305	9.439633	6211.149480104446
120	3503.0132	26.526085	3535.461	3456.7483	3622.8938	5.4989696	3635.8503	3614.7402	1000.0	1000.0	599999	309.5886	54.92616	309.5885	54.928062	-309.97595	8.753095	6265.129255056381
121	3534.9539	18.665789	3558.1975	3515.2559	1787.0365	756.42773	3453.6028	1362.1764	1000.0	519.7	604999	309.93314	54.798607	309.93295	54.80283	-310.2715	10.035728	6317.214912652969
122	3523.185	28.462479	3559.2454	3479.2227	3573.2917	5.401295	3582.7712	3562.6719	1000.0	1000.0	609999	310.0511	55.006813	310.05124	55.007355	-310.39035	9.270447	6369.146856784821
123	3205.5664	719.5006	3561.2083	1598.1918	3659.3472	10.002137	3678.7097	3643.5808	907.8333	1000.0	614999	310.21994	55.017647	310.22003	55.015766	-310.57526	9.173555	6423.667706727982
124	3538.935	26.848833	3591.462	3515.228	3635.5464	4.666255	3642.3826	3626.286	1000.0	1000.0	619999	310.57593	54.72699	310.57556	54.729298	-310.89276	8.719791	6474.2799253463745
125	1414.5624	1666.706	3562.275	14.469605	3449.239	284.15662	3638.5652	2839.8472	408.25	955.95	624999	310.89954	54.421658	310.89935	54.42345	-311.2324	9.221672	6529.296099185944
126	3527.5945	16.257828	3558.3933	3512.7373	1671.698	627.9692	3562.9612	1395.3895	1000.0	470.3	629999	310.86014	54.416573	310.8602	54.41633	-311.1709	9.811278	6579.711153507233
127	3501.4575	27.250055	3549.5154	3464.8071	3206.1396	556.08673	3603.5952	1390.3116	1000.0	912.95	634999	310.8613	54.6163	310.86115	54.61414	-311.12177	9.837903	6634.69332575798
128	3522.194	33.77749	3579.3293	3483.9048	3638.9077	17.605358	3665.599	3606.3118	1000.0	1000.0	639999	311.2113	54.282772	311.2112	54.28338	-311.66122	9.698565	6685.72030544281
129	3574.516	22.21598	3601.5952	3544.66	3663.3716	8.873318	3685.2786	3646.5881	1000.0	1000.0	644999	311.56714	54.15978	311.56744	54.163208	-311.9708	8.757678	6740.438647985458
130	3569.2617	18.270012	3601.7278	3546.238	3619.8413	4.065388	3626.1658	3611.3237	1000.0	1000.0	649999	312.0407	53.900974	312.04025	53.90203	-312.4501	9.246227	6791.112791776657
131	3059.6648	727.0136	3558.4841	1656.2712	3474.9656	311.02505	3617.3123	2128.3062	866.3333	978.8	654999	312.30206	54.238773	312.30215	54.23758	-312.72232	9.523719	6844.507675647736
132	3566.225	17.213558	3593.7703	3542.6616	3635.1187	6.4119425	3647.2407	3621.6672	1000.0	1000.0	659999	312.7603	53.96306	312.76016	53.96181	-313.12195	8.459821	6897.033624649048
133	3551.062	14.68322	3573.2998	3527.9124	3641.375	4.9120207	3651.9712	3632.362	1000.0	1000.0	664999	313.20172	53.7894	313.20163	53.78605	-313.5596	9.036346	6949.475446462631
134	3544.2695	18.46606	3568.2246	3517.542	3643.4438	3.3861241	3648.0627	3634.728	1000.0	1000.0	669999	313.5136	53.696198	313.51367	53.6959	-313.86554	8.947329	7003.118568658829
135	3568.8325	18.153625	3591.53	3536.0515	3646.522	21.237476	3664.436	3563.9348	1000.0	1000.0	674999	313.99826	53.54337	313.9981	53.54371	-314.3929	8.339937	7053.580436944962
136	3548.6543	22.308348	3570.9402	3509.2434	3414.6772	372.7125	3585.6548	1798.3912	1000.0	975.65	679999	314.59045	53.407326	314.59006	53.40835	-314.86575	8.498441	7108.368803262711
137	3530.6113	15.76149	3549.27	3502.5776	3628.9585	11.762298	3651.8506	3604.4177	1000.0	1000.0	684999	314.84515	53.333523	314.84494	53.33328	-315.15472	8.797243	7159.019598484039
138	3372.3696	376.50894	3589.898	2621.1152	3524.6035	132.0459	3653.4539	2976.2744	946.2	984.95	689999	315.1073	53.34322	315.1074	53.34353	-315.43848	9.021992	7214.529357910156
139	3541.321	29.845266	3597.4016	3518.1719	3665.6362	4.724501	3674.8218	3657.327	1000.0	1000.0	694999	315.52	52.99527	315.51947	52.996067	-315.98138	7.9262533	7264.569195270538
140	3564.9214	31.76424	3610.6729	3528.1248	3400.1836	379.00702	3568.3467	2167.2417	1000.0	962.1	699999	315.88638	52.701878	315.88602	52.704178	-316.2376	8.678761	7319.481981515884
141	3564.5723	10.253541	3575.65	3548.272	3652.897	5.8586984	3662.918	3644.1257	1000.0	1000.0	704999	316.22504	52.848606	316.22464	52.84752	-316.6215	8.507981	7369.5457146167755
142	3554.3457	26.392036	3593.2039	3510.824	3116.7192	500.142	3566.5815	2063.5579	1000.0	884.5	709999	316.58966	52.550762	316.58932	52.551544	-316.87094	8.573175	7424.534451723099
143	3557.3726	47.706936	3607.2393	3484.2268	3657.1938	12.839035	3678.4998	3613.6533	1000.0	1000.0	714999	316.71606	52.70405	316.71616	52.703068	-317.07242	8.506264	7475.575354814529
144	3582.0923	32.448788	3623.1882	3528.1182	3635.9673	16.451336	3661.3308	3601.418	1000.0	1000.0	719999	316.78284	52.71408	316.78275	52.713898	-317.1623	8.02415	7529.025973320007
145	3588.7297	12.372901	3606.8103	3574.5605	3656.2395	5.509765	3669.4905	3646.5874	1000.0	1000.0	724999	317.05673	52.644073	317.0565	52.64384	-317.37558	8.831202	7581.280387401581
146	3515.2388	137.45967	3619.9324	3253.7349	3722.855	5.918218	3731.819	3710.3096	981.6	1000.0	729999	317.59326	52.101105	317.59348	52.104576	-317.95395	8.255605	7633.234678268433
147	3597.0425	29.625257	3624.105	3552.7205	3494.3066	430.44342	3643.3357	1755.0497	1000.0	966.15	734999	317.907	51.859444	317.90704	51.857704	-318.21146	8.2979965	7687.863901615143
148	3565.5066	13.338307	3577.4414	3540.7131	3473.4653	54.532257	3614.4993	3361.6206	1000.0	997.3	739999	318.25504	51.699673	318.2547	51.70149	-318.5324	8.311679	7738.6766312122345
149	3581.243	25.712524	3616.4072	3539.0762	3605.4785	101.74554	3667.0679	3221.027	1000.0	989.5	744999	318.42252	51.4945	318.42242	51.49264	-318.77524	9.182183	7793.743572950363
150	3606.243	26.399248	3645.4346	3563.079	3654.4675	3.9146924	3660.0857	3647.6047	1000.0	1000.0	749999	318.47574	51.71465	318.47552	51.71305	-318.78998	8.166241	7843.729819774628
151	3608.5598	16.807775	3635.3728	3592.6572	3715.4934	4.726403	3723.079	3706.732	1000.0	1000.0	754999	318.855	51.744194	318.85513	51.743248	-319.1083	9.062756	7898.981713294983
152	2997.531	1334.491	3615.078	14.101545	3603.7837	40.503372	3634.2336	3467.3293	835.8333	1000.0	759999	319.24512	51.427605	319.2453	51.427795	-319.5457	8.414611	7949.961359739304
153	3616.2773	17.389835	3638.4836	3598.673	2770.1646	1106.0084	3659.5288	1136.6559	1000.0	773.6	764999	319.3756	51.75202	319.37558	51.751434	-319.7531	8.38915	8005.240392923355
154	3183.6921	840.8888	3635.6033	1312.4601	3477.8699	41.542374	3567.027	3429.7	886.8333	1000.0	769999	319.45316	52.01844	319.45322	52.01662	-319.7614	8.19292	8055.663161754608
155	3586.4375	24.378696	3619.8733	3555.8496	3630.3594	20.564915	3655.0354	3584.04	1000.0	1000.0	774999	319.46747	52.229607	319.4673	52.231884	-319.8218	8.674866	8109.8587255477905
156	3577.7805	28.30013	3625.0757	3537.7366	3681.3743	5.0500813	3693.7344	3674.0312	1000.0	1000.0	779999	319.80103	51.99381	319.80048	51.994358	-320.08044	8.223846	8162.134016275406
157	3573.2651	22.334543	3608.2874	3538.9976	3623.2202	8.980877	3642.1277	3605.731	1000.0	1000.0	784999	320.00763	52.048058	320.00772	52.05098	-320.26746	8.077136	8214.639155864716
158	3535.7402	44.885265	3609.592	3477.0352	3549.593	18.476599	3570.3643	3504.499	1000.0	1000.0	789999	320.1437	52.127956	320.1433	52.12829	-320.46335	7.6268	8269.235496282578
159	3559.7063	14.80156	3578.754	3539.342	3677.7554	6.9858794	3690.5815	3660.7356	1000.0	1000.0	794999	320.2308	52.048553	320.231	52.048553	-320.5205	8.089986	8319.608762264252
160	3556.849	42.080917	3628.1016	3505.852	3644.8977	20.058964	3679.0935	3593.2563	1000.0	1000.0	799999	320.35156	52.08216	320.3514	52.082237	-320.53473	7.8045516	8374.696898937225
161	3598.7551	17.374897	3618.0725	3566.968	3603.132	15.580766	3628.8914	3576.1543	1000.0	1000.0	804999	320.5332	52.130238	320.5334	52.131966	-320.73544	7.8184485	8425.066757678986
162	3594.405	21.268011	3614.2913	3556.2493	3444.748	567.48126	3631.7805	1015.04083	1000.0	957.25	809999	320.78433	52.15802	320.7844	52.154964	-321.09702	7.7931547	8480.651790857315
163	3558.6895	39.872784	3603.0515	3508.2502	3717.461	11.418422	3739.7559	3696.5024	1000.0	1000.0	814999	320.8588	52.178196	320.85876	52.176662	-321.11386	8.421662	8531.519803524017
164	3024.9465	1079.1754	3599.1125	867.3121	3657.4316	3.9216993	3662.5793	3648.6116	854.6	1000.0	819999	321.1952	51.974514	321.1953	51.97231	-321.45316	7.5381875	8586.727650880814
165	3587.0913	16.053392	3613.3972	3563.2634	3515.2969	9.03684	3530.174	3501.9434	1000.0	1000.0	824999	321.481	51.74264	321.48087	51.7416	-321.7951	8.051572	8637.343622684479
166	3536.3933	10.405934	3553.411	3521.8984	3610.1394	23.885426	3644.351	3547.1936	1000.0	997.7	829999	321.87888	51.78471	321.8789	51.78517	-322.19586	7.4090033	8691.53495836258
167	3480.5774	237.53764	3617.1885	3006.308	3627.5032	19.21625	3656.2183	3589.7075	963.0	1000.0	834999	322.1927	51.634922	322.1927	51.634388	-322.4821	7.6505656	8744.005418539047
168	3593.2058	18.281332	3611.4302	3559.0217	3657.53	2.8869524	3663.7903	3652.0168	1000.0	1000.0	839999	322.41876	51.691322	322.41855	51.693348	-322.6367	7.2764764	8796.820026636124
169	3602.4507	31.870918	3645.932	3546.53	3445.0125	524.0012	3663.1306	1754.6442	1000.0	951.85	844999	322.8748	51.341103	322.87488	51.33973	-323.11966	7.733773	8850.62398481369
170	3618.8647	13.270539	3644.3257	3605.9714	3614.515	54.123688	3707.5735	3499.22	1000.0	1000.0	849999	323.09433	51.435265	323.09427	51.436935	-323.364	7.580389	8901.595434427261
171	3586.3145	29.258312	3631.7158	3550.3308	2859.5493	807.91315	3628.4255	1107.5382	1000.0	788.0	854999	323.49863	51.244606	323.49826	51.2442	-323.72922	7.380136	8956.75065946579
172	3615.7515	16.136362	3645.1462	3598.1191	3652.3528	9.729227	3674.9417	3639.3123	1000.0	1000.0	859999	323.8055	50.925922	323.80594	50.921936	-324.0801	7.9602265	9007.554594278336
173	3598.1414	23.505322	3630.144	3563.318	3695.0144	7.3364625	3708.0962	3680.3953	1000.0	1000.0	864999	324.14203	50.839363	324.14172	50.840923	-324.4105	7.4069705	9063.427570104599
174	3602.936	22.713758	3640.5098	3579.0095	3436.472	546.6144	3660.2153	1792.9646	1000.0	949.05	869999	324.52246	50.656616	324.52252	50.65676	-324.80438	6.990692	9114.258777618408
175	3598.978	24.034912	3632.4028	3566.6763	3224.7083	662.9471	3665.1401	1591.4478	1000.0	903.05	874999	324.53452	50.99438	324.5343	50.99173	-324.76263	6.8812017	9169.270031690598
176	3597.649	29.042763	3637.9785	3548.9128	3629.6165	28.214518	3664.8826	3574.773	1000.0	1000.0	879999	324.72992	51.035133	324.7299	51.034233	-324.9491	7.0509577	9220.219977855682
177	3603.979	4.93677	3612.0732	3598.9907	3680.9387	6.0905085	3695.2234	3672.066	1000.0	1000.0	884999	325.0865	50.700344	325.08664	50.702957	-325.3336	6.972042	9273.624374389648
178	3604.2976	41.346645	3649.9976	3527.0652	3610.972	22.892513	3650.035	3556.9202	1000.0	1000.0	889999	325.32675	50.644707	325.32654	50.646187	-325.63675	6.778121	9327.112535953522
179	3612.7534	17.714844	3644.718	3597.3254	3717.7505	6.0205693	3731.8052	3705.4468	1000.0	1000.0	894999	325.92392	50.27235	325.92392	50.2684	-326.2076	6.862481	9378.942971944809
180	3596.3052	19.116312	3633.4775	3582.256	3496.0754	561.12683	3635.5786	1050.2601	1000.0	966.35	899999	326.13675	50.381454	326.1368	50.384136	-326.42987	7.7292643	9433.707181453705
181	3590.6023	17.073254	3613.7722	3570.4883	3249.9258	768.3031	3679.3013	1534.6367	1000.0	894.2	904999	326.27124	50.409744	326.27124	50.410587	-326.4384	7.1191783	9488.327903032303
182	3605.662	21.066929	3632.2341	3571.4197	3733.5024	29.192863	3780.1436	3628.8728	1000.0	1000.0	909999	326.43503	50.278275	326.4352	50.27872	-326.62314	7.520489	9543.068184614182
183	3636.9739	18.832218	3655.3535	3605.908	3666.4019	26.554901	3683.0317	3577.0532	1000.0	1000.0	914999	326.809	49.802166	326.80896	49.801075	-327.0969	6.671775	9599.098861455917
184	3603.0	25.549263	3641.7546	3568.031	2527.2634	1070.8607	3636.1877	1238.5376	1000.0	702.2	919999	327.06076	49.6822	327.0607	49.684753	-327.2151	7.1278515	9653.936619997025
185	3617.4023	18.823126	3630.503	3580.2307	3633.9062	37.951508	3695.5027	3579.9563	1000.0	1000.0	924999	327.12064	49.81337	327.1205	49.81204	-327.267	7.1665382	9707.129771232605
186	3436.8845	398.6699	3636.8618	2545.8743	3670.1125	10.042025	3690.7458	3656.7727	952.8333	1000.0	929999	327.19443	49.980152	327.19434	49.984234	-327.4901	7.1614766	9762.274000167847
187	3605.0188	32.7045	3652.1333	3572.888	2571.8628	850.0711	3689.4292	1727.9656	1000.0	702.95	934999	327.3278	49.911263	327.32745	49.917404	-327.5023	7.4291186	9813.37254023552
188	3617.466	21.77288	3645.3848	3584.341	3727.8289	11.09182	3743.4285	3699.8237	1000.0	1000.0	939999	327.433	49.882553	327.4329	49.881626	-327.7036	6.986375	9869.251007556915
189	3617.7358	21.130447	3641.2024	3582.6892	3463.8665	430.5668	3689.4644	1718.5731	1000.0	958.65	944999	327.6697	49.68812	327.66965	49.68714	-327.84064	7.2136116	9919.992380619049
190	3108.9497	1017.3918	3658.9624	1074.7842	3694.931	11.10984	3717.406	3667.087	865.4	1000.0	949999	327.9157	49.59054	327.91534	49.590786	-328.1721	7.040669	9975.22364616394
191	3613.5144	6.945342	3621.318	3603.71	3674.088	10.588864	3692.209	3649.5515	1000.0	1000.0	954999	328.1291	49.474	328.12888	49.46881	-328.3466	7.51885	10025.788465499878
192	3617.8765	16.764502	3642.5718	3590.6726	3656.8367	11.655474	3668.2344	3619.0857	1000.0	1000.0	959999	328.47076	49.321644	328.47073	49.32278	-328.7549	6.3526416	10079.926948785782
193	3620.9692	20.443113	3653.1333	3592.9377	3673.8677	4.986257	3682.998	3664.197	1000.0	1000.0	964999	328.73068	49.502464	328.73056	49.500027	-329.0091	7.0370765	10132.624619960785
194	3626.4165	16.09613	3645.848	3605.4272	3650.9648	34.422806	3688.7246	3563.9563	1000.0	1000.0	969999	328.97247	49.572678	328.97256	49.57646	-329.2341	7.515165	10184.978340148926
195	3612.1313	10.057798	3625.2554	3598.385	3632.9387	9.004499	3648.3875	3619.8545	1000.0	1000.0	974999	329.07367	49.72679	329.0735	49.72755	-329.35156	7.4952936	10239.019919157028
196	3603.4395	11.007184	3616.8953	3591.2031	3664.6418	4.0641108	3672.241	3657.6272	1000.0	1000.0	979999	329.1299	49.880165	329.12997	49.884148	-329.32794	7.463693	10289.629850149155
197	3591.7214	17.02457	3610.1619	3559.5444	2725.2446	1134.2627	3685.7947	1110.827	1000.0	759.75	984999	329.3278	49.77717	329.32748	49.77894	-329.49954	6.891778	10344.914508581161
198	3611.9023	16.705477	3638.9543	3588.0483	3689.616	4.076697	3696.8054	3681.1753	1000.0	1000.0	989999	329.47754	49.697598	329.4776	49.69544	-329.721	6.871083	10395.851496219635
199	3612.9382	13.292773	3632.244	3594.4678	3654.2905	4.9084163	3666.1294	3645.19	1000.0	1000.0	994999	329.62802	49.602486	329.6281	49.601757	-329.85217	7.1437016	10450.97554397583
200	3604.485	19.414965	3634.3293	3575.4248	3724.1614	4.022666	3733.2295	3715.2424	1000.0	1000.0	999999	329.83923	49.2385	329.8389	49.238503	-330.09836	6.073171	10501.42263841629
