Epoch	AverageEpRet	StdEpRet	MaxEpRet	MinEpRet	AverageTestEpRet	StdTestEpRet	MaxTestEpRet	MinTestEpRet	EpLen	TestEpLen	TotalEnvInteracts	AverageQ1Vals	StdQ1Vals	AverageQ2Vals	StdQ2Vals	LogPi	LossPi	LossQ	Alpha	LossAlpha	Time
1	59.11396	47.6096	192.30168	5.5858693	181.93721	1.276436	184.27469	179.96751	37.451126	99.15	4999	14.820228	9.286467	14.823236	9.282583	0.0059874402	-15.420805	3.1471543	0.13427924	0.42826325	57.1849148273468
2	167.5819	33.62095	231.42282	119.22085	126.003784	1.188448	127.96952	123.330315	91.23637	72.6	9999	43.188297	11.876348	43.18827	11.886559	1.9288425	-44.000824	12.294698	0.061609264	0.07142254	120.07767605781555
3	183.36432	28.955912	246.9259	114.684326	226.78293	3.8465133	234.80809	221.33191	100.42857	134.25	14999	63.427155	17.51393	63.428192	17.507637	2.922678	-64.21069	18.566034	0.037632413	0.0030756465	182.42007565498352
4	124.65867	141.75261	574.7551	2.722566	183.78828	39.695316	303.6666	165.56387	99.6	152.45	19999	76.14851	24.308857	76.14811	24.297966	3.0712447	-76.96951	22.62159	0.04292438	-0.0031930667	244.98399877548218
5	233.0534	49.692375	330.63297	117.384384	259.34503	0.82147473	260.56787	257.54526	129.5641	130.35	24999	89.88691	27.872047	89.88639	27.84582	3.059222	-91.03984	23.951056	0.07221777	-0.0038188836	306.9739556312561
6	265.35904	13.9107895	293.5848	228.50182	266.62396	4.984623	274.22574	257.0075	139.75	145.1	29999	100.24477	33.507076	100.244774	33.497112	3.020125	-101.41101	24.135696	0.0806838	-0.0016192021	369.16953802108765
7	269.91962	16.346119	306.35944	225.90384	282.16315	5.369961	291.3706	273.9596	146.41176	152.4	34999	110.6626	39.064392	110.66291	39.05815	3.0288396	-112.141235	23.70802	0.09631609	-0.00263283	431.1651759147644
8	249.45341	20.468414	282.32034	207.18858	254.43831	4.9227333	263.6989	244.6145	132.57895	132.75	39999	120.56344	43.6866	120.5631	43.67152	2.9938588	-121.91721	24.399372	0.100791484	0.00062219164	493.0200574398041
9	278.32065	21.92076	309.42645	230.99533	273.19733	2.919231	278.7352	268.3041	140.28572	135.0	44999	119.16567	45.392597	119.16496	45.388268	2.9806323	-120.21262	20.057112	0.087517746	0.0017889801	556.045825958252
10	321.56287	96.306694	621.5391	250.68729	721.6878	149.73872	1017.82074	528.3635	157.84375	339.5	49999	115.7544	45.55615	115.75386	45.55344	2.9798844	-116.55353	16.746885	0.08477892	0.0016993236	620.1916813850403
11	379.46252	189.61792	1158.182	245.13368	278.8953	3.1975446	286.27557	272.64975	182.48148	136.95	54999	112.42324	45.273777	112.42293	45.26737	3.0009565	-113.18985	14.489956	0.075296946	-5.3578377e-05	681.9671320915222
12	321.1145	46.49905	402.0283	183.49088	288.4371	7.100293	298.78937	271.0046	149.79411	145.2	59999	111.27892	44.50787	111.27869	44.508358	2.9922075	-111.99798	13.620367	0.08162082	0.0006363232	743.9374070167542
13	311.83533	76.70012	609.2098	227.28079	323.7269	11.499985	340.935	309.31586	146.97058	153.5	64999	112.631226	41.807384	112.63081	41.81313	3.0962613	-113.492	13.713803	0.09875102	-0.009155787	805.8936674594879
14	282.41953	25.4302	343.30176	222.59787	280.4018	17.777954	297.88696	253.90164	131.07895	120.65	69999	119.04815	36.06305	119.04781	36.06154	2.9647002	-119.9198	14.434342	0.10012568	0.0036573398	869.5379264354706
15	344.65094	87.10789	595.199	234.87825	331.3369	2.3218477	336.06128	326.7516	148.78787	136.95	74999	123.821724	35.26431	123.821266	35.260952	2.996165	-124.6748	15.51303	0.090702005	0.00037441257	931.5293517112732
16	484.36227	135.24268	800.8765	316.37616	454.04028	71.99462	580.45197	400.72208	215.56522	205.6	79999	127.413216	36.18744	127.41389	36.178505	2.9872768	-128.18393	14.045071	0.08945489	0.0011375853	994.0013134479523
17	435.17456	71.72669	557.8744	257.42218	237.65585	5.9379582	252.1196	225.71739	191.44444	110.8	84999	129.78705	36.782974	129.78694	36.773197	2.974735	-130.48615	13.660534	0.07796578	0.0020244897	1055.5478026866913
18	398.21765	71.99052	538.8187	245.35199	400.74585	7.243193	413.27902	380.4389	162.56667	164.1	89999	131.16687	38.295227	131.16724	38.28728	2.9992013	-131.82156	12.335732	0.07745022	7.864838e-05	1117.4041526317596
19	383.50278	130.4214	731.5454	233.70168	420.17352	29.251947	450.4091	348.31345	159.25	157.4	94999	132.14967	39.655243	132.15019	39.647934	2.987294	-132.7629	11.524763	0.07203118	0.000927724	1179.2474210262299
20	472.76965	121.995766	781.7297	214.10794	504.41962	58.88852	627.88385	453.10907	189.65384	199.5	99999	132.82355	40.632732	132.82346	40.62663	2.991159	-133.4136	10.592486	0.06920658	0.0006112544	1241.4594237804413
21	480.62985	158.72476	920.06366	298.3332	629.1207	19.57637	674.14825	585.4415	187.88889	238.0	104999	134.05801	40.408085	134.05827	40.40216	2.9831474	-134.6477	10.734554	0.062851354	0.0010720162	1304.068053483963
22	421.42447	134.14668	797.7128	262.6192	482.4143	51.180885	581.13934	421.7518	163.43333	176.55	109999	135.77588	40.54718	135.77658	40.54203	3.0080526	-136.32237	10.542083	0.06233964	-0.00048393212	1366.1267504692078
23	448.7952	176.83232	951.30994	272.77798	344.45407	60.298325	434.31973	289.6662	167.26666	131.05	114999	137.57924	40.48621	137.57936	40.48055	3.004764	-138.13898	10.465553	0.061234802	-0.0002924736	1427.7330026626587
24	313.70004	84.57208	596.5881	182.01494	311.90933	45.135715	424.39847	270.0821	121.97561	120.3	119999	139.73756	40.658745	139.73772	40.654232	2.9991572	-140.29947	10.961172	0.06399556	6.64876e-05	1490.2066650390625
25	355.42947	90.07522	660.18176	267.99222	431.47784	6.072462	439.9316	419.0325	136.94595	165.3	124999	140.16197	41.547443	140.16168	41.543648	2.9802744	-140.64407	10.374821	0.06099288	0.001208571	1552.3556787967682
26	488.3867	153.10713	1008.89655	323.48422	873.6711	124.93103	1237.499	741.3842	189.88461	284.35	129999	140.70273	42.072792	140.70296	42.067818	3.002825	-141.18768	10.5169735	0.056834288	-0.00015558055	1615.532292842865
27	716.01	163.96074	975.1163	374.66107	975.44385	54.92477	1163.3098	903.6814	253.15	331.65	134999	142.40344	42.128597	142.40334	42.121918	2.977493	-142.9031	10.182148	0.053859662	0.0012399388	1678.7977175712585
28	710.9723	151.75496	1094.7941	444.6703	810.0519	86.03768	1011.48096	677.29504	244.95	266.55	139999	144.43626	42.48641	144.43622	42.479336	2.997906	-144.8951	10.370175	0.05145683	0.00011379647	1741.3006145954132
29	957.81195	416.93033	2295.444	488.20468	1162.0093	80.22137	1410.8341	1078.6998	315.0	359.15	144999	146.4469	43.510532	146.44722	43.502766	3.0101724	-146.91345	10.414861	0.05190503	-0.00052030565	1804.5877532958984
30	813.8013	312.76733	1289.1014	254.2009	1177.2869	617.28064	3115.8232	598.0792	267.89474	389.15	149999	149.57019	44.668392	149.57065	44.65907	3.0018122	-150.04993	10.746055	0.052620094	-8.9382884e-05	1871.5328953266144
31	1292.754	333.9657	2199.3743	837.0053	840.27893	315.776	1598.8315	455.58505	397.58334	283.0	154999	152.71669	45.47846	152.71698	45.47013	3.0022128	-153.16617	11.083279	0.05649627	-0.00011319837	1935.56556558609
32	933.68616	276.26678	1493.3073	410.3766	779.0086	111.136154	1058.2747	680.6345	300.58823	241.55	159999	157.0641	45.970882	157.06477	45.9658	3.0082324	-157.60072	12.302649	0.056341223	-0.0004552313	1998.0022184848785
33	1062.5598	448.9064	2313.263	497.17242	1054.5985	269.7634	1692.791	671.2871	338.46667	359.45	164999	162.07803	47.550144	162.07878	47.5468	3.0141304	-162.65352	13.228405	0.062148456	-0.00084317167	2062.3110587596893
34	978.33997	328.3629	1551.4966	113.7575	1123.694	242.76257	1443.9424	194.2907	326.66666	370.65	169999	166.70767	49.00311	166.70772	49.00246	2.9914532	-167.25916	13.8322735	0.06078456	0.00053145527	2125.7013761997223
35	736.9905	245.7002	1380.9215	346.29367	1188.6698	189.1329	1901.6025	976.385	243.35	394.35	174999	170.97028	49.97247	170.9707	49.97012	2.992389	-171.54453	14.677323	0.05925653	0.00045336317	2190.0264065265656
36	849.4789	470.73578	2168.7388	273.6543	1448.1572	992.9899	3000.33	638.25604	282.33334	477.8	179999	174.63008	51.392242	174.63135	51.387157	3.0110388	-175.19621	14.801841	0.06051635	-0.00064749154	2257.626219034195
37	829.5282	231.66641	1162.3223	356.48712	1165.9327	199.59903	1394.078	686.0939	277.22223	364.35	184999	177.59718	52.5479	177.59773	52.545338	3.0036008	-178.14745	15.824972	0.061440114	-0.00021698167	2320.6842410564423
38	1081.1046	492.95782	1753.5359	285.21533	1326.1387	245.15552	2098.93	1136.0521	359.2857	432.75	189999	179.82927	53.942646	179.82959	53.94102	3.0077903	-180.36102	16.375208	0.06417349	-0.0004925075	2385.2436289787292
39	1051.5673	468.52536	1925.2484	329.6368	963.9007	422.63208	1633.0111	331.89465	343.07144	321.05	194999	181.57018	54.587124	181.57042	54.5844	2.9987023	-182.10042	15.129002	0.06518796	9.123268e-05	2448.961350440979
40	1143.8059	427.52548	1769.4154	297.96948	1208.312	122.03388	1522.4998	944.8441	372.92856	398.55	199999	183.52765	55.541943	183.5282	55.54262	2.9954786	-184.04497	15.6959715	0.06349434	0.0002964698	2512.507469177246
41	1387.9323	221.68593	1709.0979	852.68445	1736.0631	311.45242	2335.679	1217.2625	456.54544	551.8	204999	184.75761	56.380753	184.7566	56.383476	3.0027611	-185.2436	15.535873	0.06315625	-0.00017009939	2577.7178106307983
42	1312.8528	255.0177	1992.4648	1004.9062	868.6374	123.65167	1197.8143	660.80554	414.91666	269.7	209999	186.87296	56.661015	186.87305	56.666206	2.9838688	-187.39093	15.650633	0.062721744	0.0009962814	2640.717052459717
43	1177.555	253.25166	1690.9207	657.3976	631.03577	110.388535	1109.3063	585.21594	370.6154	199.15	214999	188.88141	57.37262	188.88148	57.374878	2.9969566	-189.37538	14.994303	0.060350563	0.00018433943	2703.2378203868866
44	1653.252	320.9397	2274.3953	1286.6757	1676.7963	391.41647	2777.8696	1267.0709	518.9	546.9	219999	190.18102	58.32607	190.18042	58.326973	3.0253844	-190.6435	15.226802	0.061381374	-0.0015785623	2769.512311935425
45	1288.1615	188.80954	1635.6042	978.888	1419.7101	316.4224	2219.923	1066.8119	409.0	440.2	224999	191.48361	58.928234	191.48384	58.930107	2.993511	-191.94614	15.637425	0.06754769	0.0004372758	2834.6411781311035
46	1417.6105	584.1833	2752.549	182.10095	1653.5432	442.16785	3158.5063	1106.1655	447.18182	516.1	229999	193.16803	59.445812	193.16794	59.4486	3.0045896	-193.6329	15.516975	0.06619352	-0.00029741257	2901.1526262760162
47	1406.9595	359.2095	2072.1467	580.94946	1374.8083	298.1861	1972.4943	993.3779	442.63635	426.9	234999	194.44151	59.60515	194.44124	59.61081	3.0008159	-194.8714	14.921544	0.06424704	-5.1166342e-05	2965.5883915424347
48	1441.9476	880.0273	2911.2556	177.47435	1623.4167	333.1298	2303.0256	1009.68634	461.0	518.25	239999	195.90724	59.81359	195.90717	59.81406	3.005291	-196.34967	15.480398	0.06914297	-0.00035731975	3030.72745013237
49	1694.0115	330.95493	2539.3582	1323.9498	1534.4994	139.86455	1746.966	1259.6595	535.8	493.75	244999	197.18474	59.9618	197.18443	59.96501	2.994217	-197.60277	15.157806	0.06825832	0.00040376882	3094.9221572875977
50	1425.9276	313.66217	2133.0273	1030.5735	1514.4457	166.59921	1928.2261	1261.4335	451.4	473.7	249999	198.57077	60.025986	198.5711	60.02872	2.9932125	-199.00674	15.421814	0.06660118	0.0004550061	3159.5948433876038
51	1445.63	277.8432	1799.0914	865.9726	1714.7094	685.7216	3120.963	646.39124	458.63635	558.4	254999	200.09819	60.11852	200.09875	60.120605	3.012636	-200.48706	15.646384	0.06790325	-0.00084495783	3227.133476495743
52	1508.0735	391.87387	2054.627	796.54675	2395.494	545.2985	3128.7126	714.1145	478.63635	780.4	259999	200.51031	60.650467	200.51048	60.65343	3.003193	-200.87563	15.040103	0.07153701	-0.00022058039	3294.070323228836
53	1718.1753	331.0823	2097.348	935.9558	1256.8422	139.7135	1643.6681	1068.894	543.0	397.35	264999	201.48172	60.47388	201.482	60.47773	2.9910338	-201.8484	14.470169	0.06985646	0.00063204404	3357.8560671806335
54	1362.5063	385.7823	2337.198	568.1766	1559.0369	175.934	1965.9314	1262.5443	438.41666	490.2	269999	202.24706	60.538963	202.24785	60.541935	3.0042176	-202.63237	14.206831	0.070322074	-0.0002817415	3422.460296392441
55	1656.836	452.55542	2487.9263	1091.6791	1860.8236	556.5003	2955.2043	1072.3977	519.55554	563.65	274999	203.78474	60.617786	203.78552	60.617996	2.9871638	-204.14198	13.287564	0.06649236	0.00086649513	3488.4067471027374
56	2055.0967	515.655	2947.6575	1380.9283	2499.0828	330.77322	2863.4895	1994.7944	653.125	848.1	279999	205.20634	61.68361	205.20612	61.685112	3.0084174	-205.56796	13.965703	0.06715516	-0.0005504239	3555.510610818863
57	1479.4613	761.7173	2912.3748	448.88464	2733.0356	521.9143	3124.6184	1239.4557	456.0909	894.7	284999	206.82077	62.226574	206.82164	62.22758	3.0000253	-207.21082	14.332458	0.06767602	5.78115e-06	3622.1128516197205
58	1919.0552	837.27527	3161.9128	709.46204	2066.8608	432.99478	3091.557	1320.9714	621.75	634.5	289999	208.48903	62.31536	208.48965	62.31385	2.9893918	-208.8681	14.288303	0.066064075	0.0007029403	3688.9506406784058
59	1316.074	511.52432	2540.2605	263.52252	2426.9119	354.33566	2991.51	1895.3069	411.91666	755.15	294999	209.94533	62.30514	209.9455	62.30329	3.0075936	-210.32578	13.96747	0.06456553	-0.00048752507	3755.1961283683777
60	1524.8445	787.5281	3227.2395	339.41467	1540.0587	1058.6129	3238.5847	361.04147	458.81818	472.45	299999	211.31372	62.690483	211.31363	62.69326	3.0033774	-211.67645	13.9904785	0.06746934	-0.00022085785	3821.8485794067383
61	1686.2047	380.37057	2577.3643	1132.623	2655.4624	601.9192	3105.5413	839.2319	513.6	876.75	304999	212.35292	62.85107	212.35236	62.847496	2.9937108	-212.73785	14.08861	0.06782808	0.00042768408	3889.4088037014008
62	1508.7332	185.06413	1823.8038	1162.2698	1415.5319	83.32399	1660.1671	1305.2668	463.2	432.25	309999	213.8729	63.116703	213.87323	63.118378	2.997473	-214.24977	13.737774	0.06765604	0.00017351427	3953.228750705719
63	1707.7258	397.91974	2740.0332	1321.1805	1540.895	426.8796	3182.6775	1203.6091	521.6	488.4	314999	214.4174	63.45416	214.4181	63.45031	3.0063822	-214.7544	14.597823	0.06495538	-0.0004121025	4020.1183478832245
64	2148.3926	710.45795	3297.8977	1324.4104	2365.306	311.47247	2867.309	1742.0581	663.4286	706.65	319999	215.45845	63.41767	215.45845	63.4179	2.9953172	-215.823	13.579924	0.06658953	0.00031677453	4086.077784061432
65	1645.6655	398.00272	2357.4895	884.8753	3133.4714	135.0017	3255.7974	2630.9648	503.63635	983.65	324999	216.34877	63.71103	216.34885	63.712025	2.9970195	-216.68228	14.007689	0.06501243	0.00020115312	4152.790316820145
66	1847.8545	597.9289	2935.4915	1151.2614	3044.4692	563.6108	3259.49	1310.3541	562.25	940.85	329999	218.16655	63.62382	218.16678	63.625126	3.0084999	-218.53786	13.608868	0.06499655	-0.0005529606	4219.85418009758
67	2107.7415	776.2392	3235.1162	1139.297	3170.5522	9.981638	3184.7546	3141.2798	648.375	1000.0	334999	220.01202	64.00816	220.01215	64.01135	2.986909	-220.36115	13.199412	0.065456524	0.00086121855	4286.818379878998
68	2066.6226	784.3631	3264.0518	1169.9047	2971.319	452.94583	3298.7148	2067.3953	638.7143	904.5	339999	221.2216	64.427216	221.22134	64.429665	2.994605	-221.54848	13.0525255	0.06115575	0.00033805447	4353.64843082428
69	1639.7195	828.97327	3184.5342	344.40823	3152.8267	49.102535	3182.4543	2943.5176	501.63635	994.9	344999	222.00833	64.63323	222.00822	64.6331	3.0077622	-222.34297	12.786887	0.06339335	-0.00047587394	4421.066959142685
70	2536.0496	755.84485	3237.6118	1199.0781	3176.9722	20.67024	3210.6257	3127.9978	783.5	1000.0	349999	222.86208	64.80561	222.86267	64.8051	2.9911628	-223.17778	12.915585	0.062089063	0.0005537917	4488.166450738907
71	3226.2498	20.482248	3242.9048	3186.8108	3026.764	315.4206	3275.9343	2237.6724	1000.0	941.85	354999	224.1516	64.82507	224.15187	64.82674	3.0021403	-224.4597	12.388348	0.060039464	-0.00012472607	4555.452284574509
72	2629.42	635.25543	3299.7595	1477.9531	1884.1279	399.26907	3284.8127	1465.0363	799.2857	572.65	359999	225.68248	64.898834	225.68213	64.89853	3.0021894	-226.0074	13.0852165	0.060831897	-0.00013018196	4622.619619369507
73	2104.2947	595.1229	3024.54	1375.3324	2967.9746	503.20587	3186.3665	1697.9174	636.1429	931.4	364999	227.05734	64.962906	227.05733	64.962524	2.9984524	-227.3817	12.559709	0.061950225	0.00010082398	4689.973978996277
74	1740.6807	307.2859	2326.685	1156.631	1391.5814	106.316864	1485.9622	1173.2747	530.5	414.4	369999	228.66064	64.999756	228.66122	64.999626	2.9841762	-229.0104	12.347896	0.058850195	0.00093452167	4753.423926353455
75	1726.5754	366.21017	2369.5574	1282.2212	1768.0498	239.86937	2288.2058	1451.159	523.8889	523.3	374999	229.39522	65.573654	229.39548	65.5733	3.0140126	-229.71155	12.381907	0.058878254	-0.00081182725	4818.338188648224
76	1572.5153	547.7643	3234.6968	1113.4993	1595.553	95.81907	1843.2751	1525.6793	481.27274	492.05	379999	230.2362	66.14002	230.23657	66.13791	2.9946702	-230.53697	11.097551	0.059491187	0.0003248757	4882.700745344162
77	1569.3403	190.23347	1995.6833	1233.2253	1854.2006	90.21601	1929.2853	1507.1945	474.63635	558.65	384999	231.1107	66.79846	231.11072	66.79718	3.0005958	-231.41168	12.313976	0.059181385	-2.8655088e-05	4947.03013253212
78	2170.544	597.4811	3191.0254	1401.1757	3238.9312	4.558299	3249.0537	3230.083	650.8571	1000.0	389999	231.806	67.23476	231.80667	67.23323	2.9940515	-232.10893	12.555086	0.057926398	0.00035289294	5013.670790433884
79	2512.0015	820.4407	3272.9138	1351.2395	3179.3945	11.075177	3196.8914	3164.6028	775.8571	1000.0	394999	232.9637	67.67157	232.96416	67.66973	2.9941194	-233.27867	12.046585	0.056511864	0.00033677949	5080.255828857422
80	2922.4976	591.37915	3260.8438	1741.6177	1595.1047	146.20511	2044.9329	1459.2733	903.6	481.8	399999	233.99275	67.6707	233.99265	67.66731	3.0020227	-234.29135	11.790194	0.055263124	-0.000107234155	5145.012406349182
81	1921.2908	950.57916	3293.7302	606.8425	1623.49	448.15677	2659.3665	1134.4196	589.5	481.65	404999	235.48018	67.53465	235.48058	67.53722	2.9900131	-235.79076	11.745094	0.053709388	0.00054943253	5210.640505313873
82	2656.194	679.3221	3246.6333	1385.9016	3049.325	629.61597	3266.885	1159.5751	806.7143	935.45	409999	236.8614	67.8531	236.86156	67.85374	3.0037472	-237.18076	12.696434	0.05408034	-0.00019472103	5277.800739765167
83	3145.9863	170.41653	3252.5237	2806.5369	1818.8268	414.44174	2847.6714	1409.121	967.2	551.55	414999	238.1014	68.09581	238.102	68.09545	3.0012577	-238.3973	12.373717	0.055204347	-6.373899e-05	5344.943741559982
84	1782.3097	650.08386	3091.0017	1023.9581	2357.8745	751.7804	3337.815	1188.6984	533.2222	707.9	419999	238.6935	68.19006	238.69383	68.188416	3.0053263	-238.97037	11.4792185	0.055999927	-0.00028860947	5412.3307411670685
85	2914.3728	489.66736	3362.0784	2133.5447	1304.4656	384.99075	2086.1113	772.4868	886.3333	395.75	424999	239.31023	68.1549	239.3108	68.15188	2.9988263	-239.59015	11.397508	0.056016687	7.090733e-05	5477.178079366684
86	1537.1316	704.9475	3362.591	845.11487	945.5744	115.766174	1386.172	866.0312	453.72726	276.9	429999	240.21103	68.03379	240.21115	68.03263	3.0037458	-240.506	11.461004	0.05654409	-0.00020693686	5540.798246860504
87	1611.4635	680.2735	2783.9915	842.6081	3274.028	8.011935	3283.6921	3255.7917	475.8889	1000.0	434999	240.7684	67.83858	240.76888	67.840675	2.9922485	-241.0367	12.068722	0.057051234	0.00043989267	5607.575558185577
88	2226.9297	697.1836	3250.0693	1222.3167	1826.9932	301.72687	2768.2268	1487.7006	664.5	541.9	439999	241.69763	67.92801	241.69775	67.92794	3.007343	-241.9988	11.737806	0.05624379	-0.00040544948	5673.654694080353
89	1723.7781	572.4094	3113.1218	1176.6255	1421.9106	476.56345	3386.1914	1131.7687	507.8	419.1	444999	242.11473	68.03892	242.11465	68.03688	2.9993112	-242.37297	11.492106	0.05694873	4.4846296e-05	5741.256854534149
90	2040.1655	779.93396	3239.1223	1135.7952	1240.8871	65.35922	1309.1199	1107.2572	603.1111	365.5	449999	242.76538	67.79223	242.76566	67.7919	3.0003953	-243.04256	11.241105	0.0576583	-1.788032e-05	5804.399777889252
91	1798.2122	257.01074	2248.7312	1434.5555	1636.2068	126.86796	1820.5049	1478.1063	529.0	470.65	454999	243.20544	68.22225	243.20544	68.22264	3.005758	-243.48178	11.859303	0.057102244	-0.00032903225	5868.575397968292
92	1944.0731	600.82465	3277.2683	1312.9384	2434.7534	746.3862	3303.5442	1378.6587	575.7778	734.75	459999	244.1007	68.46081	244.10097	68.45938	2.9909635	-244.39204	10.803212	0.05568562	0.0005257179	5936.239546537399
93	1630.6272	385.98315	2529.5728	1174.161	1305.1487	199.66827	1881.0858	1147.973	484.7	386.5	464999	244.88745	68.59227	244.88765	68.59178	3.000747	-245.1522	12.234155	0.054553222	-3.6694146e-05	6000.9703595638275
94	1347.664	226.91321	1720.7236	1070.1118	1044.1425	373.62512	1722.6927	587.2055	397.25	316.55	469999	245.35632	68.8143	245.35664	68.813965	2.9897237	-245.61803	10.482092	0.054565076	0.00056592387	6065.475027322769
95	1388.7571	236.73843	1950.3773	951.9711	1306.7502	53.62556	1378.1007	1223.1799	415.92307	385.6	474999	246.0001	68.896324	246.00035	68.894646	3.0066886	-246.27354	10.805574	0.05508025	-0.00035467106	6129.001960515976
96	1325.8276	77.97546	1431.5079	1168.8413	1408.3063	59.07606	1501.5706	1294.9607	392.6154	412.8	479999	246.10992	69.23624	246.11005	69.23692	2.9926124	-246.37422	10.602667	0.055200756	0.00040324856	6192.5439453125
97	1271.8806	142.55083	1571.9543	1130.5184	1370.3126	153.30518	1694.193	1179.0233	378.53845	402.35	484999	246.43637	69.39649	246.4363	69.39426	2.9978778	-246.68655	10.641969	0.053477276	0.00011563673	6256.495288133621
98	1216.491	155.55931	1639.6284	977.34247	2323.0918	793.35803	3142.1433	1407.2755	360.85715	733.3	489999	246.39508	69.35157	246.39497	69.35598	3.0055158	-246.62303	11.003841	0.053649575	-0.0002866777	6323.840629577637
99	1414.7426	173.39336	1712.487	1153.624	2107.8142	420.49557	3144.053	1605.5178	425.81818	647.35	494999	245.9761	69.570564	245.9765	69.569115	3.0004895	-246.19495	10.690613	0.05723325	-1.9206858e-05	6390.60188293457
100	1619.2571	279.84875	2268.15	1192.3702	1205.7977	25.999311	1269.6492	1163.0896	491.0	360.3	499999	246.08846	69.5446	246.08807	69.54669	2.999089	-246.31305	10.399552	0.05390366	5.3928088e-05	6453.805212497711
101	1604.0398	394.45776	2539.7766	1139.2831	1318.7092	56.950058	1495.606	1257.6246	476.7	406.35	504999	246.36403	69.53478	246.36447	69.532745	3.0027828	-246.5835	10.167328	0.05467053	-0.00014698792	6520.0972373485565
102	1511.8882	348.09183	2386.7927	1153.0001	1709.3396	544.82904	3272.905	1268.1042	454.4	508.15	509999	246.83353	69.158005	246.8332	69.15925	3.0025187	-247.06532	9.804506	0.055277556	-0.00013516074	6590.170945882797
103	2900.304	545.27454	3233.302	1696.1033	1559.8706	143.40654	1764.9343	1090.592	893.5	461.55	514999	247.38948	69.05153	247.38945	69.05335	3.00364	-247.62192	10.973006	0.055382714	-0.0002003851	6656.265526294708
104	1915.4185	467.14645	2814.629	1330.8522	3205.797	141.51929	3308.1992	2600.217	569.7778	984.5	519999	247.9414	68.950294	247.9413	68.9537	2.9994626	-248.15935	10.605625	0.05549523	3.5036563e-05	6722.781901359558
105	2743.4348	653.57324	3258.282	1497.6188	2637.0835	666.4647	3363.7517	1513.2722	838.0	800.75	524999	248.57935	68.602745	248.5794	68.60522	2.9978228	-248.812	10.294139	0.055311553	0.00012858551	6789.404816865921
106	2276.3228	753.0753	3278.9185	1348.5238	2412.2988	884.78467	3334.586	877.4434	679.7143	715.7	529999	248.9454	68.543304	248.94533	68.54496	2.996104	-249.15573	9.980289	0.053932726	0.00022067847	6856.3349623680115
107	2098.0938	864.5983	3232.0952	549.74615	2641.0608	614.7385	3245.582	1898.221	633.125	804.05	534999	249.46547	68.69346	249.46593	68.69411	3.0014	-249.6829	10.448853	0.054384008	-7.258729e-05	6923.275915622711
108	2655.7253	665.94434	3296.598	1737.0586	3170.9575	23.784609	3202.3418	3115.4695	798.3333	1000.0	539999	250.06454	68.736	250.06415	68.74046	3.0004938	-250.25494	9.639598	0.055906653	-2.1229744e-05	6991.243705034256
109	2306.427	663.0116	3236.598	1068.6934	2000.0482	115.732475	2195.0037	1739.6917	691.0	583.3	544999	250.51277	68.68623	250.51268	68.69132	2.9977381	-250.7341	10.42424	0.055494685	0.00012968907	7055.939581155777
110	2060.651	635.3901	3402.4363	1124.2078	1736.7906	148.73015	1977.0435	1490.478	616.5	511.8	549999	251.37677	68.4977	251.3776	68.49952	3.0013616	-251.589	9.738037	0.055275004	-7.0656155e-05	7120.074487447739
111	2078.8691	627.6537	3055.7612	1262.2163	3145.5173	157.09972	3284.8833	2562.7227	613.5	981.15	554999	251.76257	68.35868	251.76253	68.35866	2.9996293	-251.95364	9.566844	0.054946605	2.5045776e-05	7186.515714645386
112	2294.1238	958.82513	3278.3103	613.57996	1318.0701	965.80475	3377.1975	535.5496	698.2857	422.45	559999	251.82422	68.43025	251.82382	68.43506	2.995422	-252.01315	10.406628	0.054241326	0.0002535209	7253.433007001877
113	1793.5093	956.9674	3245.0154	477.704	3142.5867	255.06914	3235.6995	2038.7954	541.55554	980.05	564999	251.94815	68.31189	251.94823	68.31424	3.0035665	-252.13243	10.328188	0.052491054	-0.00018811856	7320.427801370621
114	2129.697	1031.5747	3256.4739	435.2864	1995.153	234.71983	2469.6526	1630.9459	654.875	585.8	569999	251.83023	68.24823	251.83032	68.24991	2.9946094	-251.9992	9.70316	0.053629186	0.0002952534	7385.303095340729
115	2123.1929	671.4878	3161.61	1331.1337	1312.834	472.46973	1877.7072	372.49243	636.875	390.75	574999	251.89983	68.115814	251.89998	68.118355	2.995179	-252.05867	9.96771	0.05239868	0.0002555775	7449.360043764114
116	2013.2744	1216.9802	3264.4026	328.66962	850.4448	1004.2953	3241.2666	341.15585	618.8571	280.15	579999	251.9139	67.96773	251.9139	67.96616	3.0064204	-252.05685	9.709783	0.054478273	-0.00033206682	7517.00599861145
117	2044.1327	1195.1423	3299.408	341.09656	1080.4231	747.27765	2701.9705	363.2031	627.375	332.45	584999	251.77713	68.035866	251.77725	68.03521	3.0032802	-251.9237	9.411866	0.053626746	-0.00017415192	7585.262047767639
118	1851.75	1122.7211	3293.739	400.1887	1797.0955	616.7718	3238.1763	1400.4572	559.7	547.25	589999	251.86227	68.34239	251.86246	68.34209	2.992704	-252.0064	9.415166	0.05329176	0.00039640817	7651.8499965667725
119	2526.9724	656.13794	3259.0535	1691.4635	2095.3052	988.5159	3455.7188	586.47815	757.3333	621.95	594999	251.5809	68.182045	251.5808	68.18051	3.0046737	-251.70897	10.159561	0.052987758	-0.00024325996	7718.733607053757
120	2021.7749	961.74976	3259.4387	539.00165	3084.0383	348.1444	3303.5361	2164.8623	615.0	927.25	599999	251.88588	67.81942	251.88655	67.81908	2.9950109	-252.0205	9.809647	0.053132508	0.00026963552	7785.452177762985
121	2205.24	1002.097	3297.6118	651.9261	3253.0146	10.586567	3264.3367	3229.57	670.7143	1000.0	604999	252.18933	67.65106	252.18933	67.64976	2.9995263	-252.30365	9.829936	0.05311598	2.9095494e-05	7852.155053853989
122	2275.345	1227.0355	3301.206	414.7857	2615.8508	1156.3792	3458.9412	539.9645	701.4286	800.75	609999	252.3618	67.54762	252.36162	67.54763	2.9968774	-252.4778	9.777051	0.050279472	0.0001661487	7919.172934293747
123	3263.111	38.570183	3322.4016	3209.3838	2746.8926	653.23926	3401.0579	1468.766	1000.0	825.95	614999	252.60948	67.48733	252.60977	67.4869	3.0035157	-252.7353	10.224447	0.053161524	-0.00017605639	7985.43979549408
124	2869.499	644.75165	3328.586	1471.9434	2314.243	519.0777	3406.8142	1394.0468	860.5	679.2	619999	252.96738	67.5451	252.96735	67.54711	2.9952357	-253.0993	10.321589	0.051519435	0.00024960176	8052.21191072464
125	2856.7107	694.1709	3306.1733	1407.5627	1316.5159	1312.7266	3362.447	362.45715	861.8333	417.4	624999	253.07347	67.505974	253.07385	67.50536	2.99616	-253.18295	10.108661	0.0497786	0.00019651112	8119.054165363312
126	2192.0417	944.7679	3279.557	1243.6129	942.4992	1106.1873	3370.5337	314.63852	659.1429	298.9	629999	253.67857	67.301834	253.6788	67.30203	3.0101347	-253.79085	9.75185	0.051246233	-0.0005141719	8185.9300401210785
127	1718.1334	940.149	3283.3425	535.7367	2482.7273	1032.1068	3261.0708	941.9988	509.6	762.6	634999	254.1241	67.30465	254.124	67.305664	2.9973154	-254.2378	9.764161	0.05091418	0.0001451772	8252.709901571274
128	2494.362	766.9458	3298.349	1563.8453	3160.3552	358.74197	3349.0522	1600.8982	748.0	973.0	639999	254.2396	67.45245	254.23967	67.453964	2.996663	-254.34265	9.817684	0.052476794	0.00017606457	8319.731073617935
129	3073.938	446.94852	3330.458	2182.6365	1567.2384	1073.0892	3478.5005	446.24112	926.0	460.1	644999	254.52873	67.36089	254.52858	67.360306	3.0056038	-254.62096	10.085589	0.05153105	-0.0002872442	8386.351758480072
130	1806.0968	1133.929	3271.7092	375.07434	2346.6265	740.84436	3276.5024	1564.677	541.8889	711.4	649999	254.70332	67.42833	254.70387	67.4307	3.0003664	-254.8032	9.524648	0.051056754	-1.5580654e-05	8453.369060516357
131	1949.2771	718.18195	3265.18	1265.0493	3002.0625	668.0995	3348.5598	1382.9392	589.2222	907.05	654999	255.47238	67.356155	255.47258	67.357796	2.999561	-255.57385	10.270656	0.050810304	2.7466893e-05	8519.568531513214
132	2263.2039	1172.0319	3319.179	427.78305	3131.6653	588.04626	3295.5896	569.2366	695.4286	959.4	659999	255.63788	67.188354	255.638	67.18944	2.992238	-255.735	9.741421	0.050858673	0.0004036375	8586.316296815872
133	2511.0244	1079.145	3284.1125	644.9793	2764.7063	989.34235	3302.4822	477.08264	769.1667	849.45	664999	255.47388	67.348885	255.4741	67.35067	3.0020068	-255.54878	8.76507	0.05125303	-9.647479e-05	8653.059434890747
134	2102.855	1223.5995	3323.5684	402.82083	2905.499	789.974	3348.0889	524.34424	644.875	885.65	669999	256.00992	67.004135	256.00998	67.00676	2.998516	-256.10266	9.507964	0.05071624	7.892822e-05	8720.032044410706
135	2502.8965	665.89	3281.017	1474.0829	3101.975	469.21606	3372.837	1715.7559	750.0	938.25	674999	256.51138	66.89384	256.51138	66.893425	3.0012364	-256.584	9.411826	0.049628522	-5.872669e-05	8786.709088563919
136	2514.477	1051.8165	3289.4236	651.17413	2732.5103	705.91113	3234.8474	1525.46	773.1667	853.6	679999	256.771	66.977715	256.77158	66.97805	2.9993317	-256.86047	9.288438	0.0510161	3.8547827e-05	8853.349964141846
137	2360.1907	799.6614	3327.236	1478.0879	2382.5654	824.9228	3259.7737	1459.9973	707.875	739.6	684999	257.15546	67.02988	257.15527	67.02851	3.0087576	-257.2379	9.563814	0.04848285	-0.00045473524	8920.483687877655
138	1852.7562	542.04095	3219.6624	1317.3313	1482.2217	896.36115	3284.8018	659.6108	543.5	447.4	689999	257.29388	67.16937	257.294	67.17072	2.9889288	-257.3616	10.411306	0.051113345	0.00058081676	8986.929057121277
139	2670.6511	768.682	3428.5605	1312.9592	3251.2896	6.375529	3259.958	3238.859	798.5714	1000.0	694999	257.32324	67.20156	257.32364	67.20278	2.9932792	-257.38834	9.377111	0.048903164	0.000334556	9053.957472085953
140	2795.8096	649.21747	3265.035	1473.5243	2028.3658	733.0671	3268.7354	1529.8813	844.0	625.05	699999	257.68915	66.91225	257.689	66.91273	3.003718	-257.75842	9.596255	0.049696326	-0.00017598213	9120.635745048523
141	2296.73	849.26953	3294.095	1516.67	2405.092	808.068	3236.1606	1537.9098	689.4286	748.05	704999	257.81894	67.04954	257.81882	67.04865	2.9980474	-257.8894	8.818757	0.049057573	9.867574e-05	9187.388319969177
142	2696.1045	651.9622	3353.9363	1482.6324	3217.388	145.93567	3277.3923	2584.582	812.6667	988.75	709999	258.13364	67.07478	258.13412	67.07542	2.9948835	-258.2021	10.009267	0.049184132	0.00024979573	9254.219800949097
143	2296.6135	733.8949	3272.1138	1485.5458	2220.509	586.843	3322.642	1479.4417	683.1429	649.5	714999	258.71564	66.90201	258.71545	66.90211	3.0054603	-258.783	9.54469	0.04809463	-0.00025758325	9321.010288715363
144	2813.5498	732.0533	3273.214	1247.3296	3031.5613	411.78564	3352.2134	2048.8428	862.1667	920.9	719999	258.74747	66.9769	258.7479	66.976685	2.9977522	-258.80325	9.296778	0.0488876	0.00011317016	9388.10504770279
145	2402.5789	847.95496	3285.44	1136.5127	2922.5024	567.69257	3230.4668	1671.3181	729.0	905.45	724999	259.11374	67.024574	259.1141	67.02844	3.0029204	-259.16406	9.516059	0.048240174	-0.00013797444	9455.44719672203
146	2481.9248	763.3408	3258.548	1511.0887	2982.531	328.59708	3250.83	2406.76	761.0	916.2	729999	259.37448	67.1241	259.37418	67.12583	2.9974916	-259.4248	9.493281	0.047670294	0.0001263596	9524.402070760727
147	2929.621	632.71387	3238.1965	1515.887	3226.997	7.785936	3240.288	3214.972	909.3333	1000.0	734999	259.98306	67.03353	259.9832	67.03669	2.992737	-260.06488	9.172975	0.047576744	0.00034912967	9593.981850385666
148	2416.0415	823.17816	3253.8003	1452.528	3215.687	11.88695	3241.4355	3195.572	744.5	1000.0	739999	260.55054	66.72915	260.55078	66.73	2.9993815	-260.62137	9.856967	0.045594435	3.213259e-05	9662.92975306511
149	2862.337	549.6959	3269.2937	1778.1407	3152.3022	277.39594	3402.1592	2410.6377	875.5	959.8	744999	260.8669	66.88223	260.86713	66.885376	2.994827	-260.93146	9.389428	0.04469496	0.00023908263	9730.562159776688
150	2879.7122	522.1145	3261.641	1989.8402	2602.613	795.1771	3277.7627	1369.8887	878.6667	790.3	749999	261.3568	66.90647	261.35663	66.90354	3.0052798	-261.40265	9.468887	0.044524577	-0.0002361455	9797.075219392776
151	2884.6755	731.9252	3268.9119	1421.0532	3210.2517	13.931235	3242.738	3185.5793	884.0	1000.0	754999	261.64383	66.97101	261.6436	66.97334	2.98906	-261.69266	9.676552	0.04454543	0.00049318105	9863.660700559616
152	2792.916	759.4239	3355.754	1490.8533	3257.9336	5.636541	3267.9583	3247.433	849.2857	1000.0	759999	262.05173	66.71578	262.05264	66.71886	3.002802	-262.1097	9.557368	0.043959673	-0.000117518684	9930.927831888199
153	2917.0264	512.85315	3305.7732	1982.922	3228.9497	18.628038	3252.8455	3191.5422	876.2	1000.0	764999	262.46014	66.52528	262.46014	66.52535	3.0039294	-262.51755	9.555612	0.0440183	-0.00017040265	9997.488056898117
154	3245.6772	35.315155	3286.895	3187.829	2285.3044	771.8012	3359.809	1491.8749	1000.0	685.4	769999	263.015	66.46558	263.01526	66.46984	2.9885929	-263.06808	9.553867	0.042567182	0.00050182926	10066.833551883698
155	3011.2197	536.6213	3288.7227	1812.3007	3257.5588	13.98081	3276.485	3217.8562	919.8333	1000.0	774999	263.4695	66.36344	263.46918	66.364555	3.0015366	-263.51617	9.254293	0.04220135	-6.130426e-05	10133.832221984863
156	3273.3396	29.060452	3320.7004	3230.3022	2340.8284	979.3855	3298.775	878.91644	1000.0	705.35	779999	263.8312	66.62883	263.83163	66.63141	3.0022874	-263.89362	9.502289	0.04138496	-9.516587e-05	10201.032582044601
157	3144.3013	279.95453	3309.926	2585.355	1863.0621	603.5097	3359.515	1241.5686	951.0	548.6	784999	264.24048	66.782196	264.24063	66.783714	2.9992285	-264.29102	8.592401	0.04284338	3.7211477e-05	10268.694337129593
158	2227.9338	596.60846	3288.9421	1475.1437	3264.3774	10.975258	3286.4456	3236.2144	663.0	1000.0	789999	264.8715	66.49004	264.8711	66.49282	3.0037422	-264.9381	9.1686125	0.043983653	-0.00015953986	10335.523915290833
159	2748.6926	680.2231	3343.865	1418.4799	2143.5667	816.2822	3346.8835	1319.7047	825.0	640.6	794999	265.45938	66.19082	265.4594	66.19354	2.99333	-265.5113	9.182563	0.042934548	0.0002928965	10402.222775936127
160	2033.326	839.71783	3242.408	477.85693	3174.6528	225.08238	3370.4158	2561.9053	613.125	951.75	799999	265.5163	66.62799	265.5166	66.62965	3.0018597	-265.56796	8.536963	0.04258427	-7.3208736e-05	10469.450392246246
161	2027.7161	732.45044	3281.363	591.90906	3275.7778	30.969984	3378.8088	3244.528	611.875	999.7	804999	265.95416	66.71487	265.95425	66.71807	3.0004175	-266.0125	8.961428	0.042940266	-1.2763393e-05	10536.508824586868
162	3189.8823	174.5937	3319.2446	2843.573	1784.9541	1025.6544	3312.9336	753.2694	967.4	522.15	809999	266.30252	66.80703	266.3029	66.80608	3.0016117	-266.35706	8.6220045	0.04283027	-6.509025e-05	10603.710675954819
163	2007.4843	929.4803	3302.1804	559.2426	2530.5178	612.5469	3321.719	1726.305	610.5	752.5	814999	266.85593	66.640686	266.85544	66.642365	3.0032911	-266.9126	8.522014	0.04469577	-0.00013814225	10670.395061254501
164	3223.04	94.76787	3328.6638	3087.3228	3106.6797	261.00195	3455.842	2299.9492	963.4	956.1	819999	267.2845	66.495605	267.28467	66.497475	2.9913266	-267.34866	9.847096	0.04242106	0.00038011812	10737.310012817383
165	2943.8416	453.91565	3253.713	1983.4677	3124.1477	281.80365	3260.0503	1949.1675	892.8333	972.3	824999	267.62122	66.039764	267.62128	66.042816	2.9919348	-267.6876	9.126639	0.042295486	0.0003370697	10804.285616159439
166	3267.2153	71.058685	3408.0122	3215.9722	2936.977	446.38556	3402.9075	1918.792	1000.0	885.5	829999	268.35382	65.82105	268.3539	65.82385	3.0136578	-268.4081	8.042447	0.042277664	-0.0005653238	10871.065579414368
167	2904.4119	596.6075	3400.2056	1877.0817	3033.8777	480.66458	3322.4858	1733.3293	868.8333	914.6	834999	268.54156	66.12538	268.54163	66.12628	2.9994586	-268.59424	9.017269	0.042503856	2.8899038e-05	10937.773242473602
168	2433.8608	994.7421	3345.7666	1043.7983	1366.6763	60.251625	1520.2836	1258.3842	730.2857	403.1	839999	269.0298	66.192406	269.02988	66.19633	3.0030115	-269.0918	8.782216	0.0433319	-0.00012574841	11001.536895513535
169	1826.5857	391.56848	2320.8613	1274.1608	2120.3728	504.1444	3315.8733	1479.7544	533.25	613.0	844999	269.27914	66.091934	269.27945	66.09258	2.990791	-269.33542	8.300387	0.04232537	0.0004019247	11068.039617300034
170	2943.136	707.0511	3318.6035	1365.1725	3231.7322	52.717728	3285.608	3113.5398	886.3333	1000.0	849999	269.2361	66.10851	269.23593	66.110115	2.9963942	-269.27112	8.128672	0.040750377	0.00015426119	11141.847883462906
171	2989.9304	616.20685	3290.389	1612.367	3153.7288	200.7285	3407.3403	2471.413	908.0	952.1	854999	269.3089	66.07042	269.30914	66.073166	2.9997938	-269.35513	8.485085	0.04169236	1.5531325e-05	11216.777381420135
172	2438.2795	503.47894	3163.2148	1592.6604	2263.9783	531.48553	3286.2273	1606.8411	710.8333	672.35	859999	269.5584	65.97097	269.55838	65.97176	2.9951315	-269.60565	8.434184	0.040627204	0.00020309667	11289.007797002792
173	2502.1648	727.30365	3346.8694	1584.5525	2952.144	330.23737	3445.9001	2412.923	741.5714	874.9	864999	269.61624	65.99304	269.61615	65.995316	3.0038743	-269.658	9.08231	0.041044835	-0.00014877028	11355.276431798935
174	2560.115	501.8558	3360.4426	1711.2299	2667.9675	497.98853	3330.4507	1843.02	746.4286	793.55	869999	270.0013	65.96097	270.00174	65.96118	2.9944267	-270.0545	8.781383	0.03936107	0.00023123738	11421.705408334732
175	2780.2039	535.0136	3293.444	2050.2554	3245.1196	10.569574	3272.3474	3223.8948	837.0	1000.0	874999	269.8626	66.27319	269.86243	66.2728	2.993765	-269.8966	8.639828	0.038526285	0.00024835046	11488.124477386475
176	3063.676	390.28754	3299.91	2285.0098	3188.814	10.04671	3220.2703	3168.0842	927.4	1000.0	879999	270.0418	66.02467	270.042	66.027275	3.0062084	-270.08054	8.587574	0.039030608	-0.00023905728	11556.43270277977
177	3174.2231	153.30055	3288.7095	2870.5354	3141.7944	322.41788	3373.1052	2363.399	966.6	944.1	884999	270.33148	65.59598	270.33197	65.595695	2.9977672	-270.35614	8.245998	0.039239105	9.3628296e-05	11625.821433067322
178	2773.806	1188.8638	3366.1357	116.34795	3272.2676	7.7622066	3288.5923	3253.0122	844.6667	1000.0	889999	270.5177	65.57401	270.518	65.57484	3.0016875	-270.55344	8.0014305	0.039801817	-6.1056875e-05	11692.76930475235
179	3276.729	20.145002	3309.9402	3250.864	3019.6843	409.86932	3337.4302	2264.852	1000.0	898.55	894999	270.74622	65.86782	270.74643	65.86882	2.9929852	-270.75714	8.205879	0.038132835	0.00027925256	11759.930280685425
180	3009.213	420.73694	3348.796	2164.3474	3268.2363	29.880638	3336.659	3226.1506	901.0	1000.0	899999	270.58603	66.043015	270.58612	66.042114	3.004774	-270.60718	9.2716675	0.039030064	-0.00017925916	11826.363637924194
181	3269.101	7.3741136	3282.0293	3260.468	3181.6821	398.67383	3314.6829	1446.2178	1000.0	971.0	904999	270.899	65.830795	270.89917	65.83281	3.002735	-270.94214	9.373792	0.040527612	-0.00010167684	11893.429209947586
182	3280.3745	21.425158	3313.801	3249.3945	3132.3564	358.228	3417.8083	2241.2515	1000.0	945.85	909999	271.65347	65.60837	271.65353	65.608	2.999792	-271.6815	8.83827	0.03873467	1.4877558e-05	11960.089649677277
183	3226.4087	238.62558	3475.335	2770.2373	2840.7178	752.32587	3327.278	1360.9291	963.6	856.2	914999	271.97583	65.49305	271.97583	65.494354	2.9975674	-272.00095	8.201822	0.04050243	0.00010263643	12026.589582204819
184	2753.4827	680.6879	3313.8145	1436.1614	3120.6929	472.06516	3381.986	1686.3743	810.8333	931.1	919999	272.54498	65.20316	272.54498	65.20591	2.9968767	-272.57996	9.265203	0.038409628	0.00012801816	12093.133633613586
185	2685.6453	757.9139	3421.3374	1488.5735	3225.3162	128.495	3323.3054	2671.5898	798.0	989.05	924999	272.3867	65.686485	272.3868	65.68682	3.0070498	-272.40866	9.662611	0.038751636	-0.00027465087	12159.859060287476
186	2048.4805	870.6022	3321.0037	243.69678	2978.856	788.1676	3321.0398	604.8418	610.1429	897.4	929999	272.73434	65.48974	272.7346	65.488396	2.9887488	-272.76633	7.7691984	0.039351143	0.00044735504	12226.28582072258
187	3287.795	52.60488	3390.3137	3242.662	3280.1685	123.52682	3485.6106	2929.2524	997.2	975.9	934999	272.97974	65.21731	272.98	65.21977	3.0000803	-273.0046	8.202557	0.037840094	2.5751174e-06	12294.113760232925
188	3212.717	140.20976	3303.4517	2902.7085	3176.937	206.13934	3466.9106	2679.2776	972.8333	967.0	939999	273.32437	65.28803	273.32474	65.28639	2.9967682	-273.353	9.330633	0.037670616	0.00012895286	12365.552859067917
189	3213.1338	87.590866	3294.064	3045.3254	3218.6562	137.48203	3450.9983	2743.1016	980.2	977.05	944999	273.61505	64.88554	273.6151	64.88669	2.992258	-273.6319	8.299741	0.03743562	0.00029122242	12436.913348913193
190	3107.9194	371.94058	3363.534	2371.6333	3252.75	6.8002687	3263.528	3238.948	937.0	1000.0	949999	273.89792	64.50682	273.89752	64.50802	3.0161047	-273.93185	8.085422	0.03750266	-0.000601883	12515.14255452156
191	3249.0317	27.097952	3295.1584	3209.9539	3269.205	7.708528	3282.0022	3255.585	1000.0	1000.0	954999	274.14078	64.50476	274.1407	64.50505	2.9873214	-274.16428	8.601019	0.037246883	0.0004924639	12594.883353233337
192	3223.4446	22.622313	3252.873	3185.7942	3259.5874	9.270182	3269.328	3225.3054	976.6	1000.0	959999	274.3898	64.53492	274.38995	64.53485	3.004544	-274.39902	7.8775163	0.038010646	-0.0001661171	12677.70918917656
193	3256.0535	22.901934	3291.544	3227.9714	3058.4211	355.14554	3307.6924	2258.9387	1000.0	921.05	964999	274.74738	64.601204	274.74728	64.60114	3.0057445	-274.7726	8.557539	0.037312146	-0.00021783101	12761.887527227402
194	2716.036	1180.1228	3288.8225	78.09059	3248.727	14.074781	3272.009	3216.0693	840.8333	1000.0	969999	275.09317	64.6956	275.09332	64.695694	2.9913912	-275.1239	8.491345	0.038249943	0.00033595873	12845.595703840256
195	3206.5679	70.24288	3281.9226	3078.289	2379.2166	1011.63776	3299.8489	958.61707	982.2	709.1	974999	275.49265	64.493904	275.49286	64.497765	2.9919376	-275.51752	8.679852	0.036001585	0.00030023677	12929.628697395325
196	2744.6633	660.7258	3296.7908	1630.1484	2213.173	937.16895	3460.3032	118.97908	816.1667	647.6	979999	275.3889	64.80269	275.38892	64.80303	3.0018106	-275.40845	8.650148	0.037121497	-5.9375776e-05	13013.257140636444
197	3028.1047	357.58136	3312.8865	2330.6206	3227.0818	406.13776	3348.094	1458.804	897.3333	970.35	984999	275.54733	64.791595	275.54773	64.792015	3.0019948	-275.56866	8.217275	0.036713213	-6.6745946e-05	13097.13703250885
198	3311.9976	105.76641	3512.1199	3224.3179	3293.5347	46.454384	3435.328	3220.742	994.0	998.5	989999	275.98056	64.646706	275.98056	64.647644	2.9981077	-276.0106	8.706363	0.037742887	7.7001045e-05	13180.9299762249
199	3144.4119	198.75458	3316.054	2757.374	3253.0483	4.7641826	3262.0295	3243.7068	965.0	1000.0	994999	276.23438	64.70125	276.23495	64.703384	2.9976687	-276.256	7.346183	0.03579785	8.858484e-05	13264.822178840637
200	3244.7407	23.398293	3286.4321	3218.6238	3226.8354	6.8560553	3241.7544	3213.9106	1000.0	1000.0	999999	276.62473	64.68834	276.62405	64.68803	3.007429	-276.6523	7.8354726	0.036483094	-0.00026853257	13348.670015096664
