Epoch	AverageEpRet	StdEpRet	MaxEpRet	MinEpRet	AverageTestEpRet	StdTestEpRet	MaxTestEpRet	MinTestEpRet	EpLen	TestEpLen	TotalEnvInteracts	AverageQ1Vals	StdQ1Vals	AverageQ2Vals	StdQ2Vals	LossPi	LossQ	Time
1	1.4466122	5.8511624	33.827267	-9.076349	-10.76277	2.6075413	-7.17276	-14.122609	20.510288	68.85	4999	6.7266974	6.458449	6.726822	6.458401	-9.477846	0.26435626	27.962002515792847
2	1.32721	4.987759	24.717897	-9.699235	91.10822	47.908955	273.16403	57.090332	19.86111	204.6	9999	39.382446	19.887207	39.381805	19.88459	-47.08643	4.8199887	65.81355452537537
3	77.52754	31.530806	176.86293	-9.351069	112.15503	98.74988	411.97876	57.021973	190.6923	202.1	14999	65.68662	23.360308	65.68655	23.36293	-68.641624	10.410453	105.96930623054504
4	81.358185	25.978876	157.0788	46.966022	105.58002	69.34729	389.70676	61.83553	194.84	207.75	19999	48.685127	21.493862	48.685143	21.493084	-50.44284	3.2584364	144.6959867477417
5	81.99226	23.906786	163.32516	51.68326	78.929115	21.212353	131.5449	54.846798	195.38461	192.15	24999	39.92525	27.407434	39.92529	27.406672	-40.897343	2.6661434	183.17291474342346
6	86.80503	74.39565	360.91983	0.15387423	54.877594	19.415987	96.90507	17.87071	185.62962	188.0	29999	38.771847	27.165106	38.771935	27.161549	-40.23701	5.4287834	222.10025668144226
7	101.75075	80.70656	380.01187	41.277046	148.88052	132.56454	546.0225	64.01005	175.76923	246.05	34999	41.815964	21.476696	41.815933	21.474483	-43.188957	2.5815344	261.7585678100586
8	197.7332	212.38914	953.9035	50.101982	423.4069	224.04626	959.33624	69.99858	236.95653	323.0	39999	45.332253	20.99078	45.331757	20.990255	-47.0975	2.5872107	299.6072998046875
9	278.96378	228.02835	950.82367	46.150265	292.01373	162.9791	614.2956	48.998028	246.55	255.9	44999	53.186787	20.379145	53.186768	20.378263	-55.1289	4.0755496	341.1965229511261
10	171.6246	89.589096	418.03198	7.790203	151.3768	78.8604	331.7122	83.944115	114.681816	94.4	49999	62.879158	20.941359	62.878693	20.941174	-64.991516	6.8040843	374.46320366859436
11	242.89804	104.75409	423.5582	12.602	304.30908	96.25447	456.63446	119.3203	182.81482	206.75	54999	71.833755	21.962934	71.83366	21.96363	-73.905464	6.699815	414.2342150211334
12	211.53142	62.39333	377.5335	67.252495	199.92696	42.01978	275.2315	135.1315	131.43243	122.45	59999	79.46311	23.625664	79.46303	23.626377	-81.577385	8.028869	448.1089177131653
13	203.40924	77.146355	353.12164	44.820774	161.37949	13.81654	186.91255	134.15665	159.75757	88.05	64999	87.02098	24.484592	87.02042	24.48883	-89.05937	9.03598	485.08247542381287
14	157.60722	62.943108	362.39935	99.36097	155.18204	15.87524	168.6205	100.039696	104.604164	96.6	69999	93.36405	25.794458	93.363106	25.795982	-95.525085	9.631134	519.9361968040466
15	181.09845	83.04916	400.2632	44.0977	200.40985	29.484196	264.39908	115.1526	118.14286	111.2	74999	100.178406	26.314281	100.17777	26.314793	-102.50285	10.317365	555.7887434959412
16	178.42941	53.848072	329.38412	88.55769	194.24823	57.423664	336.27103	114.38241	111.844444	133.25	79999	106.34781	27.542395	106.34729	27.544056	-108.66812	10.224169	592.3898947238922
17	168.93768	65.220406	292.5875	-31.933224	191.64404	38.172413	245.55635	127.70974	114.83721	101.85	84999	109.3991	29.621294	109.399086	29.623945	-111.4496	11.128524	627.1150712966919
18	160.49239	60.615982	379.70557	62.68443	137.5104	15.548925	184.64345	114.43304	112.4	89.0	89999	109.003075	31.832811	109.00295	31.836866	-110.808876	11.715683	664.3240439891815
19	190.54787	88.29747	571.424	46.746082	238.98994	39.434914	305.03458	177.85222	118.948715	134.65	94999	107.25915	32.450367	107.258934	32.453907	-108.9144	11.967133	697.9032473564148
20	217.07741	150.273	945.3497	92.273605	188.04602	55.50385	302.12698	99.41441	155.14706	117.15	99999	105.04662	32.739246	105.047424	32.740665	-106.67685	11.633344	736.2814679145813
21	196.20781	69.34592	406.66272	96.303665	277.26434	94.90075	627.8292	141.43329	115.75	127.45	104999	102.27941	32.70791	102.2794	32.709267	-103.779076	10.742337	769.3665571212769
22	231.34769	80.21843	427.24167	121.31451	178.22322	45.314247	298.17322	127.61634	120.70731	102.8	109999	99.33823	32.430195	99.33782	32.43246	-100.86525	10.122842	807.7546558380127
23	291.89874	170.1494	861.90045	127.596466	380.04617	203.0962	918.3396	168.26228	167.5	238.75	114999	97.10399	31.585415	97.10328	31.590359	-98.48243	9.5343485	844.8353357315063
24	346.14877	134.85976	718.38	11.989129	373.5805	70.9853	531.83746	229.06114	190.61539	176.9	119999	95.73466	30.104206	95.73377	30.109365	-96.90793	9.204769	884.0280706882477
25	310.352	108.12855	538.0231	-15.280039	364.6303	92.38619	517.9638	214.93118	156.9375	201.5	124999	95.1782	29.084654	95.17778	29.088583	-96.32684	9.58417	918.0021705627441
26	226.46793	161.47935	707.8547	48.72547	245.98775	204.59415	620.547	0.053681258	121.55	125.8	129999	95.59767	29.09112	95.59729	29.09361	-96.80503	10.025017	956.9029123783112
27	282.68695	179.8616	900.4423	81.40514	449.5114	138.81476	767.51556	181.14574	150.08824	254.5	134999	96.095436	28.876476	96.09538	28.878056	-97.29112	10.960764	991.1187062263489
28	317.34518	125.69514	657.97504	128.04948	388.34222	146.49962	618.76776	92.49693	218.13043	236.0	139999	96.84973	28.317467	96.84972	28.319258	-98.06435	11.850659	1031.0810995101929
29	331.49573	124.67756	565.94275	97.80909	589.9672	216.43718	1029.8063	317.59705	180.61539	353.6	144999	97.99349	28.291313	97.99345	28.295824	-99.1344	12.19792	1067.4239139556885
30	472.47733	215.33595	1005.71747	122.908104	585.84973	290.5307	1425.1055	320.59164	306.47058	328.3	149999	99.323845	28.868479	99.3238	28.873196	-100.445625	12.397926	1109.4531922340393
31	597.42975	239.35097	947.43414	162.77618	812.1842	321.09314	1506.5193	166.68549	312.06668	424.1	154999	100.63321	29.74851	100.63352	29.754517	-101.7729	13.21845	1145.8672699928284
32	664.9095	167.73412	1124.4264	342.9574	675.27594	131.9723	818.2232	229.68738	303.16666	337.4	159999	102.09822	30.821815	102.098816	30.82534	-103.18482	13.26257	1186.4168093204498
33	730.7313	196.47458	1008.0252	386.18127	990.3876	70.62076	1130.4714	888.8178	368.84616	370.6	164999	103.60722	31.552822	103.60807	31.55724	-104.73278	13.047252	1220.676745414734
34	599.03284	167.8472	798.5449	293.27954	384.88797	115.97495	605.5028	147.0469	268.42105	182.95	169999	105.10281	32.39194	105.1027	32.39895	-106.224724	13.415815	1259.6780443191528
35	566.8738	197.39835	1048.3247	116.499825	586.3085	125.43376	1017.351	386.68338	230.77272	231.0	174999	106.80436	33.18396	106.80471	33.18782	-107.9238	13.153616	1293.6689021587372
36	641.969	125.78133	878.57495	401.69482	815.9986	169.77414	1298.4698	503.18866	246.72223	318.75	179999	108.583916	33.991802	108.584236	33.995495	-109.73945	13.308481	1333.8425993919373
37	742.644	243.1429	1543.6277	327.06784	732.1156	90.99033	930.7353	541.1222	288.5263	281.55	184999	110.8369	34.63459	110.83678	34.640892	-111.93821	13.010497	1367.674179315567
38	762.0045	209.18835	1069.2943	183.0278	758.8673	60.724617	886.96674	684.4131	287.29413	280.35	189999	113.29371	35.527615	113.29364	35.532196	-114.505974	13.198544	1407.2033927440643
39	654.81	250.70853	982.4012	32.577633	736.9455	253.06995	1308.9395	411.76935	326.73334	345.4	194999	116.0165	36.449524	116.01602	36.45481	-117.1976	13.134528	1442.3571293354034
40	682.912	282.4271	1239.2611	371.77438	141.62831	24.92902	182.16632	109.85298	292.16666	93.65	199999	118.263084	37.608265	118.2629	37.61266	-119.28967	13.572347	1480.51992893219
41	763.1532	304.02377	1552.0182	344.83234	705.6581	147.10103	1012.0507	484.02817	345.2143	351.7	204999	119.89043	38.79056	119.89029	38.79323	-120.95696	14.130536	1515.6948957443237
42	682.08124	254.50241	1197.6652	322.87222	364.20422	3.9615474	371.2118	357.21024	348.2	166.55	209999	121.29155	39.83783	121.29125	39.84226	-122.38242	14.724347	1554.2553086280823
43	670.6754	372.6223	1685.3832	347.63794	983.30334	420.60593	2011.3667	468.917	333.0	485.7	214999	122.62325	40.834415	122.623825	40.834263	-123.6265	14.806567	1591.145947933197
44	801.0307	238.31999	1369.3302	502.9109	723.8446	123.48253	1240.2649	621.926	334.93332	268.85	219999	124.07545	41.789684	124.07565	41.791958	-125.17013	15.405641	1631.07226729393
45	727.61316	218.86516	1326.2761	413.28687	957.50244	284.64926	1785.1664	629.15155	275.1111	351.55	224999	125.60281	42.723328	125.60276	42.72538	-126.64519	15.577876	1666.3921341896057
46	746.228	156.93654	1281.7075	403.15344	710.4297	90.84993	1037.9819	608.07886	262.10526	250.95	229999	127.24185	43.63428	127.2419	43.6365	-128.32275	15.233516	1705.8071627616882
47	810.128	184.63655	1251.2335	568.9013	1053.7942	273.0783	1446.678	538.4983	290.0	453.5	234999	129.16396	44.099316	129.16417	44.101532	-130.22414	14.916084	1742.7751297950745
48	710.6018	175.45671	1016.27484	371.23584	781.31604	49.094147	925.82904	682.0685	274.44446	262.55	239999	131.34186	44.6163	131.34177	44.61736	-132.39282	14.748827	1781.916384935379
49	833.1772	312.7716	1367.6473	214.45328	710.62585	36.015713	824.4394	651.6693	321.0	247.6	244999	133.32555	45.021248	133.32532	45.024666	-134.44072	14.876366	1815.2531645298004
50	769.4713	191.23111	1061.9692	206.29565	587.9958	234.58553	1552.5137	490.25534	274.55554	266.9	249999	135.28784	45.270035	135.28778	45.274643	-136.30035	14.7245655	1856.0077645778656
51	801.8229	210.79222	1405.3768	534.37604	974.78796	187.63226	1277.7875	670.02734	289.82352	355.65	254999	136.85172	45.716267	136.85132	45.719887	-137.97028	14.487459	1890.2509336471558
52	778.3339	188.51912	1163.503	496.24445	745.1989	53.55579	852.39923	654.7142	296.88235	251.55	259999	138.39299	45.81477	138.3929	45.819004	-139.43173	14.33562	1929.2072439193726
53	724.5967	159.42871	1025.4739	140.2443	561.8768	189.7489	857.5401	195.03096	259.1579	222.6	264999	139.44604	46.084324	139.44531	46.088757	-140.485	14.371434	1963.287143945694
54	819.1853	236.97554	1601.0963	648.41077	686.0031	9.767871	708.8893	668.8159	283.55554	220.85	269999	140.61018	46.36508	140.61005	46.36764	-141.5624	14.165117	2001.6017434597015
55	754.821	99.9907	1119.2856	638.78265	719.9409	41.398464	814.1555	653.2691	258.8421	250.85	274999	141.67851	46.65824	141.6784	46.65774	-142.61848	13.808751	2036.3536489009857
56	723.5116	78.094025	873.1711	554.75104	737.74286	37.28773	848.30066	694.05225	256.5	256.4	279999	142.87935	47.05238	142.87927	47.05512	-143.82043	13.684331	2073.9665112495422
57	775.1175	115.90222	1110.5404	666.2995	773.8217	42.74755	895.4192	710.62634	268.55554	261.05	284999	144.10349	47.543	144.1036	47.54236	-144.94197	13.709153	2109.6201491355896
58	779.8793	91.43482	1019.9722	655.40265	796.4437	150.80615	1351.8776	664.90936	261.7	287.6	289999	145.32149	47.88144	145.32109	47.883503	-146.23413	13.551613	2147.4013137817383
59	745.6532	105.976654	1000.1849	613.9506	823.88074	127.446304	1031.4758	615.0747	250.35	271.85	294999	146.81026	48.34141	146.81012	48.343235	-147.7413	13.4288	2183.9400720596313
60	730.22217	108.34982	994.62897	527.16406	653.4956	42.68043	722.56354	567.02466	242.85	218.4	299999	148.16612	48.88107	148.16594	48.88308	-149.03435	13.591589	2220.023019552231
61	702.06964	132.79153	1034.8726	422.35715	759.0714	74.5804	999.92664	707.4442	237.09525	257.25	304999	149.68886	49.336765	149.68869	49.33998	-150.6724	13.456053	2257.3147513866425
62	779.4221	84.89884	900.6173	564.9644	702.8611	61.746193	844.5409	611.34753	262.94736	235.85	309999	150.9981	49.960255	150.99802	49.96191	-151.96777	13.3565645	2292.7047860622406
63	788.2199	129.88255	1155.8333	639.2906	808.43896	71.11387	957.69	714.54285	263.26315	260.65	314999	152.04631	50.49326	152.04622	50.494183	-152.90166	13.307676	2330.778877735138
64	910.446	169.96019	1357.5333	734.92596	723.7002	29.568935	844.14294	695.5614	303.0	239.0	319999	153.01987	50.88026	153.01968	50.88156	-153.88164	13.253566	2365.4557344913483
65	933.14374	280.767	1767.6799	687.71405	797.2107	87.56689	970.7705	702.61426	333.2857	267.25	324999	154.01314	51.329952	154.01317	51.33152	-154.93304	13.336312	2404.063711643219
66	997.09094	370.32074	1936.5995	674.6269	1429.7058	444.04022	2682.762	931.5927	346.26666	495.0	329999	155.20581	51.75791	155.20544	51.75838	-156.02094	13.311653	2441.4243297576904
67	1063.7921	179.7826	1507.6144	872.3748	989.36017	166.38301	1432.9418	648.61084	354.7857	322.55	334999	156.19202	52.348568	156.19226	52.349655	-157.14447	13.6215	2480.5188744068146
68	934.6509	187.56334	1247.8506	425.95325	1303.2129	629.3204	2771.4272	825.63495	323.3125	448.85	339999	157.28426	52.727516	157.2841	52.728165	-158.25748	13.817447	2518.277217388153
69	799.5641	378.1567	1978.7808	424.52936	1253.6438	537.9085	2550.8435	798.1333	273.0	447.1	344999	158.4138	52.97323	158.41339	52.976784	-159.3058	14.089702	2558.773316383362
70	1124.2062	370.65576	1834.4492	412.07974	764.3069	222.88991	1550.1038	403.6807	385.30768	240.45	349999	159.32944	53.461266	159.32938	53.463135	-160.26718	14.150459	2594.838678598404
71	1001.9347	194.23497	1401.6414	730.874	1532.3574	665.7722	2840.1687	694.6066	343.0	539.5	354999	160.29083	53.751328	160.29094	53.752728	-161.17296	14.17724	2635.327595949173
72	924.39264	241.81776	1330.563	427.72397	1436.8965	544.352	2795.5417	908.03156	317.0625	511.2	359999	160.9991	54.18266	160.99884	54.18563	-161.91776	14.281775	2674.531576871872
73	1082.8934	283.99072	1475.228	612.58264	1147.95	443.17923	2380.017	693.1951	363.53845	387.6	364999	161.78822	54.41025	161.78833	54.411892	-162.7534	14.514179	2712.7982366085052
74	1398.576	620.02594	2764.912	563.10046	1002.07654	69.52452	1140.2843	912.21436	466.45456	336.7	369999	162.54973	54.75346	162.54947	54.755394	-163.4003	14.542789	2749.7359631061554
75	1059.2173	227.51538	1537.0266	676.0402	874.5535	247.26462	1455.1417	576.009	356.73334	328.75	374999	163.35953	55.063393	163.35982	55.063625	-164.25403	14.604818	2787.4631724357605
76	1268.2797	472.24088	2518.9033	682.8154	1222.512	205.15892	1663.517	910.4863	445.0909	413.35	379999	164.1217	55.141144	164.1223	55.141315	-164.86559	15.063344	2825.270943403244
77	1058.1066	317.1598	1568.9283	675.38025	1243.6144	238.85957	1843.8467	953.28986	352.85715	394.3	384999	164.58316	55.289337	164.5832	55.290573	-165.37172	15.387835	2862.828905582428
78	1098.2382	417.83994	2458.3518	729.68896	841.01025	291.35672	1406.492	132.98494	363.85715	285.7	389999	165.08072	55.06736	165.08066	55.070164	-165.92563	15.064178	2900.0423369407654
79	993.5213	559.7971	2612.9155	410.41922	1209.4899	321.159	2241.4878	934.37585	351.0	375.5	394999	165.73984	55.04031	165.73997	55.040237	-166.59412	15.191487	2938.356165409088
80	1119.2196	532.9431	2796.6992	705.7084	897.92053	408.66025	1990.1128	429.35165	373.84616	304.9	399999	166.26517	55.23598	166.26561	55.23773	-167.07909	15.41002	2976.4235389232635
81	1269.8535	461.4556	2307.7107	697.491	1552.8528	520.24805	2910.1638	764.88904	424.63635	505.95	404999	166.71332	55.235256	166.71356	55.237698	-167.42677	15.450641	3015.5702137947083
82	1144.7513	752.33435	3006.369	392.31525	782.6494	123.55986	1233.4087	705.7753	386.35715	251.15	409999	167.31621	55.34884	167.31613	55.350067	-168.02748	15.548463	3053.3189985752106
83	1060.7089	384.51413	1972.054	658.0413	1959.0406	731.04285	2942.0684	858.3777	345.26666	685.35	414999	168.02734	55.514225	168.02757	55.514626	-168.8277	15.512056	3091.923466205597
84	861.15936	273.99634	1461.7263	627.6054	1565.824	554.22064	3004.9963	863.0806	285.70587	496.9	419999	168.57137	55.85621	168.57208	55.8569	-169.30292	15.572787	3132.8594954013824
85	1435.4712	757.3226	2804.4463	834.4067	1355.4841	460.7782	2469.048	657.22906	486.55554	448.2	424999	169.1375	56.076305	169.13747	56.078735	-169.94057	15.346738	3169.5220818519592
86	1580.1953	812.95526	2930.5251	676.7046	1009.5552	29.317896	1041.5406	903.4041	519.1818	288.5	429999	169.97743	56.095436	169.97752	56.09705	-170.70215	15.614997	3207.9035482406616
87	1290.3597	504.5876	2236.749	632.4739	752.30035	36.709026	891.3823	720.4276	419.66666	236.25	434999	170.9234	56.051064	170.92384	56.052437	-171.72017	15.380089	3242.7752838134766
88	1155.1168	608.4294	2688.7744	651.4901	1076.9795	590.9932	2668.7446	668.3321	381.53845	364.35	439999	171.4979	56.285385	171.49846	56.285362	-172.18373	15.697826	3283.9402618408203
89	1379.9552	639.1038	2905.5105	692.811	1970.4232	792.3028	2780.8364	658.7174	449.3	724.45	444999	172.02345	56.52085	172.02367	56.523773	-172.76013	15.473178	3321.249435901642
90	1390.2606	693.20825	2612.035	666.9106	1536.3307	557.6279	2676.3215	714.49335	493.45456	526.2	449999	172.56985	56.68411	172.57054	56.68569	-173.25804	15.703032	3363.5329678058624
91	1644.3588	820.5197	2801.7695	851.9674	1808.2125	596.27246	2756.5654	832.68695	575.625	684.9	454999	173.21373	56.525887	173.21365	56.526886	-173.90698	15.9482	3400.620035171509
92	1556.3375	626.8478	2741.023	819.871	1209.1248	614.122	3026.3564	635.49713	552.7	388.7	459999	173.72517	56.79435	173.7255	56.796032	-174.39673	15.680508	3443.312085866928
93	1302.8485	550.9808	2509.1118	488.2009	2292.9172	699.3233	2945.9907	870.5743	420.5	803.25	464999	174.30579	56.96682	174.30588	56.9677	-175.00165	15.810804	3480.3350915908813
94	1796.485	908.3322	2958.8477	679.5214	1851.5713	843.50555	3059.8853	1031.0525	604.375	594.35	469999	175.00412	56.99238	175.00412	56.995537	-175.63231	15.927108	3523.0100390911102
95	2041.3066	895.33905	2948.6658	755.8938	2149.7385	565.4394	3164.997	1323.3071	712.8571	668.5	474999	175.66653	57.074673	175.66708	57.075188	-176.3103	15.764047	3560.0380556583405
96	1720.1598	664.70087	2731.013	665.77606	703.0979	10.974837	723.7791	681.8655	571.8889	231.4	479999	176.17847	57.320797	176.17831	57.32219	-176.88718	15.679543	3598.8287930488586
97	1654.8608	770.8848	2969.3186	774.5506	1658.4652	548.7263	2697.0352	840.25116	539.7778	502.8	484999	176.88264	57.54825	176.8836	57.54548	-177.55565	15.719928	3634.8905217647552
98	1385.8439	748.4297	2964.4038	624.42847	1576.4415	627.82684	3045.4556	819.887	439.54544	489.6	489999	177.55376	57.60885	177.55396	57.610523	-178.2233	16.137907	3677.101960659027
99	1856.9088	601.7826	2824.5796	1177.168	2689.069	456.8714	3270.7336	1825.0603	583.3333	861.3	494999	178.01865	57.70988	178.01936	57.70796	-178.68097	15.977245	3714.770869731903
100	2172.0974	741.90326	3014.6995	714.7064	1921.6719	597.17365	3191.565	984.3971	722.5714	587.15	499999	178.57281	57.849125	178.5733	57.84896	-179.21469	16.002026	3755.55561375618
101	1873.6578	563.7045	2750.807	904.38635	2424.3574	628.3123	3234.9946	1235.9926	583.75	729.9	504999	179.1395	57.925846	179.14024	57.92424	-179.7933	15.886185	3794.208626270294
102	1659.6887	718.97736	3027.07	731.56995	1912.5826	593.1542	3161.1838	973.7924	518.7	603.85	509999	179.79187	58.25645	179.7926	58.25501	-180.35927	16.074766	3833.899834394455
103	1615.8564	628.2987	3046.9597	990.6507	2067.1785	563.8484	3071.5603	1034.8187	509.1	654.95	514999	180.73134	57.984524	180.73175	57.98284	-181.38722	15.701294	3873.8843693733215
104	1705.3114	799.19806	2981.5044	579.28046	1811.195	653.55005	3083.9019	585.91956	553.44446	520.0	519999	181.42284	58.098454	181.42365	58.097874	-182.10153	15.881133	3911.976329088211
105	1727.2223	797.4135	3069.9883	942.52313	2309.786	617.1786	3059.714	1298.5326	545.8889	753.05	524999	182.28638	57.933437	182.28717	57.933964	-182.9081	15.898474	3953.1974194049835
106	1596.5654	724.55756	2927.4312	512.44305	2114.625	871.0607	2998.7764	1011.3793	503.9	705.05	529999	182.92758	58.199425	182.92787	58.199047	-183.51147	15.8539	3990.322853088379
107	1788.5347	861.61584	2964.9346	435.1805	1791.4922	507.6305	3137.126	1446.498	594.375	558.7	534999	183.80698	58.234974	183.80768	58.23438	-184.40802	15.802365	4032.771800518036
108	2144.2302	860.94073	3139.1865	805.2684	2696.6377	382.77252	3042.148	1366.9525	706.1429	933.0	539999	184.33714	58.4362	184.3377	58.433388	-184.94708	16.261377	4069.713630914688
109	2438.4114	821.391	3132.4875	945.8163	2479.1868	403.52704	2997.5203	1852.8447	782.5	839.3	544999	185.19576	58.655323	185.19653	58.655006	-185.82526	16.119492	4112.362237691879
110	1621.4945	872.2206	3006.5537	721.7558	2401.345	738.1467	3087.584	754.74164	510.6	868.0	549999	186.46213	58.205257	186.4627	58.20317	-187.12512	16.023136	4149.363979578018
111	1756.3578	718.81934	2863.088	891.61554	1440.0286	679.35156	3157.757	987.8233	582.1111	437.6	554999	187.3323	58.28932	187.333	58.289448	-187.9481	15.807881	4192.081121921539
112	2207.257	888.0537	3116.0117	960.508	2217.4348	577.1465	3162.091	1453.5787	711.1429	711.9	559999	188.0166	58.563126	188.01726	58.56073	-188.69623	15.844256	4229.19371175766
113	1979.5913	787.81067	3136.8281	988.36273	2920.4487	76.03334	2995.6858	2620.9739	627.375	993.0	564999	188.94572	58.690987	188.94612	58.689884	-189.55652	15.850547	4271.0064868927
114	2423.8003	944.55774	3134.8506	916.2562	2918.6594	308.31702	3178.2014	1651.765	754.8571	973.55	569999	189.79774	58.82227	189.7986	58.81831	-190.35733	15.646275	4308.971554279327
115	2325.6836	637.0561	3098.552	1510.782	2481.148	630.07465	3457.809	1555.5311	752.8333	723.2	574999	190.69522	59.01921	190.69594	59.018677	-191.21983	15.865775	4349.385290384293
116	2372.0247	774.6949	3267.8823	1168.8857	2256.816	679.49896	3126.3508	1161.2035	761.0	757.15	579999	191.56783	59.073208	191.56865	59.070107	-192.14398	16.123108	4388.4898908138275
117	1733.2858	710.84204	3018.461	901.0981	2923.3892	36.841858	3016.4507	2882.047	534.3333	1000.0	584999	192.3493	59.28739	192.34935	59.289448	-192.91275	15.561156	4427.914144039154
118	2268.7583	924.9276	3109.094	834.9168	2987.8652	251.38803	3328.0403	2186.2551	737.7143	947.95	589999	193.1822	59.336643	193.18243	59.33523	-193.7915	15.639215	4468.434451341629
119	2522.3252	682.06006	3318.0115	1745.5249	2302.7856	881.666	3050.4785	847.598	771.3333	773.45	594999	194.16418	59.316387	194.16458	59.3159	-194.79135	15.569554	4506.470880270004
120	2335.4534	759.67365	3152.053	798.7551	2448.4321	529.0287	3256.172	1713.0442	739.8571	738.85	599999	195.01509	59.366493	195.01518	59.365685	-195.54794	15.478608	4548.084557771683
121	2591.5107	751.4379	3216.9214	980.60535	2849.6323	109.4032	3096.3447	2719.169	837.3333	1000.0	604999	195.8874	59.400284	195.88803	59.3992	-196.55293	15.362168	4585.273749113083
122	2757.3643	684.5333	3130.6208	1232.2161	3221.4004	45.62437	3302.9785	3069.7146	897.8333	995.4	609999	196.91234	59.269794	196.9127	59.26816	-197.56305	15.500406	4627.840403318405
123	3128.7183	40.55872	3195.3186	3088.7212	3055.1182	79.70423	3188.0552	2903.1448	1000.0	1000.0	614999	198.11246	59.180397	198.11266	59.183876	-198.68143	15.15377	4664.914870500565
124	2780.2617	472.44122	3175.2158	1926.8494	2827.6226	486.7161	3205.805	895.3789	884.2	940.2	619999	199.11992	59.582203	199.12009	59.582603	-199.66525	15.40486	4707.602844238281
125	2170.764	911.50635	3219.0007	1003.1033	3049.3152	15.126498	3082.189	3016.8757	673.625	1000.0	624999	200.27849	59.557484	200.27876	59.556038	-200.86896	15.274928	4744.671701669693
126	3126.4224	72.9141	3214.8867	3012.5752	2912.8455	26.43416	2960.316	2839.0488	1000.0	1000.0	629999	200.90982	59.788162	200.90987	59.789177	-201.58824	15.134275	4787.072922945023
127	2809.1643	617.8796	3200.3193	1496.7404	3123.718	299.18442	3264.2322	1915.1982	875.6667	967.9	634999	201.90054	59.797653	201.9009	59.79695	-202.4732	14.967801	4824.5633318424225
128	2558.2979	480.07233	3266.5322	1971.3942	3224.4956	27.71203	3272.1318	3182.0388	781.5	1000.0	639999	202.55334	60.243015	202.55385	60.244244	-203.2025	14.976306	4865.385438203812
129	1784.0947	864.1753	3289.2993	954.9354	2655.1694	700.637	3341.1545	1100.1982	525.8	799.5	644999	203.342	60.443623	203.34222	60.443226	-203.99174	15.09993	4904.310646533966
130	2055.6777	636.7265	2976.3503	1041.5435	2347.2356	424.1638	3093.1597	1675.3545	626.25	733.65	649999	203.86293	60.843792	203.86339	60.84309	-204.45052	14.617363	4943.813955307007
131	2166.9563	1029.489	3234.411	427.49173	2928.6785	521.51263	3388.71	1816.8843	686.0	883.25	654999	204.5146	61.090427	204.5151	61.089405	-205.153	14.825259	4984.09849190712
132	2314.4792	1123.6312	3358.616	439.67834	2937.3193	569.00116	3166.66	466.19345	712.8571	958.6	659999	205.18083	61.522038	205.18146	61.520813	-205.69106	14.531878	5022.258016347885
133	2688.0295	683.3323	3237.0215	1481.0339	2702.7737	653.3547	3383.3743	1414.7472	845.0	838.25	664999	205.75888	61.795063	205.75905	61.79424	-206.39615	14.98137	5063.958516597748
134	2425.3467	698.2412	3169.3718	1337.165	2635.8213	766.4028	3371.3367	879.9267	752.6667	851.7	669999	206.1618	61.944782	206.16226	61.943104	-206.753	14.82743	5101.024493932724
135	2244.8635	799.0482	2970.0767	724.7043	2368.0806	480.6645	2886.8848	1265.1859	731.1429	796.8	674999	206.70564	61.88216	206.70631	61.88215	-207.3722	14.961369	5143.791888475418
136	2908.227	349.50226	3271.6545	2243.718	3058.9778	127.6054	3216.1865	2758.785	931.4	1000.0	679999	207.47963	61.420307	207.48012	61.420864	-208.11397	14.9604435	5180.946501731873
137	2426.774	980.3851	3119.747	140.84799	2623.356	629.66486	3440.335	1506.2655	778.7143	766.35	684999	207.95506	61.44457	207.95496	61.446426	-208.40735	15.13027	5223.74823641777
138	2335.8933	917.36743	3293.8462	458.11572	3129.398	43.84913	3235.4595	3089.3525	700.8571	1000.0	689999	208.58694	61.624245	208.58755	61.623028	-209.05391	14.921581	5260.986350297928
139	2824.0403	393.06766	3239.199	2254.134	3142.4604	34.259743	3223.2605	3087.4077	891.1667	1000.0	694999	208.76247	61.84989	208.76253	61.850025	-209.35228	15.087367	5303.036104917526
140	2917.1309	498.88318	3296.559	1930.3827	2928.8435	572.2794	3461.8562	1153.7655	915.2	896.4	699999	209.30043	61.76278	209.30138	61.760178	-209.859	15.472265	5340.998169660568
141	3089.9175	139.42003	3234.8457	2859.585	1883.3512	919.3312	3271.684	975.0322	1000.0	580.1	704999	209.7572	61.811314	209.75732	61.81133	-210.4124	14.849866	5381.529345273972
142	2549.851	707.3438	3211.0854	1040.2937	3110.102	128.01366	3330.5576	2882.9368	842.0	1000.0	709999	210.4466	61.60893	210.44737	61.607155	-210.9955	14.471078	5421.028548002243
143	2911.7273	605.99615	3275.7305	1564.4984	2366.0208	733.02057	2858.8262	1038.7797	908.0	833.0	714999	210.7921	61.6337	210.7919	61.63331	-211.40755	14.806665	5460.067883014679
144	2321.5217	631.76117	3180.2937	1394.4142	3254.5278	61.75343	3368.9158	3104.7932	721.8333	1000.0	719999	211.26112	61.882385	211.26198	61.88152	-211.8417	14.902662	5501.0086398124695
145	3110.7468	216.23352	3251.757	2631.9763	2887.1667	530.45154	3434.4922	1681.8894	960.8333	857.15	724999	211.7215	61.89488	211.72183	61.895714	-212.31415	14.7357235	5538.463563680649
146	2710.7622	567.7578	3137.988	1486.8951	3209.1394	317.88565	3640.9207	1921.3931	810.0	976.65	729999	212.1368	62.103687	212.13718	62.10408	-212.7307	15.000672	5580.744416475296
147	3258.1348	74.35758	3372.4739	3156.9873	2506.5085	686.38007	3334.8813	1494.0011	987.6	753.95	734999	212.675	62.256935	212.67513	62.25678	-213.248	14.827838	5618.009274959564
148	2356.9233	841.6008	3301.1882	1320.2709	2499.95	874.13385	3460.6272	1140.9536	722.5	780.1	739999	213.0078	62.205425	213.00827	62.206814	-213.4699	15.166852	5660.799526453018
149	2413.0505	719.4564	3167.3567	1124.3064	3099.7417	304.12973	3464.4783	1917.0276	753.2857	961.2	744999	213.5884	62.232246	213.5885	62.232227	-214.1507	14.678635	5698.146603822708
150	3255.0479	52.40342	3339.4368	3192.392	3159.0825	71.28359	3296.2524	3045.7473	1000.0	1000.0	749999	214.26877	62.394547	214.26945	62.393116	-214.82507	14.635909	5740.745623111725
151	3222.7246	37.71007	3272.1128	3159.0696	3460.1562	19.393188	3511.459	3423.9465	1000.0	1000.0	754999	214.80858	62.771557	214.80878	62.769817	-215.3125	14.929694	5778.141555786133
152	3055.3718	356.87073	3342.8167	2350.717	3238.9656	40.824825	3309.0176	3162.7302	914.8333	1000.0	759999	215.50455	62.945538	215.50485	62.94609	-216.0371	14.720858	5819.211729049683
153	2785.789	728.54443	3357.572	1536.7391	3250.186	69.732025	3336.884	3111.253	837.8333	1000.0	764999	216.09572	62.985172	216.09613	62.983734	-216.689	14.403839	5857.985007047653
154	2868.5115	785.9226	3416.8933	1225.1086	3033.083	434.25305	3390.789	2009.1074	850.6667	898.3	769999	216.87677	62.850323	216.87704	62.849903	-217.42274	14.479382	5897.698516607285
155	2881.756	593.31305	3413.8745	1949.1838	2142.8523	1253.2688	3361.2122	663.48425	856.2	675.55	774999	217.58972	62.995148	217.5899	62.99492	-218.11322	14.725642	5937.981920003891
156	2928.3064	749.71356	3303.7188	1252.7064	3172.1042	105.62279	3398.571	3004.601	900.5	1000.0	779999	218.30292	63.23139	218.3032	63.230576	-218.791	14.960269	5976.157357931137
157	2472.152	1273.9843	3495.1394	501.42923	3224.6694	356.90353	3464.731	2120.6257	750.5	963.6	784999	218.82648	63.289818	218.82727	63.288742	-219.36568	15.244006	6017.907332658768
158	2782.74	989.0599	3402.5234	466.41165	3295.3484	36.223026	3360.8354	3238.4224	827.4286	1000.0	789999	219.40002	63.30856	219.40027	63.30796	-219.88075	15.014994	6055.073531627655
159	2855.3057	870.56433	3486.9	1149.6703	3014.0708	938.8834	3618.1755	980.6667	839.2	850.1	794999	220.05756	63.08726	220.05768	63.08798	-220.53055	15.135414	6097.785764217377
160	3316.752	55.17889	3414.9553	3249.2554	3230.5518	357.7257	3405.2007	1850.5988	1000.0	958.6	799999	220.5067	63.312653	220.50682	63.31337	-221.00435	15.187892	6135.138347625732
161	3004.8242	581.4439	3293.9482	1705.3309	3161.0261	407.48892	3559.1406	2037.354	923.0	939.05	804999	221.05632	63.37424	221.05667	63.374065	-221.65414	14.629225	6177.778891086578
162	3042.28	566.28204	3607.8591	2004.0178	3247.8098	64.86376	3387.5066	3134.2424	886.2	1000.0	809999	221.8771	63.369377	221.87785	63.36522	-222.37273	14.844981	6215.1486830711365
163	3363.2227	79.08571	3474.1567	3244.0125	2779.4744	886.49506	3445.891	1117.1487	1000.0	843.8	814999	222.37704	63.413136	222.37688	63.41159	-222.91235	15.392835	6256.888415813446
164	3308.7285	117.81771	3414.432	3084.7	3237.5552	67.91586	3406.6584	3152.9749	1000.0	1000.0	819999	222.97647	63.31915	222.97708	63.317863	-223.4343	14.68542	6295.0450077056885
165	2885.4133	1079.224	3500.258	479.1237	3368.6147	77.56776	3525.6943	3215.1572	863.6667	1000.0	824999	223.8203	63.22428	223.82057	63.224136	-224.29977	14.399918	6335.237156629562
166	3390.558	38.048203	3425.7195	3323.736	3446.6316	51.045826	3554.589	3362.405	1000.0	1000.0	829999	224.57843	63.707607	224.57855	63.70567	-225.08345	14.862381	6374.877828359604
167	3404.2	44.238724	3460.422	3339.3076	3359.7583	70.51497	3469.5352	3189.9492	980.2	1000.0	834999	225.2621	64.02403	225.26234	64.02245	-225.7802	14.9295435	6413.697630167007
168	3351.8062	81.38432	3467.2798	3243.7964	3225.9353	638.59143	3499.2927	450.59375	1000.0	961.15	839999	226.12206	64.06342	226.1228	64.06041	-226.63745	15.058892	6454.715453147888
169	3393.6726	46.14907	3442.922	3316.1833	3356.2546	58.81875	3465.7454	3216.099	1000.0	1000.0	844999	226.90628	64.17069	226.90625	64.16964	-227.33438	15.08683	6492.161650180817
170	3131.348	599.11115	3460.5156	1795.1421	3518.1282	143.20874	3744.859	3011.6482	912.5	988.65	849999	227.62782	64.18196	227.62813	64.18248	-228.1601	14.962863	6534.465219497681
171	3479.1055	32.850018	3514.8015	3424.3467	3300.6382	374.71268	3496.7683	1693.1282	1000.0	975.45	854999	228.34207	64.25895	228.34242	64.259926	-228.8877	14.79711	6571.770214080811
172	3394.403	51.316124	3470.2617	3314.4521	3322.0981	34.112118	3364.9402	3217.8003	982.4	1000.0	859999	229.1969	64.34574	229.19685	64.3443	-229.61736	15.194564	6614.339496135712
173	3093.6548	675.3066	3602.7515	1763.3134	3272.512	434.90375	3546.2668	1405.3514	893.8	971.5	864999	229.81958	64.49641	229.8196	64.49663	-230.28015	14.479715	6651.565288305283
174	3379.657	59.38743	3496.4612	3336.8762	3399.4563	71.45675	3603.7114	3272.7283	1000.0	1000.0	869999	230.51315	64.68665	230.51332	64.685425	-230.97768	14.805843	6694.126952171326
175	3387.0845	79.427826	3470.3875	3250.706	3256.3977	54.42881	3363.595	3144.9548	1000.0	1000.0	874999	231.09903	65.02433	231.0996	65.023445	-231.5968	14.605968	6731.443830728531
176	3495.0364	108.93485	3670.8525	3378.2246	3414.2227	230.29378	3560.824	2432.1946	1000.0	983.55	879999	231.91803	64.936066	231.9187	64.93265	-232.4021	15.051639	6772.5768785476685
177	3505.7747	66.95787	3621.1309	3414.9626	3521.9785	80.184204	3702.0823	3370.4353	1000.0	1000.0	884999	232.5089	65.07902	232.50925	65.07869	-232.93645	14.81627	6811.318653583527
178	3346.4395	110.18571	3483.9377	3182.6948	3454.9722	47.098915	3577.5378	3392.8232	1000.0	1000.0	889999	233.02243	65.2907	233.02245	65.29098	-233.53165	14.759114	6850.974241256714
179	3412.9028	30.982769	3465.028	3373.2915	2768.0476	1069.4465	3437.452	619.01514	1000.0	852.85	894999	233.85193	65.370384	233.8526	65.36812	-234.42035	14.327621	6891.168258666992
180	3376.4187	46.04324	3458.858	3316.8591	3376.1992	58.846252	3472.1255	3274.1523	1000.0	1000.0	899999	234.53337	65.48582	234.53355	65.48666	-234.988	14.704272	6929.436109781265
181	3367.0952	22.587543	3393.1707	3331.4397	3489.7534	46.43746	3597.507	3393.1677	1000.0	1000.0	904999	235.414	65.216675	235.41466	65.21609	-235.73997	14.360019	6971.116337776184
182	3180.3616	577.0899	3536.1965	1896.8759	3262.9214	52.620415	3362.6218	3169.8828	916.3333	1000.0	909999	236.2519	65.119644	236.2521	65.119415	-236.66267	14.723047	7008.35832285881
183	3091.6064	749.59406	3580.5886	1429.0863	3320.7104	56.885124	3431.8157	3203.5557	898.3333	1000.0	914999	236.67592	65.31127	236.6761	65.31281	-237.1342	14.706899	7051.041356801987
184	3414.2974	82.05254	3569.5322	3330.2969	3448.643	30.976469	3500.0286	3398.225	1000.0	1000.0	919999	237.54205	65.17024	237.5423	65.16885	-238.08176	14.292509	7088.279564857483
185	3425.5005	40.7974	3483.0183	3357.5444	3539.9507	77.39089	3653.0193	3366.1216	1000.0	1000.0	924999	238.23082	65.34498	238.23143	65.344345	-238.6479	14.613979	7130.94889497757
186	3497.3293	66.83507	3578.6438	3411.4612	3649.2793	56.563725	3765.9478	3565.924	1000.0	1000.0	929999	238.8996	65.68857	238.89998	65.689125	-239.47353	14.7714205	7168.150551557541
187	3460.517	67.88424	3550.5244	3340.3423	3397.3423	40.90242	3448.8242	3299.647	1000.0	1000.0	934999	239.47037	65.880714	239.47044	65.87983	-239.99565	14.658607	7209.965445518494
188	3441.4504	43.840405	3511.8901	3397.2222	3512.6777	51.985394	3594.8345	3420.2766	1000.0	1000.0	939999	240.17743	65.983246	240.17752	65.98162	-240.7892	14.532856	7248.088222742081
189	2936.936	986.75006	3532.6565	967.3077	3414.5325	26.354736	3468.015	3367.9636	860.6	1000.0	944999	240.99155	65.965355	240.99222	65.96553	-241.3888	14.632582	7288.398313045502
190	2802.0703	1020.8736	3488.9036	944.5577	3541.2988	25.682775	3603.157	3502.5205	811.5714	1000.0	949999	241.59238	65.825386	241.59227	65.82437	-242.0908	14.7009	7327.869666099548
191	3414.1333	53.949684	3470.8054	3316.8972	3359.7996	19.318123	3406.2996	3323.264	1000.0	1000.0	954999	241.99045	65.89965	241.99103	65.90113	-242.4756	14.556997	7366.778705835342
192	3375.4048	110.68434	3529.0166	3191.282	3387.4478	48.106644	3508.3848	3322.697	1000.0	1000.0	959999	242.1744	66.25199	242.17447	66.25321	-242.6776	14.726125	7407.759093999863
193	3385.1538	69.10466	3470.1553	3308.2432	3358.6724	54.95514	3433.9165	3232.0347	1000.0	1000.0	964999	242.76688	65.81315	242.76707	65.81054	-243.22972	14.584933	7445.25133895874
194	3332.8296	58.88265	3423.7512	3250.1025	3403.028	14.7430105	3435.9558	3379.4602	1000.0	1000.0	969999	243.13174	65.74051	243.13194	65.740364	-243.60573	14.051669	7487.554109334946
195	2801.8745	1163.2316	3451.1997	477.67465	3336.0117	43.828503	3399.8152	3241.9812	835.0	1000.0	974999	243.7233	65.68973	243.7238	65.68972	-244.22438	14.148332	7524.80734038353
196	3357.9312	97.915344	3515.7793	3233.9805	3234.6206	39.50359	3324.2778	3173.1555	1000.0	1000.0	979999	244.12215	65.86158	244.12253	65.8603	-244.59065	14.80456	7567.527670621872
197	3372.246	30.481401	3428.7502	3340.0645	3273.844	38.113358	3355.3755	3218.8843	1000.0	1000.0	984999	244.54385	65.88542	244.54407	65.88573	-244.98473	14.825653	7604.818849802017
198	3329.9758	73.73989	3411.4653	3206.53	3013.328	971.3755	3536.2112	604.3166	1000.0	885.0	989999	244.8706	66.064354	244.87082	66.06522	-245.2874	14.579122	7647.380291938782
199	3406.0286	31.127438	3455.9883	3363.8252	3590.4504	36.39489	3638.1594	3501.581	1000.0	1000.0	994999	245.4825	65.97336	245.483	65.97134	-245.9829	14.575501	7684.687823534012
200	3432.269	94.76034	3550.0186	3314.5212	3490.0093	67.14537	3606.5823	3299.136	1000.0	1000.0	999999	246.09595	65.73793	246.09613	65.73661	-246.62967	14.304453	7725.733850479126
