Epoch	AverageEpRet	StdEpRet	MaxEpRet	MinEpRet	AverageTestEpRet	StdTestEpRet	MaxTestEpRet	MinTestEpRet	EpLen	TestEpLen	TotalEnvInteracts	AverageQ1Vals	StdQ1Vals	AverageQ2Vals	StdQ2Vals	LogPi	LossPi	LossQ	Alpha	LossAlpha	Time
1	19.987047	3.1251733	30.597076	8.591143	47.681408	4.7853847	56.408783	39.824345	12.099274	38.2	4999	13.130553	8.41361	13.130674	8.415195	0.064997315	-14.295364	0.43970567	0.13081269	0.4002837	40.780972719192505
2	20.421225	3.1488202	34.482864	6.6222305	86.141014	6.2557898	101.33647	76.1459	12.435324	62.15	9999	31.800154	16.128922	31.800365	16.136524	2.4136536	-35.040226	1.1338164	0.065189965	0.042509552	83.39923024177551
3	271.74515	293.41406	853.2968	71.75893	312.51804	341.72708	904.8109	96.03857	310.9375	322.85	14999	54.924305	21.817947	54.924625	21.82967	2.9275577	-59.209476	3.9668972	0.048947286	0.003620475	143.41860938072205
4	225.03865	234.79533	825.0932	75.50029	128.50958	110.96555	608.7764	83.97367	244.1	115.95	19999	64.32695	21.548094	64.32713	21.556364	2.9893742	-67.726974	3.4997835	0.039998785	0.00042832614	200.6243815422058
5	101.127655	112.45096	884.3879	63.993076	912.1022	1.0313381	913.9181	910.0396	87.39216	1000.0	24999	68.25579	22.118996	68.2563	22.122055	2.9907978	-71.2146	3.295332	0.041324634	0.00034139518	259.64138436317444
6	300.17773	349.42554	878.86646	46.332706	902.12616	2.2806962	907.3101	896.1751	362.86667	1000.0	29999	73.46333	21.952013	73.46352	21.956995	3.0065129	-76.18213	2.4975905	0.03896588	-0.00023346803	318.13662028312683
7	590.2006	248.05219	872.03436	141.00569	968.5155	45.329334	1006.1393	901.9029	719.1667	1000.0	34999	75.594635	21.197802	75.59466	21.20559	2.9916155	-77.797935	2.2017388	0.036328185	0.00030816623	376.5832304954529
8	886.8761	6.45334	895.3787	877.6424	755.7694	312.9993	916.8551	107.749626	1000.0	823.45	39999	76.331474	19.738243	76.331474	19.742334	2.9631498	-78.217125	1.7814354	0.03034149	0.0011558258	434.9764428138733
9	142.99484	152.80077	893.57715	46.782154	914.3934	4.1152725	918.15546	897.7029	130.0	1000.0	44999	76.1445	20.477037	76.145615	20.477592	3.074243	-77.86769	2.175443	0.029694214	-0.0025793232	495.6902713775635
10	853.3379	15.050113	873.0003	833.59357	897.27673	3.786189	901.8811	887.34454	1000.0	1000.0	49999	78.115685	19.821653	78.116196	19.82501	2.8933325	-79.79976	1.9884727	0.03366142	0.0035646167	556.7177312374115
11	826.37354	16.288027	852.1271	802.936	915.6805	3.860626	921.69885	909.1905	1000.0	1000.0	54999	80.71755	18.688337	80.71756	18.692701	2.9760716	-82.29107	1.6626545	0.021154001	0.00057688367	616.5560772418976
12	653.8558	314.37473	888.79486	208.5331	899.5529	9.244483	913.089	879.33685	722.0	1000.0	59999	82.397446	18.396257	82.39752	18.400543	3.007385	-83.86106	1.4639006	0.024581812	-0.00016580538	674.9203624725342
13	721.3457	158.6088	874.4945	446.91068	905.8218	3.8338354	912.0318	894.00574	805.1667	1000.0	64999	83.62004	18.265154	83.61997	18.268223	3.014313	-84.9959	1.3535823	0.025508704	-0.00034093624	733.54891705513
14	312.0459	202.79057	887.06494	169.03447	320.9408	203.15825	921.0463	190.15253	295.6	282.5	69999	84.38517	18.487051	84.385506	18.487364	3.0014868	-85.66733	1.286183	0.026367273	-3.5004403e-05	791.7329390048981
15	453.9336	271.1607	888.8098	194.40007	924.7306	2.207276	927.3	919.2764	451.66666	1000.0	74999	84.42223	19.249666	84.42255	19.249462	2.9979823	-85.60751	1.2994152	0.02575609	5.396477e-05	851.8165974617004
16	336.83508	210.53604	894.8987	167.12297	241.93823	35.702568	293.62326	177.83247	307.3684	204.15	79999	84.56505	18.975697	84.56525	18.975943	2.9988606	-85.68558	1.1656667	0.025129275	3.1024098e-05	904.6575057506561
17	222.53487	31.358751	286.8215	171.17531	253.07578	9.649911	274.0427	234.86702	165.83333	194.65	84999	84.24237	19.57916	84.24268	19.579166	2.9959311	-85.302536	1.2428113	0.024662724	0.00010288968	952.2193949222565
18	223.61052	28.579231	311.1397	170.4758	212.37527	9.41519	234.4946	198.40695	158.40625	149.95	89999	83.88145	20.235022	83.88179	20.235502	3.0097613	-84.90945	1.2267798	0.025484964	-0.00024356513	1000.4000415802002
19	281.43546	214.39539	1233.6992	191.88887	1422.258	5.2233324	1432.5648	1410.9801	202.0	1000.0	94999	83.591965	20.485767	83.592125	20.487398	2.9999595	-84.54858	1.1793815	0.02755675	4.1891576e-06	1060.7380530834198
20	490.9595	291.4185	1230.7684	284.1449	953.4164	103.65661	1388.8678	918.7452	374.14285	1000.0	99999	83.51889	20.067875	83.51882	20.069342	2.9965816	-84.41917	1.1238052	0.025399182	9.0894624e-05	1121.4740099906921
21	995.10925	54.46795	1056.2194	928.5878	1017.6748	3.637427	1023.3217	1009.814	1000.0	1000.0	104999	84.30945	19.292906	84.3093	19.295195	3.0118964	-85.20525	1.021678	0.026892407	-0.00031688734	1179.7410998344421
22	1079.0253	219.29242	1363.2689	693.6047	1308.4948	10.639611	1335.751	1295.4966	894.2	1000.0	109999	85.541855	18.693157	85.5417	18.695578	3.0038257	-86.39749	1.002386	0.028330408	-0.00010660582	1237.1511814594269
23	1174.786	402.8209	1405.5841	277.3337	1319.9349	10.0920315	1334.9492	1294.7417	861.1667	1000.0	114999	87.24361	18.480965	87.2436	18.482416	3.0060654	-88.09439	0.9677266	0.03003272	-0.0001790861	1294.8902399539948
24	1223.8606	73.83071	1305.1425	1112.8423	1132.8864	57.037075	1203.0222	1021.98944	1000.0	1000.0	119999	89.50002	18.49961	89.49986	18.499674	3.0030417	-90.34309	0.98958594	0.031054199	-9.260306e-05	1353.9987597465515
25	1215.652	109.04302	1367.5538	1098.6785	1318.8712	11.928663	1344.3964	1287.9921	961.4	1000.0	124999	91.99695	18.681171	91.9968	18.682493	3.006245	-92.86285	1.0463254	0.032935478	-0.0002009686	1414.5094363689423
26	1439.0371	24.19448	1462.6897	1395.2498	1433.7117	11.523454	1454.7272	1415.2958	1000.0	1000.0	129999	95.370865	19.188343	95.37075	19.189428	3.0065453	-96.28618	0.99271446	0.03565516	-0.0002235734	1474.462683916092
27	1408.6389	39.114494	1465.9355	1363.3441	1401.8928	5.2654505	1410.9066	1389.3175	1000.0	1000.0	134999	99.241905	19.776867	99.24186	19.777948	2.9949458	-100.15606	0.9524553	0.03441359	0.00018005037	1532.0385234355927
28	1389.7808	12.075763	1409.548	1372.714	1454.159	4.1774487	1462.8234	1443.489	1000.0	1000.0	139999	102.25371	20.031515	102.25354	20.032946	3.0032024	-103.14904	0.9494098	0.03447509	-0.000107614695	1589.534502506256
29	1465.3406	27.286352	1504.6421	1426.8098	1589.2307	5.8038526	1598.7954	1575.8259	1000.0	1000.0	144999	104.70043	20.153429	104.700356	20.15458	2.9961007	-105.5783	0.9699383	0.035278074	0.00013856452	1647.1753294467926
30	1560.5288	27.558092	1604.3044	1530.5513	1665.2922	5.4736366	1672.8904	1652.9624	1000.0	1000.0	149999	106.941	20.10774	106.94095	20.108883	3.0065646	-107.8008	0.9271535	0.034886256	-0.00022808163	1706.515042066574
31	1597.8774	13.918143	1617.4557	1579.883	1686.6963	5.6445913	1697.7068	1678.1597	1000.0	1000.0	154999	109.33848	20.24205	109.33848	20.243633	3.0053985	-110.209526	0.8842335	0.03720614	-0.00019889238	1766.8640811443329
32	1611.7625	19.828632	1632.322	1578.0195	1679.9537	4.8966994	1689.8059	1669.1289	1000.0	1000.0	159999	111.80154	20.539997	111.80135	20.540945	3.0002263	-112.671715	0.90015393	0.037790533	-6.494528e-06	1826.2421979904175
33	1639.6598	33.494556	1682.5802	1587.7024	1688.4105	4.379831	1695.8546	1676.7172	1000.0	1000.0	164999	114.4336	20.754236	114.43354	20.755463	3.0010815	-115.31585	0.8954947	0.03736709	-3.9459897e-05	1883.827467918396
34	1645.9203	23.904797	1679.1459	1619.0114	1737.51	7.740628	1754.1351	1725.0778	1000.0	1000.0	169999	117.4518	21.064997	117.45191	21.065472	2.9966846	-118.33811	0.907145	0.039000396	0.00012991432	1941.3145813941956
35	1681.9811	7.4700165	1690.7533	1672.1008	1724.1975	10.949629	1751.5458	1703.3083	1000.0	1000.0	174999	119.77971	21.202885	119.7797	21.203646	3.004963	-120.630714	0.97205037	0.039388336	-0.00018738443	1999.1064920425415
36	1726.0579	17.186998	1748.9664	1700.6353	1754.5095	7.703716	1769.3486	1741.9445	1000.0	1000.0	179999	121.71014	21.453453	121.71006	21.454391	3.0033028	-122.55016	1.0488769	0.040456932	-0.0001296526	2058.89044713974
37	1736.0492	28.440577	1782.0698	1699.0925	1766.5359	8.303561	1777.479	1745.3237	1000.0	1000.0	184999	123.65735	21.672617	123.65717	21.673697	2.9987535	-124.49675	1.0336744	0.041323394	5.3428143e-05	2119.4158823490143
38	1360.8197	446.16	1764.2936	542.2338	1563.1957	439.52	1800.5292	454.33868	768.2857	871.0	189999	125.753525	21.97948	125.7535	21.980925	3.0007358	-126.584625	1.0333289	0.041292705	-2.7215337e-05	2178.605444908142
39	1795.198	16.178337	1823.2886	1778.3767	1876.6921	14.288905	1901.2241	1852.9884	1000.0	1000.0	194999	127.63534	22.249617	127.63544	22.250628	3.0049675	-128.44365	1.154241	0.042177092	-0.0002046421	2236.2754175662994
40	1824.2344	24.337408	1855.9203	1798.2966	1902.3258	8.623593	1915.6133	1888.401	1000.0	1000.0	199999	129.29071	22.399755	129.29063	22.400574	3.0117636	-130.08818	1.1388438	0.04532788	-0.0005339963	2293.7711749076843
41	1463.6637	485.78815	1919.4115	734.5881	1390.0095	494.0171	1952.6187	548.23096	763.7143	722.55	204999	130.84648	22.457186	130.8464	22.458433	2.9948933	-131.6314	1.1897753	0.04649638	0.00024507142	2351.3023965358734
42	1479.9388	591.52893	1917.894	527.60266	1275.275	521.35046	1934.6948	493.13263	778.6667	657.35	209999	132.03455	22.888136	132.03456	22.889101	3.0075996	-132.7991	1.2361672	0.048430424	-0.00036189702	2411.553052186966
43	1645.0826	381.82697	1969.4802	1096.3745	1565.051	552.7007	1997.9768	492.8937	857.8333	789.25	214999	133.26912	23.195263	133.26907	23.196392	3.0000434	-134.02988	1.2900416	0.049280882	1.0953903e-06	2471.870228767395
44	1767.2468	448.40176	2007.7146	870.6482	1942.2795	296.00226	2061.0667	685.7022	889.2	958.9	219999	134.60846	23.476097	134.60847	23.476221	3.0027564	-135.35114	1.4668593	0.051065985	-0.00013602285	2530.071362018585
45	1597.8549	394.64062	2021.3356	1042.7292	2031.6722	50.812355	2076.4944	1844.8224	798.7143	991.35	224999	136.02408	23.690248	136.02396	23.69188	3.0004742	-136.7741	1.4279339	0.05227272	-2.052334e-05	2587.442893266678
46	1680.2285	552.39136	2020.9039	499.7893	1789.5527	447.60052	2054.6016	483.20618	839.8333	878.6	229999	137.74359	23.978516	137.74344	23.980146	3.0032926	-138.49307	1.492783	0.0541343	-0.00016882423	2644.546642303467
47	1694.1973	463.34708	1994.4619	718.0786	1763.1204	363.5702	1974.0549	675.03723	854.8333	907.9	234999	140.15938	24.2222	140.15923	24.224445	2.99829	-140.9412	1.4984614	0.05420397	9.5847725e-05	2702.5973072052
48	1731.4211	499.23807	2020.9382	734.6058	1967.2877	22.830084	2010.0104	1929.2047	872.8	1000.0	239999	142.73904	24.341393	142.73892	24.343685	3.0002522	-143.51804	1.5142719	0.05243937	-8.767736e-06	2762.718900680542
49	1880.847	257.3232	2040.733	1312.3722	1900.4567	414.78677	2111.1272	348.13934	934.8333	920.0	244999	145.08406	24.455063	145.08394	24.457504	3.00031	-145.86203	1.5510107	0.052267604	-1.1481828e-05	2822.9191579818726
50	1453.7992	639.95544	2001.947	305.32565	1591.2466	623.964	2062.055	394.03867	729.3333	775.2	249999	146.8919	24.658087	146.89188	24.659845	2.9953039	-147.6283	1.5976853	0.050458245	0.0002479026	2880.3756103515625
51	1682.3022	466.569	2021.2278	778.6267	1506.3654	573.8997	2045.7086	303.53207	835.0	740.0	254999	148.12881	24.831299	148.12874	24.83309	3.00694	-148.87148	1.6901746	0.052066594	-0.00036046648	2937.637750148773
52	2029.0787	34.499275	2089.0996	1988.1501	1747.5146	604.4989	2142.3643	411.71136	1000.0	824.85	259999	149.98692	24.722578	149.98691	24.723871	2.9939587	-150.72925	1.647955	0.051880095	0.00032344484	2995.187076807022
53	1937.6519	209.5974	2061.2188	1470.2351	2001.0342	13.221773	2024.0103	1973.4929	950.8333	1000.0	264999	151.02554	24.903933	151.02556	24.906122	3.0038867	-151.71602	1.6685054	0.051330775	-0.00019887304	3053.7271366119385
54	1671.3971	609.1238	2018.3455	454.83334	2015.4752	21.878246	2081.2544	1985.6835	846.2	1000.0	269999	151.90787	24.902468	151.9078	24.905298	2.9960706	-152.6033	1.7562253	0.051730547	0.0002102282	3113.9367575645447
55	1894.2579	256.5608	2057.1277	1322.8124	2013.2131	13.467929	2042.8015	1985.5963	939.6667	1000.0	274999	152.96526	24.940542	152.96521	24.94338	3.0021243	-153.64607	1.7616055	0.051382203	-0.00010575214	3173.682763338089
56	1675.6149	401.72913	2044.6455	1009.81024	2028.0114	67.4336	2112.5576	1825.4213	826.1667	986.0	279999	153.90971	25.022535	153.9096	25.024492	2.9983	-154.58984	1.7326118	0.051656242	9.404856e-05	3231.2252299785614
57	1987.4303	82.88792	2070.3733	1836.6802	1806.351	452.84445	2111.3118	568.8006	978.2	878.4	284999	155.0245	25.1961	155.02444	25.198727	3.0034559	-155.72115	1.6900629	0.0520448	-0.00017677572	3288.696526527405
58	1569.5817	605.49066	2071.0146	489.9508	1925.5033	431.09106	2154.8013	723.2856	757.3333	913.05	289999	156.13678	25.034418	156.13658	25.0361	2.9944	-156.81564	1.7147998	0.0516854	0.00029585446	3346.241947412491
59	1870.4008	432.64874	2106.1594	904.53864	1681.2842	661.8496	2205.1152	352.998	901.8333	775.45	294999	157.55133	25.09365	157.55112	25.095533	2.9988632	-158.23105	1.7198814	0.049948454	6.16644e-05	3405.364561319351
60	1494.8527	566.3022	2139.3296	674.4061	1690.1028	576.5508	2179.9065	395.57736	710.4286	777.3	299999	158.7829	25.172049	158.78275	25.173836	2.9995294	-159.45653	1.7344877	0.050330054	2.8420245e-05	3465.4362182617188
61	1775.649	358.9311	2092.493	1240.7834	1762.8031	509.06772	2185.8499	607.2603	840.1667	857.4	304999	160.109	25.145544	160.10895	25.147175	3.006405	-160.7969	1.7359368	0.05103193	-0.00032407383	3524.80024433136
62	1221.533	529.50775	2068.271	672.5079	1461.8059	720.69867	2170.4707	293.74307	577.25	680.75	309999	161.10768	25.25648	161.10751	25.258598	2.9975278	-161.74734	1.727667	0.05224968	0.0001340129	3582.2663702964783
63	1889.0591	498.3854	2166.1487	776.54315	1671.2975	635.71436	2182.291	453.0888	892.8333	776.0	314999	161.4891	25.322292	161.48897	25.326073	3.0022752	-162.10362	1.8611889	0.052523457	-0.00011407257	3639.72212433815
64	1469.3966	699.39154	2153.6404	445.4416	1647.9967	694.3286	2182.4355	155.4245	685.5714	774.9	319999	161.90517	25.50886	161.90517	25.511456	2.993484	-162.52773	1.7379637	0.05233036	0.00033731392	3697.117170572281
65	1541.5236	670.5806	2162.0042	355.4091	1642.802	629.15485	2230.616	283.39902	723.2857	753.7	324999	162.8232	25.672485	162.82295	25.675297	3.0060084	-163.46353	1.8205332	0.05143843	-0.0003025657	3756.967438220978
66	1955.9957	332.9578	2183.6763	1296.1302	1687.1445	670.8375	2181.2922	342.68555	922.2	785.05	329999	164.55573	25.788666	164.55559	25.79277	3.01078	-165.24202	1.8803203	0.05538255	-0.00059236615	3817.2110102176666
67	1752.2416	670.0771	2121.7275	130.22868	1930.9694	425.3859	2113.237	277.6138	848.4286	927.4	334999	166.52812	25.712322	166.52818	25.714823	3.000797	-167.2072	1.7996484	0.05902854	-4.238962e-05	3876.094161272049
68	1246.8218	707.4895	2114.9033	307.67563	1456.4155	679.402	2118.0396	352.294	603.875	697.25	339999	167.05362	25.80066	167.05353	25.803108	2.9966896	-167.65877	1.8784844	0.05597179	0.00019654585	3933.573643922806
69	1315.7961	738.89874	2132.0894	267.97708	1121.7482	702.3098	2101.529	346.91876	639.5	538.3	344999	166.71965	26.31741	166.71954	26.319416	2.9981856	-167.304	1.9419043	0.056429747	0.00010716093	3990.9854066371918
70	1450.9061	644.93005	2115.3818	286.31207	2024.4215	269.5049	2127.6611	853.4625	691.5714	967.75	349999	166.39761	26.804657	166.39761	26.806751	3.0030465	-166.96681	2.0407667	0.056105457	-0.00016808337	4048.5542800426483
71	1846.2731	509.96823	2139.8064	829.5563	1222.5222	686.5661	2255.1196	279.0806	878.8	566.9	354999	166.3456	27.146467	166.34537	27.148962	3.0003443	-166.90851	1.9942257	0.058044262	-1.5889907e-05	4108.6241979599
72	1689.1237	693.1686	2177.638	339.11856	2007.3099	446.04242	2209.7437	371.3608	797.7143	924.5	359999	166.67427	27.226995	166.6742	27.228182	3.0044835	-167.23645	1.9440218	0.059858143	-0.00026079503	4168.826642751694
73	2117.4	44.086536	2171.3071	2038.1864	2050.3416	411.5258	2206.5552	679.5336	993.6	937.0	364999	167.10976	27.223278	167.10971	27.224716	3.0005386	-167.66109	1.9761231	0.059773106	-2.8161823e-05	4227.067106246948
74	2006.3923	130.71303	2143.8809	1794.4097	2000.9332	353.84457	2180.8433	733.08356	941.0	932.95	369999	167.797	27.284328	167.797	27.285295	2.9966655	-168.3601	2.0150166	0.059938252	0.00020222811	4284.468310832977
75	1583.8895	782.2323	2169.07	350.6291	2134.9978	25.42668	2182.1475	2091.1194	742.1429	1000.0	374999	168.88393	27.083363	168.88396	27.084532	3.0008	-169.44008	1.9500779	0.058995057	-4.3008506e-05	4341.653351783752
76	2126.4038	18.323309	2158.702	2105.4412	1853.5156	579.5542	2180.9355	311.4965	996.0	856.55	379999	169.7889	27.104868	169.7889	27.105753	2.999517	-170.33076	1.9642875	0.058737807	3.258326e-05	4399.538829565048
77	1362.1273	604.5596	2150.624	732.38635	1794.4926	598.68616	2157.7168	280.571	640.5	847.9	384999	170.44914	27.045286	170.4491	27.046925	3.001284	-170.98535	1.9569404	0.058621947	-7.1937386e-05	4459.746217250824
78	1907.5643	467.92664	2209.483	874.0851	1913.1484	477.50607	2254.7437	906.8731	880.6667	867.6	389999	170.875	27.1173	170.875	27.1189	2.998019	-171.40431	1.9996368	0.058580086	0.00012046975	4519.949663639069
79	1843.595	606.0746	2169.2754	631.73804	2119.6921	244.32799	2237.8057	1125.533	859.0	966.7	394999	171.24913	27.234499	171.2492	27.23573	3.0020704	-171.76566	1.9555848	0.05930139	-0.00011885474	4577.57901763916
80	2032.6356	199.48198	2142.192	1587.4679	2087.4595	20.208956	2118.6929	2055.187	945.0	1000.0	399999	171.74347	27.034466	171.7435	27.035814	3.0003157	-172.26811	1.998235	0.05868667	-1.4505136e-05	4634.818231344223
81	2129.1824	23.884193	2159.1313	2094.2083	2038.8922	458.8064	2233.6958	296.26685	1000.0	930.65	404999	172.18767	26.910618	172.18767	26.91313	2.9939115	-172.69966	2.0473843	0.05714148	0.0003576688	4692.285616874695
82	1681.5566	678.3988	2165.6118	440.35638	2182.6843	80.443886	2267.716	1908.4067	781.8333	987.0	409999	172.6971	26.82597	172.69714	26.827845	3.0014827	-173.20886	2.0945961	0.056513917	-8.0451064e-05	4750.910828590393
83	1636.714	660.52893	2183.028	533.6649	1819.2946	597.0392	2214.4248	300.07343	755.5714	832.9	414999	173.0978	26.774818	173.09773	26.776037	2.9971302	-173.58998	2.0100195	0.055704042	0.00016532902	4811.259263277054
84	1692.3604	522.85455	2180.7368	805.3511	1683.6031	674.78265	2235.4226	545.3959	779.1667	765.45	419999	173.43156	26.86671	173.4314	26.870094	2.9994988	-173.91142	2.0392597	0.056523424	3.2048465e-05	4871.0905203819275
85	1902.5391	591.72595	2207.4539	580.4535	2176.765	30.267624	2247.9946	2124.6577	877.8333	1000.0	424999	173.79463	26.866379	173.79471	26.86911	3.0052516	-174.28453	2.0018635	0.057302184	-0.00029459762	4928.495769023895
86	1981.509	260.55627	2186.2231	1542.0485	1958.8043	501.85397	2237.227	382.70337	907.0	889.15	429999	174.08032	26.85574	174.08018	26.858225	2.9979696	-174.5503	2.0364094	0.057476696	0.00012068264	4985.896116733551
87	2042.6747	336.60672	2220.1196	1291.8632	2035.0211	283.92365	2181.411	1093.7424	932.0	942.9	434999	174.41609	26.866405	174.416	26.869234	3.001117	-174.9001	2.0456884	0.05676388	-6.008085e-05	5043.255275726318
88	2068.0781	188.68513	2182.0244	1692.5138	2003.7625	492.5909	2255.676	663.14246	957.2	906.35	439999	174.94836	26.831633	174.94817	26.834726	2.9961479	-175.4036	2.0660264	0.056571633	0.00022119524	5102.452721357346
89	2146.0623	30.168047	2195.131	2100.314	2131.6694	89.16791	2232.1243	1760.0607	1000.0	989.75	444999	175.14175	26.84542	175.1417	26.848154	3.0042067	-175.59435	2.049303	0.056448054	-0.0002358217	5162.687645435333
90	1851.1045	664.78125	2204.771	368.309	2114.6387	256.91507	2194.0215	996.6521	850.3333	972.6	449999	175.48595	26.699034	175.48581	26.702183	2.9978507	-175.93643	2.0661168	0.05677893	0.0001273983	5221.91809129715
91	1967.4558	332.02405	2231.774	1354.9197	2208.0728	108.48108	2286.5947	1748.1877	892.0	986.95	454999	175.89517	26.743158	175.89514	26.74629	2.9983027	-176.34918	2.0380125	0.056975096	9.905534e-05	5279.40697312355
92	1934.8763	351.3881	2199.413	1309.9508	2139.3567	278.40552	2256.671	1023.0544	885.5	961.75	459999	176.30408	26.817755	176.30382	26.820314	3.0027828	-176.75192	1.9808836	0.056367993	-0.00015405014	5336.862818956375
93	1892.8881	405.2304	2226.4878	1182.28	2178.2034	34.887447	2249.7322	2111.2651	858.6667	1000.0	464999	176.80441	26.775496	176.80441	26.778448	2.998678	-177.24638	1.9675895	0.056824178	7.926295e-05	5394.380419969559
94	2054.6343	257.89587	2231.4182	1541.6233	2169.7817	20.86219	2223.102	2133.8638	941.2	1000.0	469999	177.18697	26.843948	177.18686	26.846481	2.9964936	-177.6177	1.9943445	0.056124933	0.00019789104	5453.905795812607
95	2176.7427	28.508068	2229.3433	2149.324	2048.9058	352.5949	2206.1438	725.714	1000.0	941.75	474999	177.5713	26.84861	177.57118	26.85146	3.0008473	-178.00244	2.0043528	0.05489151	-4.2902233e-05	5514.2117965221405
96	2118.0989	161.6413	2230.1968	1796.6176	2156.6365	373.764	2315.966	533.436	959.8	961.7	479999	178.06657	26.779062	178.06659	26.781965	3.0009315	-178.49954	2.0183845	0.05538403	-4.8397636e-05	5572.995946884155
97	2070.9607	314.74994	2240.1816	1369.7076	2152.5027	84.31068	2242.5955	1804.0302	935.6667	990.5	484999	178.50719	26.66628	178.5071	26.668653	3.0001037	-178.92067	2.0266378	0.05494355	-2.8454601e-06	5630.376892089844
98	2021.4558	318.4514	2218.3606	1388.9438	2060.2002	466.38965	2267.719	318.30246	914.4	931.2	489999	178.83908	26.742731	178.83891	26.746838	2.9966257	-179.26271	2.0114164	0.055208925	0.00018737545	5687.720779180527
99	1909.8671	369.28146	2158.0488	1175.3147	2193.155	38.745598	2274.3567	2130.3987	887.0	1000.0	494999	179.27615	26.717024	179.2761	26.7196	3.0037727	-179.69174	2.0361211	0.055652674	-0.00020327201	5745.205978393555
100	2153.4167	23.623236	2177.0374	2107.973	2109.198	324.49725	2226.715	698.65967	1000.0	965.35	499999	179.66846	26.642853	179.66832	26.646637	2.9998624	-180.09682	1.9864656	0.05569739	1.0501129e-05	5805.470410346985
101	2177.4417	26.655216	2214.4377	2142.4375	2194.0134	143.32697	2272.6548	1574.3597	1000.0	984.4	504999	180.14308	26.600056	180.14305	26.602001	2.9994488	-180.54556	1.9884865	0.054926313	3.3454682e-05	5865.783168554306
102	1874.4551	618.6521	2244.0105	639.8138	2056.7168	461.87115	2308.3633	697.76544	858.0	904.65	509999	180.50774	26.599869	180.50746	26.603958	2.9986484	-180.92345	2.0132847	0.054868616	7.713772e-05	5924.074888706207
103	2200.4976	11.268621	2210.5325	2184.7266	2237.343	25.32471	2277.9924	2183.8918	1000.0	1000.0	514999	180.99617	26.48391	180.99625	26.486746	2.9996743	-181.40913	1.9032726	0.054778565	2.037316e-05	5981.427979707718
104	2191.1938	15.8744	2216.0469	2169.5308	2175.8804	39.510418	2250.628	2059.5579	1000.0	1000.0	519999	181.5528	26.34469	181.55286	26.347769	2.9987516	-181.96875	1.9384414	0.053279664	7.0009766e-05	6039.042221784592
105	1826.9038	686.78326	2212.7366	305.5762	2031.3801	483.61142	2293.2915	402.13486	835.8333	904.5	524999	182.10118	26.249577	182.10112	26.253231	3.0025904	-182.5062	1.9137425	0.05430647	-0.00013822589	6096.888234138489
106	1811.4426	610.3768	2234.6228	700.0953	2182.9778	114.89952	2266.4111	1701.028	821.4286	986.15	529999	182.40575	26.258314	182.40562	26.261541	2.9985926	-182.80338	1.904989	0.05450628	7.9941514e-05	6157.045796871185
107	2061.45	407.7782	2286.6338	1246.4587	2273.4504	43.455177	2361.789	2201.137	909.8	1000.0	534999	182.70467	26.311136	182.7046	26.313099	3.0011477	-183.09496	1.9962039	0.054002576	-5.98089e-05	6217.273319244385
108	1922.7422	573.0638	2217.1953	642.7126	2227.7163	36.26936	2307.4182	2176.4119	878.8333	1000.0	539999	182.8984	26.4106	182.89833	26.413193	2.9965458	-183.29128	1.9474324	0.05302145	0.00019004896	6275.352612733841
109	2224.0928	16.063803	2246.872	2201.822	2043.3542	511.40765	2307.0076	631.6448	1000.0	904.4	544999	183.2844	26.166801	183.2844	26.170198	3.0002503	-183.66832	1.9397328	0.053170428	-1.0389644e-05	6332.88839173317
110	2191.11	120.293465	2292.879	1955.0022	2107.492	387.87296	2369.4124	978.5375	976.0	921.85	549999	183.52444	26.1903	183.52438	26.193289	3.0001009	-183.90814	1.8856094	0.053384047	-2.9349028e-06	6390.295791149139
111	2123.6255	228.1934	2299.0867	1675.8938	2185.7034	324.6191	2377.8025	925.35394	947.4	950.75	554999	183.8823	26.13361	183.88222	26.135717	2.999958	-184.25368	1.9436799	0.052915026	5.0341487e-06	6448.325527906418
112	2235.9229	33.339214	2280.0945	2204.3655	2096.2888	508.41644	2360.276	588.208	1000.0	908.0	559999	184.17033	26.120453	184.17015	26.123995	3.000848	-184.54443	1.8590766	0.052948393	-4.2628802e-05	6508.642699480057
113	1933.9131	710.5772	2284.9426	345.57632	2261.358	39.054726	2327.932	2180.097	859.6667	1000.0	564999	184.52846	26.152485	184.52832	26.156445	2.9958827	-184.89563	1.9651184	0.053057916	0.00021939733	6568.945792913437
114	2145.6262	186.71611	2267.0803	1775.6266	1979.9226	576.16797	2366.8242	481.28836	946.2	854.35	569999	184.9229	25.943445	184.92282	25.946373	3.0026047	-185.29408	1.9011037	0.052617125	-0.00013333939	6626.632439851761
115	2103.9124	411.80548	2340.1924	1186.4835	2199.0112	156.85707	2317.139	1534.301	916.8333	983.05	574999	185.18314	26.039694	185.18304	26.042301	2.9977534	-185.55022	1.8479637	0.05276539	0.000120281795	6684.11624455452
116	1934.5375	616.2101	2255.8318	702.4588	2281.7312	22.251759	2324.5845	2239.9922	860.6	1000.0	579999	185.6024	26.08624	185.6024	26.08956	3.0031853	-185.9648	1.90545	0.052653197	-0.00016448757	6741.4795706272125
117	2303.6782	31.011578	2352.984	2273.158	1931.6775	594.1165	2379.052	454.164	1000.0	826.5	584999	185.9994	26.06844	185.99927	26.070585	2.9971642	-186.36058	1.857089	0.052992724	0.00015206776	6799.88832449913
118	2257.273	154.01537	2334.0789	1913.3896	2213.758	230.65175	2343.7686	1425.3414	967.8333	955.55	589999	186.37074	26.106333	186.37077	26.109102	3.0018408	-186.7381	1.8852246	0.05205815	-9.295773e-05	6860.262269496918
119	2072.4663	502.77136	2338.4634	1067.3744	1901.7906	647.6782	2356.987	364.00323	891.8	822.95	594999	186.8104	25.981812	186.81026	25.984697	2.998912	-187.16487	1.7709961	0.052801367	5.9634272e-05	6920.487769126892
120	1957.6543	707.7445	2336.2446	381.35864	2260.8953	306.5791	2395.9666	929.0168	850.8333	970.1	599999	187.12607	26.129509	187.12607	26.132076	2.998792	-187.47842	1.842048	0.05238648	6.598717e-05	6977.988973379135
121	1916.2174	657.78516	2333.8337	473.24692	2175.5542	419.95944	2341.247	469.59848	826.5	943.85	604999	187.50182	26.1952	187.50172	26.19858	3.0050087	-187.84857	1.9060855	0.052681737	-0.00026135612	7035.496127128601
122	2125.4192	299.90714	2347.5254	1476.2217	2210.3206	404.71198	2380.7524	644.0459	927.1667	941.5	609999	187.80849	26.282627	187.80846	26.285685	2.9952915	-188.16182	1.8598902	0.05281986	0.00025187145	7093.075127840042
123	2078.4175	433.76285	2320.4292	1212.4202	2104.5103	538.51483	2368.8284	374.16095	900.0	908.7	614999	188.28232	26.15015	188.2822	26.154251	2.9971287	-188.64003	1.8089278	0.051171497	0.00014909863	7152.08543753624
124	1815.5953	533.57153	2313.9421	850.00287	2107.0166	591.1658	2405.196	468.18234	782.1667	880.7	619999	188.63074	26.335482	188.63072	26.337017	3.0035863	-188.97375	1.7765456	0.050995	-0.00017995885	7212.265936136246
125	2075.5696	609.96924	2406.8303	713.04376	2178.549	397.65195	2410.961	913.2363	883.5	926.05	624999	188.96935	26.504082	188.96933	26.507847	2.99974	-189.3205	1.852201	0.052596252	1.623974e-05	7271.811670064926
126	2298.298	17.944206	2316.0518	2267.2388	2301.2124	239.6425	2430.2559	1282.1782	1000.0	975.85	629999	189.39384	26.368818	189.39378	26.37233	2.9983404	-189.73343	1.8765581	0.051902846	8.79725e-05	7329.129587650299
127	2030.8385	402.47235	2352.5056	1439.1937	2236.7913	456.5959	2447.612	477.9433	872.5	939.55	634999	189.6359	26.309978	189.63577	26.31328	3.0038269	-189.96547	1.8925772	0.051763475	-0.00019578176	7386.627866029739
128	1683.2206	779.04346	2329.366	325.35645	2086.9885	462.59048	2393.1724	711.5293	724.2857	897.3	639999	189.76393	26.488668	189.76385	26.492086	2.998287	-190.09001	1.9154019	0.052688587	9.312417e-05	7444.207813262939
129	2050.7112	515.8853	2344.0955	1020.506	2215.192	456.49933	2440.2537	632.81604	887.0	928.0	644999	190.15552	26.54058	190.15523	26.545446	3.0012267	-190.49467	1.8805183	0.05185017	-6.1511615e-05	7503.783320426941
130	2046.1201	603.72284	2377.399	700.5739	2238.4363	528.67035	2481.8425	425.3349	880.6667	916.85	649999	190.39378	26.532085	190.3938	26.5352	3.0018165	-190.71948	1.9131787	0.052378748	-9.422703e-05	7563.967960834503
131	2072.7869	571.12054	2341.29	795.9208	2087.4968	559.0397	2375.5222	325.30002	889.0	886.55	654999	190.66344	26.426908	190.66313	26.43231	2.998422	-190.9749	2.080712	0.052845802	8.728393e-05	7622.949332714081
132	1959.4894	666.0287	2391.8347	549.78143	2033.2399	638.4471	2433.7979	493.4435	829.5	850.4	659999	190.82181	26.435669	190.82188	26.43873	3.0031793	-191.14584	2.113432	0.05329414	-0.00016780599	7680.413627624512
133	2235.3267	127.13757	2357.6162	1996.3156	1910.8141	683.5947	2386.7317	424.60266	969.4	815.55	664999	190.99931	26.505594	190.99916	26.5091	2.9931247	-191.32014	1.9714973	0.052312654	0.00036533433	7737.925139904022
134	2297.7507	44.231846	2359.0896	2245.9607	2076.5593	574.35156	2416.187	392.827	1000.0	887.55	669999	191.31516	26.345177	191.31494	26.350962	3.0042808	-191.6222	2.0111003	0.051710743	-0.00021909214	7795.421643972397
135	1778.0135	452.36276	2344.3901	1180.3234	1539.7871	770.1322	2441.9153	499.26227	763.5	639.15	674999	191.43285	26.6198	191.43263	26.62317	2.9994564	-191.73975	2.0400493	0.052773878	3.1486856e-05	7855.27664732933
136	2136.815	351.97083	2401.647	1364.3562	2054.0098	582.7728	2427.1304	329.82407	933.1667	883.4	679999	191.68367	26.504139	191.68362	26.508642	2.9995315	-191.99805	2.1739445	0.05296703	2.7945434e-05	7915.547364473343
137	2315.4575	96.80687	2402.5857	2136.9233	2137.815	425.31918	2397.9346	984.7109	989.2	914.6	684999	191.85832	26.523039	191.85797	26.528738	3.0026212	-192.15811	2.1016448	0.053681187	-0.00013661165	7974.216684341431
138	1993.7135	516.0438	2297.6482	867.2823	1811.6907	707.4744	2429.9414	413.5194	868.3333	749.65	689999	192.09709	26.422155	192.09702	26.425816	2.9973598	-192.4006	2.1373186	0.053093303	0.00014326394	8031.585102081299
139	2167.9807	303.90445	2362.35	1562.0911	1441.5745	790.1582	2414.1482	252.11626	929.8	610.7	694999	192.16728	26.383749	192.16716	26.389894	3.0029087	-192.45021	2.193157	0.05372428	-0.00015234614	8088.926726102829
140	1578.3948	626.7845	2351.466	727.6022	1993.7965	561.02277	2470.6213	567.5788	671.875	826.65	699999	192.36728	26.425	192.36711	26.430521	2.995866	-192.66286	2.165996	0.053683776	0.00022297146	8146.52463722229
141	1939.7737	809.0171	2440.261	327.50427	2224.504	286.1567	2397.2874	1102.9296	830.0	961.4	704999	192.50471	26.550783	192.50453	26.556255	3.0001657	-192.80424	2.1607304	0.052142072	-5.8491887e-06	8206.841341495514
142	2064.4082	564.3524	2368.2773	805.3701	2256.9868	293.09158	2399.81	1007.9283	891.0	965.1	709999	192.76433	26.563831	192.76431	26.568142	3.003878	-193.04402	2.197076	0.052785352	-0.00020395855	8267.181061029434
143	2010.8817	624.8827	2405.6223	653.8388	2247.0166	278.5351	2428.0078	1047.2557	849.5	973.05	714999	192.88269	26.496048	192.88248	26.500896	2.997259	-193.15675	2.2170243	0.05359512	0.00015040975	8325.2900557518
144	2266.8796	61.760628	2342.6147	2154.8413	2096.8481	439.62262	2344.2222	600.43274	988.6	915.7	719999	192.91008	26.529093	192.91008	26.533194	3.0041063	-193.18073	2.2401893	0.053348362	-0.00021862044	8382.672794103622
145	2110.8882	437.03574	2364.349	1137.4138	1331.1725	650.2103	2486.0496	432.33188	915.1667	548.75	724999	192.99522	26.394543	192.9951	26.399666	2.994611	-193.27345	2.312839	0.054280214	0.00029307161	8440.072945833206
146	1336.8063	853.8169	2387.893	305.57428	2277.7922	320.32	2468.5464	1254.2191	567.375	950.0	729999	192.9909	26.308455	192.9907	26.313137	2.9975634	-193.25876	2.3381982	0.05270732	0.00012920213	8498.194632053375
147	1837.1504	609.03723	2362.3071	861.2425	1951.7181	642.45056	2427.634	291.60437	784.5714	822.55	734999	192.98553	26.521997	192.9853	26.528175	3.0010138	-193.24648	2.3708189	0.05175089	-4.9356047e-05	8558.486084461212
148	1978.4957	519.87006	2375.0796	1075.9899	2076.1265	559.09576	2467.6616	663.3862	825.8333	859.9	739999	193.14218	26.608213	193.14218	26.611517	3.0029151	-193.40714	2.3081987	0.052723695	-0.00014930186	8618.830727815628
149	2328.5305	24.66575	2355.1323	2282.397	2264.4739	255.79256	2427.0466	1399.0758	1000.0	958.7	744999	193.30515	26.601395	193.30493	26.606833	3.0004911	-193.56467	2.3395424	0.054294243	-2.3199225e-05	8676.401065349579
150	2210.9465	269.14026	2394.688	1678.4971	2005.8494	691.2895	2477.896	539.10846	939.8	826.45	749999	193.52214	26.479801	193.52205	26.484903	3.001959	-193.77972	2.4675384	0.05328396	-0.000102604376	8733.775619029999
151	1778.2069	751.4626	2375.4844	567.0851	2378.7527	55.553356	2454.015	2195.7256	754.5	994.4	754999	193.779	26.36879	193.77887	26.372229	2.9963999	-194.0386	2.3230774	0.05327442	0.00019542976	8791.215283632278
152	2225.5396	285.4022	2392.7336	1592.5574	2185.7117	481.62292	2449.659	633.9919	945.8333	910.5	759999	193.95567	26.560204	193.95567	26.565445	2.9965744	-194.21672	2.4051204	0.052518267	0.0001805325	8849.907748222351
153	1942.1293	645.05835	2364.4375	575.96796	1962.6031	580.24164	2425.5894	561.8962	827.8333	821.05	764999	194.19482	26.543438	194.19466	26.548473	3.002019	-194.44276	2.4434009	0.05252017	-0.000100883604	8910.199182987213
154	2156.1138	280.85822	2329.93	1595.8608	2332.1223	65.87931	2396.594	2091.0703	934.2	994.05	769999	194.22672	26.478642	194.22667	26.483488	3.0017488	-194.47404	2.5241113	0.0529021	-8.8684654e-05	8969.881778717041
155	1687.2365	634.1642	2377.395	705.50287	2252.8545	404.1383	2489.1301	1149.6041	709.4286	921.95	774999	194.22383	26.629808	194.2237	26.63373	2.9995282	-194.46617	2.452849	0.05353988	2.8155691e-05	9027.355837583542
156	2126.1245	507.6077	2426.4858	995.6818	2254.1394	407.5283	2461.4312	1002.0997	903.5	935.45	779999	194.43361	26.526981	194.43335	26.533548	3.0028284	-194.67137	2.513018	0.053573024	-0.00014743011	9084.840870141983
157	2135.0535	374.3817	2397.4968	1393.589	2370.273	38.524788	2468.4612	2303.7861	921.6	1000.0	784999	194.5811	26.410322	194.58113	26.413395	2.9987073	-194.81854	2.618138	0.05416288	7.2509705e-05	9142.207636117935
158	2258.849	97.39067	2338.9688	2083.8176	2198.4243	369.76398	2427.364	923.0305	975.8	929.05	789999	194.83157	26.210047	194.8314	26.215725	2.9944446	-195.06444	2.552652	0.052300304	0.00029152437	9201.45736169815
159	2095.3882	540.2365	2440.439	901.36597	2076.2393	555.99445	2426.188	591.9795	878.1667	874.5	794999	194.92015	26.21564	194.91997	26.220583	2.9993484	-195.1435	2.5302172	0.050914314	3.6025882e-05	9261.751737117767
160	1779.6342	890.4611	2354.7896	350.95493	2369.095	150.09976	2461.5854	1728.415	760.1429	983.95	799999	195.00148	26.508955	195.00143	26.514063	2.9985173	-195.23932	2.533106	0.050027937	7.7146375e-05	9321.00943350792
161	1822.793	759.119	2383.112	661.1064	2258.8638	339.0816	2465.923	1304.953	773.0	936.55	804999	195.32788	26.484724	195.3276	26.489544	3.0014722	-195.5702	2.6272318	0.050381746	-7.071899e-05	9378.519338846207
162	1647.8358	665.38074	2402.2207	540.6033	2056.4927	602.80316	2478.836	682.35736	707.2857	842.85	809999	195.57678	26.679346	195.57672	26.684483	3.0043378	-195.81488	2.5494077	0.051281005	-0.00022082591	9436.113126039505
163	2343.9568	42.56376	2396.789	2283.5732	2288.795	229.05455	2426.746	1537.8251	1000.0	961.1	814999	195.79967	26.728672	195.79958	26.73442	2.9951773	-196.0222	2.6322613	0.051810224	0.00025129673	9493.570306062698
164	2330.9639	41.79843	2381.6338	2257.469	2304.4856	14.10488	2331.3054	2278.1062	1000.0	1000.0	819999	196.08356	26.43409	196.08342	26.437496	3.0008457	-196.31793	2.6370542	0.05076294	-3.9871462e-05	9553.197662115097
165	2332.8433	32.103977	2362.2246	2280.8174	2083.7417	484.86597	2396.797	679.0175	1000.0	883.1	824999	196.27713	26.375252	196.27702	26.381752	3.0031312	-196.50482	2.628647	0.052228548	-0.00015805889	9613.348301887512
166	2272.3179	155.90761	2385.9622	1966.5142	2387.9302	26.598915	2428.5935	2334.0127	973.2	1000.0	829999	196.35191	26.44409	196.35178	26.447926	3.0011365	-196.57056	2.578455	0.053831365	-5.655694e-05	9672.210790634155
167	1555.2705	929.62854	2340.2312	200.14046	2306.229	22.950932	2355.7175	2263.4988	671.7143	1000.0	834999	196.4402	26.511446	196.43996	26.51696	2.9996583	-196.66196	2.7121587	0.053760692	2.1248567e-05	9729.50600862503
168	2336.5598	35.413853	2389.4946	2285.5503	2264.6929	362.34027	2403.8225	692.0688	1000.0	962.2	839999	196.43643	26.433279	196.4364	26.438402	3.000495	-196.65259	2.6680908	0.05310008	-2.225685e-05	9786.846052885056
169	2357.0793	15.053534	2372.7153	2337.211	2390.4766	24.402689	2431.567	2345.0103	1000.0	1000.0	844999	196.54895	26.295155	196.54897	26.29875	2.9998498	-196.76328	2.4990845	0.052255884	1.09742705e-05	9844.477950334549
170	1850.0706	800.6006	2370.5366	285.4318	2234.9893	424.2562	2442.8572	685.21484	790.5714	940.45	849999	196.55133	26.246191	196.55106	26.252205	2.9963243	-196.76407	2.5639179	0.05300343	0.00019485445	9904.600822925568
171	2371.459	26.565893	2413.0127	2337.2927	2275.7305	490.30344	2421.6116	141.07732	1000.0	954.0	854999	196.69492	26.239729	196.69493	26.24515	3.0021818	-196.9201	2.702357	0.051309645	-0.000110080575	9964.916506767273
172	2345.4885	23.336206	2388.0635	2321.489	1974.4633	675.4752	2471.2085	582.37683	1000.0	812.7	859999	197.05754	26.071505	197.05753	26.076838	3.0022054	-197.27675	2.664807	0.051894262	-0.00011369383	10023.049731969833
173	2353.691	58.277412	2441.9119	2258.164	2324.2761	248.07521	2463.1587	1354.2467	995.4	967.65	864999	197.22017	26.01895	197.21999	26.024803	2.9957056	-197.42729	2.5738907	0.051864997	0.00022832725	10080.558288812637
174	1856.8252	685.1502	2394.8816	734.92114	2031.1243	601.00476	2398.9912	692.35443	798.8333	853.05	869999	197.49724	26.20144	197.49709	26.206036	3.00053	-197.70903	2.525373	0.05102002	-2.452178e-05	10138.120947122574
175	2049.8875	782.4352	2444.5984	302.19724	2166.4595	576.39014	2452.1113	758.36194	855.6667	891.55	874999	197.92125	26.084187	197.9213	26.087578	2.998602	-198.13869	2.601081	0.05171217	7.495833e-05	10196.27192902565
176	2135.332	355.97104	2412.136	1554.7375	2002.1829	680.9305	2417.3171	468.67822	895.0	843.85	879999	198.18909	26.05609	198.18883	26.06279	2.9965527	-198.38905	2.581062	0.051038783	0.0001761818	10256.554225206375
177	2223.1204	349.14447	2437.1873	1526.4364	2210.1262	509.1364	2454.3118	749.1753	927.8	914.4	884999	198.39658	26.199932	198.39648	26.205475	3.0019288	-198.60318	2.7111638	0.04947598	-9.332729e-05	10316.878719329834
178	1818.1877	913.4772	2447.9631	224.26384	2122.1033	734.4628	2481.6602	245.47972	764.0	871.2	889999	198.56473	26.267776	198.56464	26.272118	3.0002944	-198.76848	2.572058	0.050272334	-1.2169921e-05	10374.620405435562
179	2368.115	54.28044	2453.509	2290.9246	1804.0569	730.4583	2487.3801	404.23444	1000.0	740.5	894999	198.77399	26.334173	198.77388	26.338856	3.0018861	-198.97916	2.6592574	0.05047596	-9.214919e-05	10432.275807619095
180	2081.252	636.63446	2421.0723	808.3067	2153.5552	489.28595	2422.1047	530.8407	864.2	915.1	899999	199.1	26.353525	199.09991	26.358883	3.002753	-199.30602	2.6217327	0.05274527	-0.00013959201	10489.662803649902
181	1818.9397	839.8817	2403.7761	193.68605	2356.4937	366.329	2503.1072	782.4608	763.5714	959.9	904999	199.35596	26.373978	199.35588	26.378534	2.9948843	-199.55794	2.555473	0.05115428	0.0002672231	10548.212881326675
182	2364.2478	33.320805	2399.7988	2312.7812	2123.185	604.68304	2450.6917	668.70306	1000.0	876.95	909999	199.54506	26.309406	199.54483	26.315739	2.9993727	-199.73923	2.7431731	0.05110426	3.457395e-05	10608.498275279999
183	1699.823	831.6868	2415.0981	203.36595	2011.2926	658.6259	2487.991	307.79672	717.8571	833.0	914999	199.72539	26.220041	199.7253	26.226261	3.0078022	-199.9364	2.6313193	0.05340911	-0.0004032524	10668.547225475311
184	2061.4583	565.6027	2403.726	807.22034	2227.0894	463.9908	2401.009	208.1183	876.8333	954.7	919999	200.04526	26.179644	200.0451	26.183887	2.9935288	-200.23941	2.8225389	0.052834094	0.00034471284	10725.943643331528
185	2380.6511	44.882385	2416.3738	2293.678	2204.3696	539.67566	2510.5996	392.22165	992.4	891.75	924999	199.98924	26.22666	199.98912	26.230467	3.0061204	-200.16933	2.6983	0.05205093	-0.000318853	10783.463594436646
186	1957.4347	690.43475	2438.3022	648.5948	2218.6526	535.14026	2493.2249	283.01578	807.8333	918.8	929999	199.97682	26.309303	199.9768	26.314354	2.9966395	-200.15681	2.7131138	0.051982213	0.00018261644	10841.068921804428
187	2379.5793	41.369957	2425.8447	2320.7344	2295.025	453.93146	2474.4287	477.49057	1000.0	943.8	934999	200.0719	26.397554	200.07181	26.402792	2.9977887	-200.26741	2.7796152	0.051800154	0.00011813996	10900.12261915207
188	1810.9985	855.6661	2462.4973	395.39166	2330.4224	433.38052	2470.2021	445.02246	754.5	959.25	939999	200.38994	26.223446	200.38986	26.22927	3.0054321	-200.57747	2.5519843	0.05273995	-0.0002835906	10960.48118519783
189	2185.159	398.7283	2407.5642	1296.1858	2124.4343	713.7445	2467.708	202.80208	927.5	875.9	944999	200.5651	26.432215	200.56496	26.437294	3.0005019	-200.754	2.8116963	0.054315638	-2.4092966e-05	11019.840965747833
190	1570.9061	934.57446	2374.505	196.47025	2199.4417	605.1925	2479.9915	197.08815	673.0	901.5	949999	200.6701	26.260265	200.66995	26.265663	2.995266	-200.849	3.0584254	0.053012233	0.0002554183	11077.26351737976
191	2292.6013	119.73361	2380.981	2055.168	1947.8864	685.0281	2457.5303	210.1786	969.2	802.2	954999	200.61986	26.32018	200.6198	26.323694	3.0013206	-200.79977	2.970289	0.052846704	-6.6143104e-05	11134.929544687271
192	1718.5781	768.845	2407.3972	460.2108	2146.4802	549.60376	2470.5027	270.8213	730.2857	888.05	959999	200.55104	26.2586	200.55093	26.262789	3.0047498	-200.70872	2.9342046	0.054342896	-0.00025322323	11192.480749845505
193	2293.1226	144.2734	2432.4055	2014.6573	2360.4634	232.04712	2498.1797	1488.6821	968.0	970.75	964999	200.41562	26.368956	200.41534	26.374006	2.9930828	-200.58435	2.9475124	0.05317927	0.0003733197	11252.10118985176
194	1737.701	959.2035	2384.2412	182.0972	1485.7664	983.92267	2484.3833	188.77283	743.2857	617.6	969999	200.53282	26.458841	200.53265	26.463333	2.9976983	-200.70392	2.8828874	0.050882854	0.00012097726	11312.454251289368
195	2051.7036	720.12164	2387.2405	441.77252	1964.9319	876.5456	2444.2407	172.25859	867.8333	819.8	974999	200.62698	26.431358	200.62683	26.436325	3.0065112	-200.7905	2.840775	0.052013855	-0.00033671886	11371.58144402504
196	2394.9602	32.93658	2450.6528	2355.009	2435.8357	26.775665	2500.4875	2391.394	1000.0	1000.0	979999	200.71587	26.296883	200.71567	26.30137	2.9985635	-200.88225	2.876543	0.05155387	8.056388e-05	11429.1507396698
197	2132.478	497.24826	2392.2424	1138.107	2126.2183	644.93665	2447.822	237.36191	895.6	894.4	984999	201.00143	26.276243	201.00139	26.280214	2.9913986	-201.18257	2.8553555	0.050596632	0.00044285526	11486.465293169022
198	1995.9181	803.12445	2414.0242	203.63042	2325.2244	430.7041	2525.1943	779.7185	848.5	945.2	989999	201.3832	26.309296	201.3829	26.31515	2.9986491	-201.56464	2.8779185	0.049026266	6.969139e-05	11544.066393375397
199	1620.7943	675.86334	2401.563	891.2003	2134.1992	639.95325	2531.6213	404.104	689.2857	863.45	994999	201.73738	26.397064	201.73717	26.400572	3.0044882	-201.9076	2.954087	0.050011072	-0.00022004265	11603.981297254562
200	2033.9957	793.8772	2424.9155	259.4405	1978.3142	729.641	2522.9717	445.28128	854.0	811.25	999999	201.74881	26.292349	201.7488	26.296246	3.0045452	-201.90248	2.9213316	0.053087343	-0.00023181224	11664.327717065811
