Epoch	AverageEpRet	StdEpRet	MaxEpRet	MinEpRet	EpLen	AverageVVals	StdVVals	MaxVVals	MinVVals	TotalEnvInteracts	PolicyLoss	ValueLoss	Entropy	AvgKL	StopIter
1	26.923094	27.62695	176.67262	7.65012	25.757895	0.011686513	0.09020042	0.45172253	-0.46244958	5000	-0.051263243	337.9777	1.5569754	0.018395623	79.0
2	39.462673	35.23004	181.9198	7.612691	33.623287	22.233463	10.989201	75.61948	-0.95020956	10000	-0.053359326	433.4438	1.533917	0.02826248	79.0
3	92.47829	70.39548	242.06894	11.133508	61.205128	34.505924	12.15378	76.5743	-4.8496017	15000	-0.055284314	974.616	1.5152162	0.019301625	79.0
4	134.31384	68.22109	286.271	9.270643	78.30645	57.419064	14.428467	84.773735	-4.2175827	20000	-0.05264497	865.665	1.4973108	0.019292885	79.0
5	179.91992	68.31095	290.13992	12.1128645	96.895836	64.4394	20.910412	94.42939	-8.8205185	25000	-0.051716052	688.5514	1.4754366	0.015639082	79.0
6	205.04497	55.13008	261.89792	67.978615	104.244446	77.85589	28.388004	113.20895	-1.9087521	30000	-0.047545455	567.0526	1.4652032	0.007936686	79.0
7	225.19983	37.30702	257.5709	100.50907	110.71429	85.23396	32.693604	125.51632	-1.595114	35000	-0.045428295	232.20004	1.4418819	0.009101875	79.0
8	220.17546	30.82218	261.44073	92.48112	105.065216	92.90386	36.101185	131.70619	1.8740964	40000	-0.044208396	186.19243	1.4298271	0.010744857	79.0
9	230.73163	17.927753	278.27075	162.51727	111.0	91.71683	36.116493	133.22072	-0.0065986514	45000	-0.04375987	62.40021	1.3976988	0.013125029	79.0
10	227.32896	23.165483	265.0586	158.82361	109.95349	94.62723	37.522587	139.77223	0.93124044	50000	-0.043857783	125.14237	1.3698457	0.017157631	79.0
11	235.03545	20.720364	264.35693	150.76184	113.53658	92.014435	37.39995	135.25217	0.24394189	55000	-0.04328836	103.7078	1.3755105	0.01049878	79.0
12	244.02681	15.284563	280.5214	209.57838	116.925	94.1836	38.373554	139.58412	1.3893106	60000	-0.051022165	18.376186	1.3339415	0.020969601	79.0
13	243.63625	14.489661	276.69046	207.53493	115.439026	97.46724	39.53504	139.06885	-1.3579805	65000	-0.046936586	42.29717	1.301465	0.014702121	79.0
14	245.54466	17.260176	288.8388	187.94048	114.39024	96.86935	39.957302	140.77429	-1.6669432	70000	-0.048790943	39.556873	1.2576299	0.02189121	79.0
15	246.0269	13.526019	285.76422	213.93436	112.02381	98.448875	40.048424	141.94847	0.8109013	75000	-0.05132522	35.170033	1.2399706	0.02222725	79.0
16	251.33005	18.627647	298.0647	200.92262	115.575	100.40658	40.160877	144.60608	-1.0398737	80000	-0.045683056	73.70532	1.2066506	0.01760328	79.0
17	260.70847	17.729748	317.45496	229.95842	117.4	100.0225	40.966976	144.72963	2.383581	85000	-0.049575612	58.232075	1.1520011	0.034346815	79.0
18	265.45166	25.400534	325.69867	156.79077	118.325	104.62566	41.146347	148.18704	-3.443904	90000	-0.045702327	117.9987	1.1181891	0.01911386	79.0
19	276.0191	27.651117	349.41547	229.22882	119.1	106.12106	42.071583	149.6985	-10.356357	95000	-0.056103356	127.647865	1.0853463	0.025189621	79.0
20	288.79285	35.369278	361.0738	164.66455	125.4054	110.51001	41.12707	154.62276	-12.716808	100000	-0.052527748	209.08632	1.0316691	0.026020002	79.0
21	304.68192	29.26118	368.1049	251.5868	127.69444	115.34541	42.570164	163.40358	-3.2584007	105000	-0.045584116	149.32454	0.97846526	0.021892957	79.0
22	309.82095	24.958927	346.1167	235.2369	126.27778	122.83468	44.14429	171.34253	-5.6796145	110000	-0.053564183	131.87735	0.9285129	0.0145627055	79.0
23	322.38525	26.755756	353.37408	239.92607	129.02856	123.936485	43.660656	167.38307	-9.299493	115000	-0.04098121	163.53693	0.8731537	0.016915468	79.0
24	319.88907	28.038082	357.9208	244.51215	127.69444	128.81535	44.980686	171.87206	-1.7188356	120000	-0.040687416	183.98253	0.8280037	0.007821422	79.0
25	333.1292	17.62033	357.1801	255.32188	130.62857	126.918976	45.492992	171.23975	-1.9141537	125000	-0.044107683	75.826775	0.799787	0.026164673	79.0
26	335.38367	13.713554	360.33624	305.4452	131.0	131.51512	47.011253	176.49686	0.23925906	130000	-0.051897045	27.434263	0.74158245	0.023438241	79.0
27	343.3626	19.202648	365.2076	256.614	132.57143	133.51022	46.493587	176.7526	-0.012928158	135000	-0.04103187	83.24376	0.715324	0.020251751	79.0
28	348.82367	20.20553	374.1248	246.17545	134.0	135.4183	48.166756	179.70361	-1.6569237	140000	-0.036370583	82.566925	0.6880554	0.018372733	79.0
29	352.2741	11.248521	371.61603	322.7693	134.77142	137.1654	49.086617	180.59001	1.2698038	145000	-0.051070344	23.316671	0.64656013	0.02767045	79.0
30	356.28464	8.90038	375.69998	337.14694	136.0	138.08234	49.688976	183.1707	0.15364224	150000	-0.05334114	16.216625	0.58787453	0.023937676	79.0
31	365.483	10.485816	384.4071	339.9018	137.94286	138.74126	49.960133	183.15755	0.053033367	155000	-0.052300867	18.712109	0.5322351	0.028365528	79.0
32	371.21387	7.1877413	384.00635	354.55475	139.11429	141.16502	51.154743	187.92375	-1.4239163	160000	-0.047502026	10.75112	0.47027242	0.018666733	79.0
33	374.86768	8.718046	393.51624	346.03067	139.68571	142.95142	51.878784	188.79572	-0.8025477	165000	-0.052427117	14.037616	0.42134345	0.024961418	79.0
34	375.626	8.827634	389.78488	354.505	139.62857	143.84583	52.465515	191.3359	-0.8926233	170000	-0.050471324	13.645334	0.36508188	0.015948202	79.0
35	383.05826	6.880661	399.3432	370.03015	141.23529	144.60017	52.19889	190.36615	-0.3030668	175000	-0.051015925	7.751176	0.31591576	0.029348928	79.0
36	386.73737	6.5683365	400.0725	373.37796	141.85715	146.17896	53.038834	193.13785	0.19071725	180000	-0.053132337	8.573546	0.24606454	0.025789429	79.0
37	387.5309	7.526271	400.56805	366.2662	141.45714	147.09254	53.67935	194.8697	-0.4655753	185000	-0.05134075	9.088275	0.1851927	0.02065863	79.0
38	389.0092	10.416691	405.48993	358.86145	141.22858	147.97295	53.971203	194.86243	-0.24697405	190000	-0.04283334	12.017505	0.15807815	0.02308494	79.0
39	392.1408	8.508627	408.82394	364.38995	142.32353	148.99338	54.09993	195.41574	1.2500776	195000	-0.051258687	9.868544	0.08693848	0.025089584	79.0
40	390.7719	7.618428	403.05725	371.8562	141.65715	149.13391	54.47211	197.09035	-0.61597943	200000	-0.046890106	9.452346	0.040276166	0.022485796	79.0
41	393.63614	7.342135	405.19006	378.4024	142.58824	148.93608	54.418327	195.6248	0.5980973	205000	-0.045941558	5.9842935	-0.0059835366	0.020643076	79.0
42	400.53174	8.384929	417.61105	382.11252	144.03334	150.69392	53.597126	198.91676	1.5397985	210000	-0.04891877	7.6590533	-0.06899399	0.030839007	79.0
43	399.5752	7.9207873	414.43512	387.35614	143.58064	152.10303	54.598583	199.17088	0.7958991	215000	-0.050355975	8.032045	-0.13338467	0.018467737	79.0
44	402.16605	8.328242	415.8551	376.34894	143.67741	152.3887	54.278202	198.40193	0.82206184	220000	-0.049023136	6.6255846	-0.19214708	0.032190043	79.0
45	405.56406	8.881532	430.75964	388.58768	144.3871	153.59096	54.81178	200.61418	-0.68565655	225000	-0.03909794	8.285003	-0.24385732	0.033018507	79.0
46	407.7685	8.125394	432.64755	393.66107	144.46666	154.82597	54.569134	201.27415	0.34435004	230000	-0.047415864	5.776487	-0.2923505	0.029984869	79.0
47	409.3117	8.515454	428.49405	392.56152	144.9	156.37308	55.434055	204.95384	2.1121705	235000	-0.042509865	7.398814	-0.32721356	0.014546088	79.0
48	406.63364	21.048235	424.1779	302.85953	144.3871	157.04633	54.280415	203.0027	1.9184353	240000	-0.03196666	59.72905	-0.36982316	0.01752497	79.0
49	413.38882	9.319395	432.27405	392.89145	145.76666	156.5316	55.250343	202.60489	-14.881643	245000	-0.045005076	8.773945	-0.41171777	0.025263509	79.0
50	413.99564	7.5717196	427.92166	396.98813	145.76666	157.73364	55.50394	204.9195	-1.3381679	250000	-0.0441727	7.0598617	-0.45461044	0.021900788	79.0
51	413.08395	7.045577	426.11594	397.7742	145.0	157.6312	55.965435	206.24113	0.48670584	255000	-0.041529503	6.325505	-0.49734396	0.021667795	79.0
52	415.96112	8.553827	428.91843	388.2898	146.03334	158.7941	55.512226	205.67647	0.48182124	260000	-0.04345223	5.9775553	-0.5547713	0.025073556	79.0
53	419.20447	7.3279138	431.01587	396.64114	147.16667	160.0956	55.82204	206.71208	0.8609719	265000	-0.045594014	6.0036297	-0.5974299	0.019827757	79.0
54	421.35773	5.4341974	431.24545	409.60086	147.6	160.89638	55.620453	206.4556	-0.67472106	270000	-0.046942607	4.7760096	-0.6200406	0.024416836	79.0
55	422.54648	5.839337	433.48428	406.0079	148.3	161.54465	56.127586	207.41989	0.51520354	275000	-0.04584079	4.1934547	-0.66278386	0.019966569	79.0
56	422.23383	6.6843514	435.8606	404.86795	147.76666	161.33989	56.170746	208.03403	1.9184811	280000	-0.048830852	5.979347	-0.6959308	0.028910205	79.0
57	420.50208	32.784706	439.99405	243.53323	147.16129	161.8733	56.184612	207.4558	1.1988091	285000	-0.022062533	165.6606	-0.70995665	0.006248577	79.0
58	420.88782	34.147713	438.7397	235.68774	147.48387	161.14964	56.322014	209.7016	-1.7606959	290000	-0.024805607	184.19185	-0.71251774	0.006108227	79.0
59	415.0937	47.323383	438.43658	229.19801	145.84375	161.4963	56.015236	208.86937	1.4424555	295000	-0.027307615	346.0836	-0.70994043	0.008034476	79.0
60	425.4942	5.3619986	438.11484	415.48886	148.33333	159.44063	54.811646	206.73306	-0.68608844	300000	-0.038042754	3.863793	-0.74441946	0.04723968	79.0
61	426.8146	5.307601	438.5032	416.0351	148.93333	163.10402	57.28738	210.1351	0.01522547	305000	-0.051150996	4.019621	-0.780905	0.020857003	79.0
62	428.19336	4.164554	439.2649	419.98166	149.5	163.31174	57.07418	209.55211	2.353231	310000	-0.04695178	2.785639	-0.8295545	0.021314505	79.0
63	427.4797	4.9178686	435.0857	418.16992	149.0	163.16444	57.114227	209.3968	1.4676232	315000	-0.04421871	3.011192	-0.86989534	0.02785781	79.0
64	408.9897	57.285202	440.64523	228.52907	144.0	164.01012	56.673508	209.83702	1.9772153	320000	-0.027542373	517.8897	-0.87075335	-0.0057111294	79.0
65	420.9793	33.56424	436.8725	239.37021	147.19354	158.8903	54.36373	204.37985	1.7729831	325000	-0.030738635	168.17908	-0.8995044	0.027335657	79.0
66	421.34567	36.329323	436.4812	224.9761	147.51613	161.66188	56.528534	211.27008	0.15790139	330000	-0.024101404	191.2581	-0.9206625	0.019566342	79.0
67	427.7508	3.7927206	434.23184	420.07007	149.03334	161.46007	55.98482	208.85312	0.8286723	335000	-0.03974657	4.0201945	-0.93517196	0.0422815	79.0
68	430.0577	4.388872	440.8958	420.80453	149.53334	163.48978	57.320766	210.91238	1.2405319	340000	-0.046191484	2.3732367	-0.9777688	0.02473813	79.0
69	427.2802	5.6495466	437.73782	415.31198	148.56667	163.23112	57.20234	210.8665	1.8090099	345000	-0.046910174	3.4979417	-1.0079266	0.02174961	79.0
70	424.49716	7.5527096	438.41223	406.96906	147.9	162.99573	56.877552	210.38406	2.0853543	350000	-0.043389816	5.1223207	-1.0491899	0.02248696	79.0
71	425.02832	4.9849668	438.6255	416.1282	147.9	162.14476	57.038567	209.59239	0.39897496	355000	-0.04262196	4.0041947	-1.0776341	0.030574976	79.0
72	413.8048	61.189972	443.71005	81.21918	144.25807	162.65352	56.95171	211.25485	0.65705985	360000	-0.020760203	246.53752	-1.0916816	-0.00096134405	79.0
73	429.37354	4.865064	440.82303	418.2175	148.96666	162.29005	56.49313	213.16501	0.46796095	365000	-0.040921323	2.5604348	-1.1314678	0.033198558	79.0
74	431.28644	5.8145366	445.4026	420.66812	149.83333	164.0538	57.834152	212.26772	0.23024806	370000	-0.044958573	2.9996989	-1.1929076	0.022420233	79.0
75	432.2051	3.9383516	439.53183	424.04953	149.9	164.29387	57.7	211.89902	2.013856	375000	-0.045311607	2.4352782	-1.2533885	0.02250255	79.0
76	433.28723	5.1475673	444.71878	421.4395	150.33333	164.47334	58.059044	212.87743	1.0199525	380000	-0.04509794	2.691789	-1.3129025	0.023631854	79.0
77	420.39786	72.50153	443.46344	24.27146	145.90323	164.93222	58.009663	212.08745	1.758552	385000	-0.0043252385	45.22647	-1.3161254	0.09934624	4.0
78	431.1052	5.509583	440.62515	419.99994	149.3	164.44801	57.81677	212.68642	-1.6955922	390000	0.040098876	2.387898	-1.3302664	0.10418001	11.0
79	427.47604	7.2059045	447.18033	415.40872	148.23334	163.26834	57.6414	212.20384	1.1536987	395000	-0.049763717	4.499137	-1.3874032	0.020123344	79.0
80	429.66895	6.9513154	442.60632	413.62103	149.03334	163.4273	57.405792	212.66367	1.7578473	400000	-0.046602715	4.075239	-1.4434822	0.033997312	79.0
81	421.98468	36.124912	438.04504	226.10469	146.74193	163.64627	57.768314	213.05762	1.168578	405000	-1.8659974e-05	199.14148	-1.4462043	0.09502975	3.0
82	419.63904	5.915815	429.35684	407.93878	145.6	160.93492	56.83155	210.20236	2.2617884	410000	-0.024649043	2.6151602	-1.4390688	0.07634315	20.0
83	422.0203	7.444002	443.22208	409.10577	146.46666	160.72421	56.990005	210.12056	1.6204547	415000	-0.041324813	3.6578968	-1.4725138	0.03202562	79.0
84	424.15945	6.480886	436.7576	412.94427	147.26666	162.14206	56.802624	211.63448	0.88803077	420000	-0.048965987	2.7535594	-1.515718	0.023266088	79.0
85	425.17853	4.270712	434.8184	417.86453	147.66667	162.73807	57.147846	211.87059	1.6000845	425000	-0.044742323	2.2811472	-1.5484157	0.026919544	79.0
86	427.80795	6.117799	440.51486	415.7203	148.33333	162.62094	57.190784	210.77275	2.088318	430000	-0.043349754	2.5458496	-1.5986317	0.025384793	79.0
87	428.39493	5.34223	438.61746	417.79053	148.43333	163.1746	57.520943	212.47461	1.4732394	435000	-0.045688197	2.5454676	-1.6539326	0.0317107	79.0
88	416.3709	51.750633	440.4512	214.26796	145.28125	164.02766	57.62147	213.42625	2.0909185	440000	-0.023567576	415.17804	-1.6556804	0.006004168	79.0
89	431.4081	5.631455	444.87656	418.48297	149.33333	160.20834	55.487823	210.41718	2.3168533	445000	-0.034751046	3.4487765	-1.6992844	0.056857105	79.0
90	428.0805	4.403038	435.5845	416.80426	148.2	163.90268	57.932457	214.54523	1.3595755	450000	-0.04613081	1.8332825	-1.7432369	0.027366187	79.0
91	428.9417	4.7585936	440.81052	418.2903	148.4	163.78664	57.780792	214.3398	1.6095184	455000	-0.04100078	2.9912336	-1.8058308	0.029576413	79.0
92	434.4873	6.2833414	444.9539	423.8579	149.9	164.02852	57.85447	213.38834	1.26548	460000	0.0022004417	2.8255577	-1.8134774	0.080237046	8.0
93	439.0485	6.5954895	457.3136	428.72308	151.73334	165.78676	58.706116	215.78674	1.4961743	465000	-0.033700615	3.5606318	-1.8457555	0.023586588	79.0
94	437.62457	5.7609076	452.3293	427.63672	151.03334	165.76428	58.857677	215.77159	1.5658046	470000	-0.040376153	2.0737839	-1.8976815	0.041277666	79.0
95	441.19666	5.66054	451.48193	427.35974	151.96666	166.22728	58.973232	215.94054	1.6107824	475000	-0.041744746	3.1971352	-1.9305426	0.02211403	79.0
96	442.3581	6.5815597	464.93604	433.79205	152.46666	167.1352	59.21629	217.0814	2.0431156	480000	-0.030929584	3.4400282	-1.9625508	0.03836894	79.0
97	443.75595	5.7874117	461.0169	432.33273	153.0	167.14418	59.411015	216.96281	1.561618	485000	-0.041842036	2.8132038	-2.0011399	0.02529855	79.0
98	444.85547	6.1566787	458.2269	434.93204	153.16667	167.18056	59.439484	216.76213	1.7036985	490000	-0.029355774	3.087307	-2.0233414	0.034699034	79.0
99	448.60867	6.1084113	460.25323	437.73532	154.16667	167.406	59.71358	217.50743	2.3441648	495000	-0.039913192	3.434073	-2.055681	0.038414005	79.0
100	449.07	9.354798	475.2638	436.6519	154.3	168.07608	59.54056	218.01488	2.5899496	500000	-0.042958435	6.0712523	-2.088693	0.028961234	79.0
101	457.04385	7.6491504	476.93915	443.50702	156.36667	167.87405	59.564888	219.07066	2.6249113	505000	-0.04773689	4.395683	-2.146201	0.044951286	79.0
102	455.86523	6.3478518	468.57208	442.51242	156.1	169.7458	60.51805	221.0674	1.8259441	510000	-0.034498848	2.9051056	-2.192435	0.029094238	79.0
103	458.52106	8.675303	475.8812	441.19998	156.96666	169.50725	60.473206	221.24475	1.4245092	515000	-0.04307633	5.0951967	-2.2368042	0.022675933	79.0
104	463.80975	6.406485	478.49728	450.66907	158.2	169.68307	60.141933	221.47168	2.7736058	520000	-0.009064535	3.4885702	-2.2700267	0.07530206	36.0
105	467.90427	8.604453	488.05542	448.20102	159.5	170.2799	60.83841	223.25496	1.829097	525000	0.039056465	3.6795692	-2.273682	0.082288265	1.0
106	467.75296	7.7827454	480.3442	451.75742	159.73334	171.4343	60.89639	224.8474	1.3888448	530000	-0.046235222	3.9226944	-2.3252606	0.021779528	79.0
107	472.73306	7.8996468	488.74918	456.26926	161.06667	170.86926	60.750988	224.45361	2.4743247	535000	-0.03040206	3.4021337	-2.3460536	0.07557786	74.0
108	476.6341	8.077342	498.36176	460.1844	162.53334	171.9354	61.085056	226.67754	2.5560377	540000	0.024701586	3.0585558	-2.3480496	0.12307163	6.0
109	481.60318	10.4138565	499.1121	450.5865	163.83333	171.70485	61.318275	226.40836	2.6572762	545000	0.024797607	4.54541	-2.3574138	0.09798002	6.0
110	486.0891	7.7026925	503.89374	466.304	165.41379	173.00359	61.696793	228.49059	2.5625699	550000	0.04146142	3.1113513	-2.3631687	0.111353636	1.0
111	487.9263	7.734385	506.68893	471.5393	165.8	173.16235	62.100163	228.8824	2.7260125	555000	0.030701105	2.9047112	-2.3670797	0.077521406	6.0
112	490.97577	8.80971	505.72006	475.3052	166.40741	174.06825	61.308308	230.2183	1.9451017	560000	-0.019058324	4.25765	-2.4110496	0.07626356	59.0
113	486.62073	55.32111	514.98883	214.19159	165.5	177.61992	60.2114	230.86238	2.2261276	565000	0.011439764	314.43988	-2.411809	0.1150761	2.0
114	497.88385	8.823905	521.40967	483.10577	168.26923	174.49574	59.230698	230.29288	2.4038517	570000	0.028469153	4.099204	-2.4188175	0.08940986	15.0
115	499.58896	7.2424383	514.5638	479.939	168.64	177.46263	60.689186	234.08607	2.2142544	575000	-0.011275918	4.6635666	-2.4275923	0.07968102	25.0
116	516.8552	16.068497	566.4813	497.43137	173.32	180.71169	59.444817	233.58574	1.9266798	580000	0.03311013	10.320936	-2.4334295	0.0810059	5.0
117	517.03406	9.887928	543.33905	499.16687	173.36	183.738	60.18385	237.77428	2.8947358	585000	-0.04141492	5.3903236	-2.4882596	0.03878596	79.0
118	514.17456	13.8346615	567.0623	496.16196	172.52	183.84778	60.342945	237.26382	3.163565	590000	-0.006369117	7.3863454	-2.5106945	0.083239734	27.0
119	522.60297	14.725919	550.3013	497.19376	174.4	183.86429	60.675964	237.83194	1.6477816	595000	-0.043633323	7.3422203	-2.5783315	0.06231786	79.0
120	523.2478	11.932139	546.55664	499.5464	174.48	186.01372	60.211308	239.38515	1.865212	600000	0.014423427	6.651783	-2.5850809	0.09028527	3.0
121	543.68256	37.5565	662.91144	503.12897	180.12	185.62323	61.853725	241.42102	1.7318001	605000	0.045572713	55.814262	-2.5904005	0.10969308	1.0
122	532.9664	67.92155	596.26605	206.76993	177.03847	190.13663	61.56114	244.4728	-1.3466392	610000	0.012914859	399.19864	-2.5962956	0.14187565	1.0
123	568.5158	30.011261	649.2944	532.01636	187.4	187.56212	62.214287	246.1227	-0.4322282	615000	0.0047934167	30.436663	-2.5834484	0.09238343	4.0
124	576.991	29.18616	629.1911	533.6253	189.64	192.46126	64.046196	251.33867	-0.5488944	620000	0.036754116	27.499125	-2.5895383	0.07673762	2.0
125	614.42255	49.842144	684.7019	532.87366	199.70833	194.031	64.98316	258.3667	-2.4125721	625000	0.08166921	65.533966	-2.609693	0.19325335	1.0
126	619.3808	51.055042	683.5432	524.87933	200.2381	202.49887	64.44282	266.4545	-0.34424067	630000	0.057549078	93.26202	-2.6231046	0.11953437	1.0
127	625.1929	43.897552	696.2989	546.4874	201.22728	205.4047	66.14156	271.85995	-6.6869454	635000	0.066598535	69.53372	-2.626373	0.19458511	1.0
128	670.25525	37.998405	716.83887	578.9753	215.55	208.56485	64.34935	272.86984	-7.0290833	640000	0.07632785	37.80886	-2.6159878	0.1579656	2.0
129	663.7676	29.604544	702.2596	598.04694	211.4	213.487	67.33083	280.20047	-0.6363252	645000	0.060749896	40.393433	-2.6204689	0.16248225	1.0
130	685.98065	12.976229	706.46533	648.77216	219.0	213.9921	66.9013	279.33826	-0.6207357	650000	0.067343235	15.124442	-2.617918	0.24406223	1.0
131	676.71454	56.154526	759.28125	535.057	220.8	218.68077	67.37364	293.0642	2.233582	655000	0.026227698	36.637386	-2.598371	0.09588392	12.0
132	697.38464	28.791128	748.95215	634.07086	226.55	213.2511	70.42331	287.4446	-2.8134608	660000	0.04162128	16.06857	-2.5961678	0.14354292	2.0
133	697.85596	15.184963	734.62445	660.13385	224.3	212.7646	69.56078	283.82773	0.22795045	665000	0.046046767	12.142145	-2.6025097	0.09034891	3.0
134	697.66345	12.695884	740.4642	683.5085	223.55	219.42392	70.06153	289.53323	2.5748813	670000	0.036902174	11.8732815	-2.6059067	0.09098053	1.0
135	684.61804	13.375667	711.29083	663.19666	219.05	218.50755	69.190506	284.07565	2.9141817	675000	0.04585552	21.170765	-2.6119475	0.14067614	1.0
136	701.5112	18.58044	757.7281	661.601	226.2	215.98703	68.332375	282.1291	1.1497362	680000	0.013670421	13.812498	-2.5956213	0.07987181	5.0
137	687.8232	11.743183	708.1805	671.497	220.55	216.49754	68.3693	280.38004	2.0150685	685000	0.026185473	12.065005	-2.6033585	0.12707278	1.0
138	704.01843	22.188606	769.29443	661.91437	226.45	217.07855	68.60126	280.14618	-0.68356586	690000	0.019403562	17.395157	-2.6032305	0.07712236	2.0
139	728.5926	28.238937	782.3349	685.3422	234.7	214.8098	68.17889	280.97644	2.413685	695000	0.048598453	20.300756	-2.5897121	0.08739341	2.0
140	779.20447	75.77907	960.95074	608.02594	252.83333	218.55295	65.36108	280.85617	2.685069	700000	0.045317058	41.076725	-2.5984855	0.08329478	1.0
141	765.5897	90.64967	923.59924	486.88748	250.83333	224.89204	68.06266	291.4532	0.052435115	705000	0.019652829	442.4954	-2.6020641	0.12112473	1.0
142	749.9971	119.6572	924.8248	481.24817	247.875	221.61205	63.579254	286.8064	0.19157949	710000	-0.03462185	545.1455	-2.628457	0.021480605	79.0
143	871.42163	177.95262	1336.2996	725.3839	282.73334	224.74138	65.49187	292.20465	-4.4668155	715000	0.026900465	91.54384	-2.6283257	0.12791234	7.0
144	902.15356	102.43923	1107.5356	749.7244	291.33334	233.2355	67.04382	294.95624	-0.13404451	720000	0.03685687	60.2151	-2.6352577	0.10088012	2.0
145	917.9047	158.63126	1267.8502	679.90125	298.35715	235.39795	67.493515	299.2821	-2.122511	725000	0.047673345	83.905205	-2.627243	0.07715249	1.0
146	920.53046	140.8365	1231.3033	762.31757	298.57144	234.7643	68.33733	298.18875	-4.1435575	730000	0.09764652	65.2497	-2.63672	0.26422814	2.0
147	713.4066	24.616796	792.33856	687.97986	229.15	227.39842	78.271194	307.26086	-1.2000494	735000	0.055382762	25.211319	-2.629346	0.13130218	1.0
148	675.9638	16.188261	697.706	623.99475	215.65	220.24515	70.13325	281.3253	2.5825446	740000	0.033641636	22.341307	-2.6505406	0.083694234	1.0
149	658.216	92.50622	709.16315	371.56458	213.05	217.4412	64.84366	275.73972	-0.54593396	745000	0.011369648	777.4713	-2.6468236	0.10200112	1.0
150	713.5179	90.37004	887.6174	380.81137	229.75	212.06744	63.401936	271.98752	2.4934616	750000	0.04426481	507.55316	-2.6346283	0.097955585	1.0
151	714.0717	20.432327	766.5416	678.8474	229.25	215.20798	67.72726	276.0754	4.803784	755000	0.064436376	11.208405	-2.6321876	0.10683055	1.0
152	742.86646	45.836803	878.1848	691.5327	240.1579	214.76414	68.825226	280.25775	2.720406	760000	0.105030395	33.67615	-2.6284418	0.3787409	1.0
153	728.1401	90.28312	965.0159	620.2299	235.83333	219.87727	68.102486	285.30737	1.4347696	765000	0.05050163	59.352417	-2.633989	0.09765797	1.0
154	705.27277	17.413803	741.4466	661.5944	225.45	216.66925	71.371346	286.20364	1.1579247	770000	0.06255778	12.744385	-2.6447997	0.14127299	2.0
155	713.8148	22.48377	775.1659	662.42175	228.65	219.3741	69.95015	284.71506	1.5449804	775000	0.05061079	9.33291	-2.6300352	0.08436077	1.0
156	695.256	14.231753	713.40643	655.442	223.0	217.13545	69.95937	281.41687	2.617443	780000	0.05068851	6.3332744	-2.6460052	0.11270254	1.0
157	698.2802	17.109627	726.9416	648.33374	224.0	216.02666	69.57275	280.06094	2.1181333	785000	0.023661872	6.5670376	-2.6466777	0.11845683	6.0
158	711.0717	9.687768	725.82117	684.55865	227.95	217.2621	69.914185	281.25244	2.0909965	790000	0.034119	2.746957	-2.627507	0.07620042	2.0
159	707.7222	20.933397	755.7767	664.5948	227.7	216.36075	70.32757	281.50574	2.1019318	795000	0.035292897	6.7586555	-2.6366577	0.082735255	4.0
160	705.0846	57.534542	869.936	604.9346	227.8	216.1441	69.1551	281.54715	1.8873885	800000	0.01717623	28.553612	-2.639312	0.083059594	9.0
161	746.31537	85.926445	957.63696	638.3951	240.85	215.53453	69.84979	290.23535	-0.030765578	805000	0.042463124	55.83356	-2.6359966	0.09732858	3.0
162	720.16895	32.948975	773.99475	621.02435	233.2	218.22028	71.68185	291.49243	-0.6484209	810000	0.08245008	14.030565	-2.6187809	0.098591	2.0
163	811.52	159.82594	1240.6572	623.23773	262.5	223.04367	66.399994	294.25137	0.55567384	815000	0.16304372	168.16275	-2.6473727	1.1926451	1.0
164	1040.2163	372.00217	1829.7224	610.0804	355.81818	253.63174	57.4223	317.21442	1.9543911	820000	0.09600656	535.1433	-2.64884	0.374104	1.0
165	792.181	327.73074	1669.0048	436.7329	285.125	236.10194	60.09929	302.3073	-14.903318	825000	0.019906819	1693.2906	-2.6295118	0.10041866	2.0
166	687.8767	117.64516	952.9108	571.5927	243.70589	196.37054	59.23619	267.69907	-7.7071104	830000	-0.04403299	489.4628	-2.6413374	0.03383576	79.0
167	877.1933	346.06598	1814.2319	588.11707	313.53845	208.6002	53.65793	267.77664	-11.026748	835000	-0.039942402	895.0506	-2.6528997	0.019347705	79.0
168	839.9271	419.5133	1826.068	436.10077	305.14285	223.3677	52.46976	287.14938	-11.8588295	840000	-0.0404057	1455.4388	-2.6682787	0.015187008	79.0
169	806.9538	344.99576	2033.958	521.4479	281.6	202.37355	58.562035	284.5358	-16.336634	845000	-0.010002936	125.961624	-2.6667426	0.085568964	26.0
170	1173.218	632.40674	2644.1545	575.60004	414.9091	234.40005	57.05836	309.31293	-3.340849	850000	0.039679118	82.438065	-2.665416	0.08878828	1.0
171	848.659	412.5496	1978.9496	588.31226	294.55554	238.58377	53.946728	299.4258	-5.6608853	855000	0.055921327	115.57517	-2.6747975	0.105935134	1.0
172	1348.0173	303.9643	1914.7911	825.49786	467.2857	250.5165	54.318756	317.79712	-6.0055947	860000	0.08897754	59.907455	-2.681476	0.22305626	1.0
173	1048.2719	255.80629	1392.856	568.95856	352.0	243.728	60.724987	314.1582	-4.145551	865000	0.056577843	80.141785	-2.7020683	0.14593847	4.0
174	1121.0549	360.19888	1713.4221	560.8567	383.66666	252.80722	58.114513	308.70938	-4.241186	870000	0.04177214	721.4956	-2.683305	0.08602765	1.0
175	1331.9661	214.93169	1634.0354	1082.1973	462.375	255.37395	52.373444	316.8146	-1.8545408	875000	0.024506548	584.4006	-2.6855726	0.077675685	1.0
176	1342.0875	482.01593	2083.835	618.90796	474.0	248.26994	51.499924	303.06805	-9.055502	880000	0.043285824	40.190826	-2.676456	0.08598069	1.0
177	1276.0046	529.21375	2120.2483	597.43414	487.625	243.0478	52.089607	314.07355	-1.2649124	885000	0.05990984	689.6516	-2.6425047	0.22022998	1.0
178	1152.208	590.23785	2515.0977	585.08655	432.7	222.7657	50.043434	282.35608	-0.8575755	890000	0.035225194	123.053375	-2.6485183	0.08184373	4.0
179	1285.9617	576.9798	2212.3123	588.89014	471.2	239.81454	43.63247	293.37613	-0.6224538	895000	0.053470973	57.638077	-2.6613941	0.08097893	1.0
180	1254.0708	599.403	2545.2903	597.9255	462.375	237.90926	51.40784	294.6518	-8.879884	900000	0.06752046	45.279537	-2.6612017	0.13281652	1.0
181	1167.275	232.00957	1459.9021	732.34296	413.77777	234.1197	55.142048	295.93674	0.20353785	905000	0.053571068	38.095325	-2.6692052	0.106483154	1.0
182	1244.0378	338.55075	1833.9078	723.0604	439.625	240.51027	53.494755	294.7147	-0.19299933	910000	0.06530808	52.066425	-2.6795793	0.12792945	1.0
183	1362.4031	362.58572	1886.6515	898.3002	472.57144	247.22075	51.453945	300.04816	-1.0681407	915000	0.09654673	57.166363	-2.6895695	0.20501123	1.0
184	1275.1875	437.26447	1840.7175	426.58438	441.0	246.84105	57.834164	301.38123	2.1158135	920000	0.01636844	718.81165	-2.6957238	0.0951894	1.0
185	1807.1292	554.6503	2866.836	1224.973	627.0	254.72833	44.939068	300.1918	-11.951102	925000	-0.043542005	204.74455	-2.7309792	0.04224718	79.0
186	1930.6826	744.3527	2770.0952	618.3121	678.3333	259.15536	44.364716	297.0301	9.222438	930000	0.030584607	89.45038	-2.7339554	0.114656515	5.0
187	1571.055	831.00543	2846.9426	435.02698	542.8571	265.85617	47.842907	315.27988	0.10027999	935000	-0.027327381	725.86707	-2.7692075	0.02024056	79.0
188	1226.2516	292.8063	1709.0815	887.2827	413.66666	247.61325	59.52895	304.90884	0.27601057	940000	0.00877269	52.65252	-2.776621	0.076280296	16.0
189	1614.5079	641.7917	2878.9937	930.36163	548.0	257.531	54.8811	305.09662	1.2647485	945000	0.050653778	63.936787	-2.7751591	0.09183504	1.0
190	2107.0095	685.68994	2788.4297	1289.887	734.6667	270.80875	44.708263	307.12637	0.4346438	950000	0.098297745	34.661034	-2.7784798	0.15592076	1.0
191	1601.579	585.6883	2848.821	1033.9198	541.8571	263.3293	53.24676	309.0303	0.91598177	955000	0.1140191	30.344122	-2.7767	0.35960862	1.0
192	1639.0442	768.6645	3002.262	895.165	539.8571	261.3294	54.16104	314.52136	2.189289	960000	0.060928296	85.137566	-2.784823	0.14038296	4.0
193	2136.4019	839.6246	2977.124	910.02435	707.6667	280.5608	47.075695	325.01178	6.7368755	965000	0.06367665	66.13088	-2.7872314	0.15066966	2.0
194	2065.4783	753.64813	3064.823	1013.95557	680.1667	280.8296	47.16481	325.30017	-4.0592175	970000	0.053455226	87.36456	-2.793195	0.088034116	1.0
195	1295.1226	469.8413	2087.912	872.6613	418.875	266.85565	65.12269	330.13724	-7.2092285	975000	0.090765774	148.0029	-2.7899282	0.22679107	1.0
196	901.2213	113.93495	1194.3324	812.41565	291.66666	241.97157	74.41456	333.95483	-6.1625113	980000	-0.05104155	59.996193	-2.787217	0.03513623	79.0
197	1017.83984	140.31467	1314.895	854.16376	330.76923	239.07365	65.195404	305.07776	-0.9865749	985000	0.04155413	48.754143	-2.7911773	0.10867501	9.0
198	1091.1956	257.93683	1724.0771	886.69684	352.5	251.9531	66.94034	322.6762	0.11602835	990000	0.027893191	106.3673	-2.8028624	0.0871291	5.0
199	2192.5217	990.40356	3098.494	752.0109	708.3333	282.24335	49.146706	328.8033	1.59322	995000	0.038199004	110.58537	-2.8128653	0.08902047	2.0
200	1025.7993	312.72064	1452.4689	594.61053	332.81818	261.56796	71.17319	330.7798	-1.9914064	1000000	0.021880157	113.38895	-2.7913132	0.08031366	9.0
