Epoch	AverageEpRet	StdEpRet	MaxEpRet	MinEpRet	AverageTestEpRet	StdTestEpRet	MaxTestEpRet	MinTestEpRet	EpLen	TestEpLen	TotalEnvInteracts	AverageQ1Vals	StdQ1Vals	AverageQ2Vals	StdQ2Vals	LogPi	LossPi	LossQ	Alpha	LossAlpha	Time
1	2.7322857	5.9103036	30.432781	-11.303662	361.47012	14.0570965	386.41025	338.4997	21.437769	218.6	4999	14.5712185	11.815154	14.57016	11.814574	2.2024765	-17.33694	1.4273697	0.14113891	0.5956173	40.83941054344177
2	2.198894	6.156807	37.472527	-8.861138	766.1752	311.39075	1032.4596	300.02502	20.251013	725.55	9999	63.510056	28.536474	63.511112	28.541769	6.343978	-70.716225	11.606337	0.13377044	-0.046197597	88.3090488910675
3	136.20514	157.51004	444.62375	-85.41627	141.85513	111.29214	340.97977	15.4260845	162.53334	208.0	14999	116.80749	31.233877	116.81058	31.22203	5.2238755	-123.76721	31.931953	0.109518655	0.080958284	135.31105279922485
4	120.19907	109.56749	334.90353	-4.4021654	186.61899	94.25962	413.61966	17.478346	207.45833	214.85	19999	119.38978	30.049784	119.388176	30.04309	5.8449454	-124.0539	33.10865	0.050390676	0.008391426	182.0294418334961
5	124.6178	98.44308	323.65308	-13.25357	52.98275	107.39454	376.35654	-119.87763	153.45454	232.25	24999	116.263336	32.29328	116.263664	32.272175	6.0054445	-119.95405	36.331436	0.04715633	-0.0002433156	232.05267429351807
6	170.85881	205.62288	821.9912	-87.15411	327.11642	201.48436	738.6353	-46.88235	192.53847	431.95	29999	112.44474	34.288204	112.443886	34.277573	6.011231	-115.460236	33.164055	0.04752982	-0.0005256626	283.25668144226074
7	271.11145	139.38084	628.8132	9.957436	120.78495	98.64018	329.41245	-45.75625	225.0	249.25	34999	108.92135	34.73669	108.92165	34.726624	5.9794893	-111.543175	29.44085	0.049388293	0.00097471254	330.1578378677368
8	285.0591	119.090385	524.3208	24.683065	342.65002	80.76582	484.9583	122.58341	252.4	246.8	39999	107.27622	32.99894	107.277435	33.0121	5.9849043	-109.46341	24.06878	0.043593224	0.0006696585	376.72504568099976
9	331.72455	149.47899	602.4591	5.9908247	335.8785	103.407295	590.5878	154.3317	206.41667	188.05	44999	104.30439	31.758347	104.3058	31.76821	5.999464	-106.1435	20.872965	0.04276034	3.0549334e-05	424.83988857269287
10	312.57193	133.07443	682.0775	26.59059	323.27383	154.13379	670.99634	44.459896	189.07408	208.7	49999	102.49924	30.882711	102.501625	30.885805	5.9961805	-104.144325	17.787994	0.041722212	0.00016877563	475.39908599853516
11	225.77798	204.74255	889.0088	-101.928986	277.5507	151.05492	603.20276	66.64143	195.92	178.85	54999	101.64565	30.732092	101.64714	30.73459	5.98903	-103.09588	16.804527	0.041071072	0.00045846123	521.9743664264679
12	299.63837	122.0175	621.7579	118.20326	275.71902	173.75017	651.70026	25.336483	179.78572	223.5	59999	100.21119	31.114141	100.21217	31.11949	5.997728	-101.51735	17.639338	0.040190972	9.768993e-05	569.3090353012085
13	298.93127	119.5757	567.9286	32.198837	289.1258	116.469215	582.1498	11.28411	187.33333	172.45	64999	100.19004	31.326313	100.191	31.334736	5.9985175	-101.43945	17.557772	0.040555988	6.550591e-05	615.9705066680908
14	245.178	111.00932	478.21133	4.7356696	323.87006	156.8019	579.39386	22.789907	146.17647	165.85	69999	100.22732	31.418884	100.22785	31.429073	5.998512	-101.36236	17.33222	0.039471984	6.551611e-05	665.286078453064
15	281.15668	122.45071	644.39996	14.944499	389.20193	139.54971	661.2969	157.74092	152.06061	213.85	74999	99.74411	31.698576	99.744286	31.711157	5.989665	-100.81677	16.952478	0.039165203	0.00040630103	713.6261489391327
16	317.18668	168.20062	985.27356	109.93742	352.20633	163.50676	643.09406	-44.94702	183.66667	239.55	79999	99.82348	31.670794	99.82425	31.682152	6.011683	-100.81213	16.20617	0.03893837	-0.00044500828	760.2846810817719
17	272.6914	172.43236	668.56586	-12.34977	341.39078	171.36185	657.4811	44.313004	224.45454	213.75	84999	99.71966	31.550232	99.72058	31.557465	6.0049634	-100.66028	15.912661	0.040737294	-0.00019099023	806.8154172897339
18	346.54477	144.71962	669.64075	21.99321	262.75153	151.48524	631.3041	-35.11165	221.13043	193.8	89999	99.493454	31.643547	99.49423	31.653975	5.999222	-100.39282	16.521763	0.041066945	3.838017e-05	856.3581221103668
19	390.14062	175.23581	802.0176	121.26029	306.96497	180.86519	585.6563	26.21624	219.91304	199.05	94999	100.18106	31.73247	100.18227	31.738602	5.996959	-101.0804	16.848894	0.04007983	0.0001283446	904.5648665428162
20	332.28577	159.65308	642.1632	10.999359	401.59406	203.55833	899.1695	180.465	188.8	228.35	99999	101.17056	31.85863	101.17105	31.862576	6.0035	-102.024666	17.029547	0.03969517	-0.00013379156	951.2296392917633
21	355.33984	160.03873	774.63446	127.01296	378.13242	148.50557	714.74554	164.15718	192.57692	219.2	104999	102.0528	31.832008	102.05362	31.836952	5.999761	-102.881676	16.732775	0.0402781	1.7335797e-05	997.6553537845612
22	408.7973	205.49557	1005.9623	134.02074	407.64334	267.52408	902.9189	68.61972	206.28	241.55	109999	103.10265	31.99749	103.10335	32.002438	6.006189	-103.89513	16.234425	0.040598128	-0.0002467289	1047.4183270931244
23	338.16684	189.53142	848.4719	55.839886	374.70746	106.617195	577.9306	237.01497	190.26923	183.65	114999	104.17361	32.040276	104.17422	32.04273	6.0045657	-104.91975	15.7483	0.04198851	-0.00018392086	1096.1504304409027
24	368.25647	160.91295	746.1353	119.4004	441.0042	166.66237	964.16223	206.1652	186.37038	204.7	119999	104.89703	32.514732	104.89806	32.51806	5.996756	-105.61985	15.399578	0.042281583	0.00014533824	1142.2853891849518
25	312.50922	147.48622	543.1026	68.07006	407.71683	170.61903	865.2692	83.95835	169.96666	211.75	124999	105.6477	32.97098	105.64845	32.974426	5.9961677	-106.32842	15.759541	0.040908575	0.00016560798	1189.2674305438995
26	368.14056	205.46954	711.28516	27.69329	437.78336	163.05879	747.3162	155.53912	177.03572	206.65	129999	105.78632	33.256653	105.7868	33.261272	6.0043583	-106.4186	15.747949	0.041062463	-0.00017397809	1237.017365694046
27	397.81497	157.72435	759.74286	23.458542	462.10126	152.70961	757.12756	217.16203	197.92	204.0	134999	106.143616	33.43129	106.1442	33.43373	6.000802	-106.770226	15.74894	0.04149904	-2.6713276e-05	1286.405256986618
28	366.34317	173.04303	609.4748	17.293364	541.3187	221.34764	1237.6261	55.35696	174.75862	251.05	139999	106.98676	33.67464	106.98723	33.6784	6.0003424	-107.5892	15.695422	0.042262573	-7.060617e-06	1333.6953873634338
29	399.9112	211.665	764.7551	26.276644	456.5253	112.18616	746.6075	285.47406	181.74074	199.6	144999	107.79202	34.014896	107.792366	34.017277	5.99092	-108.37425	15.765671	0.041680425	0.00038101396	1379.6038019657135
30	422.22153	231.91954	872.74664	10.165047	452.55597	262.00027	969.8578	22.97934	185.37038	211.75	149999	108.91308	34.0382	108.91328	34.041695	6.011152	-109.48792	15.622972	0.041363604	-0.0004544353	1427.307447195053
31	462.5134	182.51678	791.5632	8.643993	518.65125	155.27678	823.7435	101.43667	192.92308	232.85	154999	110.22306	34.391323	110.222984	34.395863	5.9993553	-110.77905	15.515481	0.04159211	3.433119e-05	1477.1340160369873
32	526.6216	122.7892	811.75726	263.4157	520.22473	228.54066	936.2831	283.5632	217.17392	193.45	159999	111.74452	34.904648	111.744316	34.910862	6.0029864	-112.29145	15.489831	0.04250181	-0.00011991642	1524.5253167152405
33	503.6191	180.8995	980.5265	269.53244	484.8094	204.11562	762.36005	34.95109	204.83333	213.7	164999	113.81555	35.233643	113.81561	35.24029	6.0057535	-114.36668	15.449087	0.043305486	-0.0002409535	1570.5434255599976
34	531.187	249.21306	1451.98	156.03955	601.5895	56.187313	795.00775	521.5102	207.56	218.25	169999	116.27933	35.849342	116.27965	35.858475	6.00161	-116.85481	15.520143	0.043458644	-6.243691e-05	1616.5536081790924
35	569.867	285.9761	1196.4037	80.84672	590.18414	120.89857	853.814	460.39264	234.80952	230.05	174999	119.12136	36.842026	119.12165	36.84977	6.0000854	-119.70273	15.682911	0.04437419	3.0763983e-06	1666.0728747844696
36	552.8787	219.94049	905.90466	209.779	523.94165	148.87029	853.63727	339.83557	221.65218	184.1	179999	121.93866	37.339138	121.938965	37.345222	6.009346	-122.52515	16.078032	0.045109395	-0.00041412827	1713.850301027298
37	503.34778	147.68723	851.70593	240.9583	507.89874	102.81703	774.69434	282.04193	192.26923	181.95	184999	124.26555	37.953316	124.26568	37.96176	5.998152	-124.822815	16.391893	0.045416687	9.31567e-05	1759.6913166046143
38	541.00854	141.47725	883.7388	255.33073	533.79486	108.2406	815.162	399.53082	201.83333	183.45	189999	125.76336	39.002388	125.763	39.012325	6.020369	-126.29449	16.610771	0.047172338	-0.00096805993	1805.5378012657166
39	489.13324	220.89172	896.86743	12.662543	667.8926	181.7273	1050.6727	163.30992	178.10345	220.2	194999	127.57184	39.976513	127.571915	39.983032	5.9933414	-128.11043	16.991432	0.04860754	0.0003385923	1855.011645078659
40	627.2341	207.19925	985.2931	237.33864	644.0891	108.23046	860.311	468.13852	206.33333	214.4	199999	129.83376	40.858673	129.83372	40.8652	6.008031	-130.39195	17.288383	0.049737245	-0.00038903268	1903.0365433692932
41	589.74146	191.18483	1124.9487	283.34927	626.8916	121.96623	893.0592	369.95795	201.72	196.25	204999	132.38979	42.177536	132.3897	42.182766	6.0107803	-132.96745	17.522171	0.050779488	-0.00054768415	1948.9445497989655
42	696.7305	276.62598	1260.6432	48.469864	782.224	230.7054	1189.4448	210.99791	215.82608	266.8	209999	134.97989	43.096718	134.97989	43.101555	6.0037684	-135.5496	17.779812	0.05309989	-0.00019086407	1995.5609982013702
43	733.51056	413.26657	2058.6392	179.66608	459.72723	353.344	1199.9115	196.87286	239.0	172.75	214999	137.54602	44.144325	137.54567	44.147877	6.003607	-138.12547	18.34763	0.05376349	-0.00018537254	2044.4280967712402
44	704.53314	275.57098	1367.9307	272.5563	1154.2683	298.33847	1671.5441	478.1286	216.21739	347.35	219999	140.14317	45.035336	140.14319	45.041203	6.0007534	-140.728	18.307453	0.054568067	-3.3661698e-05	2094.3605720996857
45	709.1244	303.85486	1518.2336	280.86386	565.3953	295.1214	1198.7433	276.9015	219.09091	217.65	224999	142.8025	45.80195	142.8024	45.80728	6.0053463	-143.38277	18.831553	0.0564225	-0.00028803534	2141.257752895355
46	916.00977	393.77612	1697.7717	496.14008	825.8644	140.86581	1144.504	649.235	288.35294	276.5	229999	145.49022	46.648582	145.49017	46.65424	6.010482	-146.0822	18.658085	0.057017744	-0.00059426884	2187.695514678955
47	1221.9978	478.27982	2392.4133	607.8801	911.7752	327.9962	1775.2959	556.6285	375.5	254.3	234999	148.05484	47.854584	148.05496	47.85621	6.0043674	-148.64438	19.038937	0.05868861	-0.00025134807	2235.9753630161285
48	1024.8921	404.6641	2089.0315	475.47107	1276.0079	535.17	2317.9988	435.7019	308.0625	351.85	239999	150.7535	48.847225	150.75362	48.848854	6.010382	-151.32722	19.465998	0.06023409	-0.00063192885	2286.4807739257812
49	1179.6222	499.96054	2361.947	545.5725	1128.2404	637.4751	3355.214	512.5245	350.35715	347.2	244999	153.23221	49.831413	153.23247	49.83447	6.004865	-153.8341	19.825296	0.062172778	-0.00029945816	2337.018809080124
50	1378.7642	682.01294	3042.53	639.78204	1788.3688	872.53015	3685.6658	554.1487	422.0	494.5	249999	156.0823	50.626156	156.08192	50.629414	5.9930096	-156.678	19.941626	0.06329162	0.00045395945	2386.5947098731995
51	1487.0747	629.8134	2949.136	652.94324	1394.572	644.3864	2963.6274	486.2665	420.5	372.55	254999	159.08745	51.311493	159.08725	51.31361	6.0027914	-159.70828	20.450123	0.06445109	-0.00016475382	2436.182768344879
52	1425.7565	788.92017	2877.71	402.1652	1698.4119	541.4817	2814.223	1039.5736	421.83334	407.75	259999	162.2754	52.32065	162.27567	52.322758	6.0120525	-162.92027	20.688433	0.06564511	-0.00077450566	2484.406816482544
53	1721.5913	865.2924	3706.5754	421.86493	2125.4055	1203.4093	4074.7866	763.02185	454.45456	546.85	264999	165.322	53.22919	165.32166	53.22889	6.0041947	-165.93205	21.020891	0.06727355	-0.00027470745	2536.4170050621033
54	1461.878	903.48773	3540.4983	434.97986	2397.5796	974.11127	3964.9927	323.1901	402.16666	620.2	269999	168.34183	54.57073	168.34203	54.572655	6.007772	-168.96602	22.04293	0.069427475	-0.00052948867	2588.153351545334
55	1254.0177	763.5491	2394.3743	233.88875	1821.2053	575.79767	2868.7378	479.30096	351.85715	504.25	274999	171.41655	55.893887	171.41666	55.895947	6.0056405	-172.05087	22.65195	0.07133026	-0.0003939607	2636.9245064258575
56	1364.5916	721.3926	2721.9358	227.22572	1449.902	446.8047	2218.8066	626.7739	369.64285	368.8	279999	174.47374	57.05577	174.47403	57.057636	5.9971476	-175.11	23.28591	0.073130116	0.00021830079	2684.3348982334137
57	1103.0513	418.97586	1740.9164	228.69356	1151.578	248.46191	1713.041	683.9204	285.27777	298.1	284999	177.27957	58.099087	177.27925	58.10086	6.0097017	-177.91324	23.549852	0.07383736	-0.0007003953	2731.3251457214355
58	1562.1595	631.217	2849.4094	642.6172	2129.1428	562.08026	2981.1704	542.00934	396.16666	553.7	289999	180.27061	59.130684	180.27057	59.130955	6.004572	-180.91373	23.959389	0.07579957	-0.00033527153	2782.3783452510834
59	1263.2942	463.30682	2660.6453	818.216	2208.6719	973.5176	3795.695	732.8478	348.06668	568.5	294999	182.79288	60.06519	182.79301	60.066826	5.9953957	-183.4053	24.120346	0.07612957	0.00036102466	2833.9437181949615
60	1670.9386	887.9143	3808.7012	603.58344	1561.9473	900.98224	3616.1855	382.8306	448.63635	469.7	299999	185.15486	60.748432	185.1546	60.750217	6.005395	-185.76186	24.34843	0.076257825	-0.00039945668	2883.675269126892
61	1690.4655	838.9085	4193.0938	820.36365	1729.4515	1251.8331	3709.4146	510.50198	418.25	473.45	304999	187.26677	61.68142	187.2667	61.681812	5.997093	-187.86647	24.501457	0.07632333	0.00023336768	2933.284780025482
62	1089.7783	503.8262	2157.288	290.3711	1545.2596	948.6122	3841.4175	544.0323	289.52942	387.05	309999	189.76224	62.45465	189.76207	62.458385	6.0077634	-190.3617	24.595428	0.0770064	-0.0005891411	2982.823173761368
63	1927.3652	1080.4059	3996.237	529.28204	1202.7006	578.6777	2670.4036	499.71106	487.3	292.75	314999	192.0577	63.19265	192.05786	63.194958	5.9956117	-192.64337	24.979704	0.077898994	0.0003534208	3032.1392953395844
64	1695.6035	1254.0989	3916.873	439.61288	1442.6423	424.65616	2926.531	1029.9062	429.0	331.3	319999	194.25397	63.773205	194.25348	63.774975	5.999139	-194.82747	24.94858	0.077994235	7.657008e-05	3082.7686421871185
65	2040.2439	991.4758	3393.6648	789.51794	2068.725	1019.33026	4292.872	476.35474	485.8889	467.55	324999	196.02559	64.5258	196.0252	64.528076	5.995874	-196.55972	24.890564	0.07770517	0.00032225018	3132.144397497177
66	1935.1344	1067.0903	4051.992	593.54755	2916.458	1318.6676	3944.6064	418.52216	478.16666	740.25	329999	197.86266	65.3274	197.86243	65.32932	6.0107656	-198.40428	25.045341	0.079014346	-0.0008202328	3181.6778235435486
67	2063.4497	1572.1112	4268.575	538.4427	3244.6213	1273.1709	4726.4805	231.20677	529.125	783.25	334999	199.92413	66.08282	199.92415	66.08283	6.0052423	-200.45734	25.095362	0.07972935	-0.0004086342	3231.340047121048
68	2068.0203	1564.4471	4180.278	216.46341	2283.9185	1199.0527	4290.662	231.5318	523.7273	532.1	339999	202.0368	66.61525	202.03696	66.61475	5.996075	-202.5606	24.852543	0.08014657	0.00032482177	3281.7307238578796
69	1467.9584	1136.1957	4048.7246	265.50375	2175.9675	1218.4478	4555.7793	468.82202	371.07693	489.2	344999	203.96123	67.301704	203.9611	67.30423	6.0125365	-204.45277	25.16204	0.08175846	-0.001011986	3333.7587699890137
70	1953.687	1332.8407	4146.6343	267.17075	3768.8008	1104.593	4726.1787	936.64526	483.8889	865.55	349999	205.4397	67.84634	205.4394	67.846825	6.0029745	-205.93115	24.883463	0.082550205	-0.00024006987	3385.348920106888
71	2093.8147	1814.1758	4565.161	231.72815	2517.6382	1681.0938	4573.9463	221.89925	492.45456	599.85	354999	207.54633	68.426346	207.54628	68.428116	5.9962277	-208.02585	25.152313	0.083104394	0.00032976177	3434.9319953918457
72	1936.0042	1388.7709	3726.797	188.37442	3107.847	1274.1692	4462.9077	636.6364	468.8	753.05	359999	209.15605	68.62643	209.15625	68.62505	5.999365	-209.60344	25.310352	0.083719335	6.317637e-05	3484.6674795150757
73	3133.9648	1439.1416	4585.7773	745.5686	3266.8997	1348.2831	4591.273	631.7255	717.0	770.9	364999	210.5795	69.43772	210.5794	69.44023	6.000485	-211.02036	25.093956	0.084167495	-2.8300095e-05	3534.3765592575073
74	2397.249	1708.9552	4582.7983	591.85504	3486.7397	1056.1185	4527.196	983.4256	563.0	817.95	369999	212.0783	70.26654	212.07852	70.27041	6.007325	-212.50175	25.480782	0.08456398	-0.0006126569	3585.4231657981873
75	3531.473	1097.0066	4441.815	1503.3516	4213.015	112.39112	4468.4688	3968.1543	818.5	1000.0	374999	214.2886	70.813614	214.28798	70.815956	5.9942317	-214.71284	25.212864	0.08542052	0.0005033837	3637.4403290748596
76	2492.8652	1772.1188	4384.199	153.67088	3913.6265	1153.2522	4751.006	930.9268	619.75	876.15	379999	216.42523	71.41557	216.42564	71.415886	6.010988	-216.8331	25.367304	0.08624377	-0.00093630934	3688.23606300354
77	2464.4233	1668.9999	4494.5513	425.77985	3095.6953	1137.8794	4557.719	840.34143	589.0	728.55	384999	218.63545	72.24345	218.63472	72.24805	5.9939437	-219.05115	25.66663	0.085980795	0.0005389606	3737.919988155365
78	4277.362	167.10606	4422.001	3998.9885	4223.5493	460.40988	4549.198	2628.3667	990.4	965.55	389999	220.5806	73.180855	220.5802	73.1828	6.0016246	-220.97015	25.920881	0.08585835	-0.00012977672	3787.6004478931427
79	4104.329	562.04346	4471.8623	2988.6345	3179.0933	1369.9814	4433.3457	243.19826	942.8	751.85	394999	222.3334	74.09367	222.33395	74.09787	6.0022855	-222.7117	25.738804	0.087005	-0.00018719523	3837.351803779602
80	3674.8206	1158.6263	4385.901	1108.0564	4156.8794	653.8411	4657.462	1359.3615	868.8333	968.45	399999	224.82663	74.4547	224.82668	74.4572	5.9997826	-225.20993	25.995441	0.08713623	3.087063e-05	3889.184497117996
81	4038.9402	580.01825	4610.861	2952.289	3597.3657	864.3221	4549.045	1808.0317	929.2	850.85	404999	226.63388	75.38396	226.63353	75.387054	6.00425	-227.00865	26.047169	0.087702036	-0.00036867123	3941.2727382183075
82	3683.1477	1492.5387	4423.824	351.55127	3720.399	1411.9897	4923.7725	178.80621	856.3333	838.2	409999	228.8703	76.373	228.87025	76.375725	5.9961233	-229.23282	26.041012	0.08942603	0.0003552409	3991.5157322883606
83	3375.302	1639.4231	4610.1343	174.91887	4366.969	606.1332	4700.2686	1763.9739	776.2857	971.8	414999	231.0301	77.457306	231.02985	77.45956	6.003111	-231.38475	25.996546	0.08918948	-0.00026584667	4041.31880402565
84	3679.4597	1203.8008	4642.486	1518.1895	4525.7485	94.26145	4754.3926	4336.7563	825.6667	1000.0	419999	233.16174	78.24157	233.1616	78.24457	6.006474	-233.5046	26.303585	0.09032561	-0.0005749839	4091.0307841300964
85	3570.213	1633.1663	4612.825	44.46214	3697.9387	1095.0752	4612.542	1339.9442	800.0	828.55	424999	235.18005	78.94273	235.1802	78.94564	6.0008006	-235.51814	26.567125	0.092486136	-6.0355378e-05	4140.901198148727
86	3816.6377	1691.5159	4696.987	40.56541	4366.478	371.9553	4816.673	2973.9382	839.5	981.1	429999	238.0073	79.53398	238.00708	79.537094	6.000213	-238.34904	26.594807	0.09191254	-5.3693057e-06	4192.968057394028
87	2704.616	1734.8075	4730.005	47.490467	2083.4634	1710.9775	4519.9243	38.859528	611.625	499.95	434999	239.91643	80.41564	239.9161	80.418434	6.0013046	-240.2388	26.8604	0.09165272	-0.00010821979	4244.93897652626
88	2867.856	1847.3171	4504.167	258.09515	293.1243	20.300545	326.84436	262.74475	671.5	113.0	439999	241.85495	81.31542	241.8553	81.31775	5.995688	-242.15344	26.928913	0.09200233	0.0004097613	4290.2841584682465
89	3371.1238	1917.2932	4865.3394	36.091488	2517.517	1957.5044	4668.0757	241.9807	730.3333	563.05	444999	243.3468	82.14586	243.34656	82.14726	6.009931	-243.63557	27.013632	0.093889914	-0.0009151787	4339.897787570953
90	3179.8804	1913.161	4669.221	44.634483	4422.808	878.12994	4849.2607	621.36566	703.375	959.15	449999	244.824	82.452286	244.82428	82.45221	5.9968553	-245.10985	27.355944	0.095080264	0.00031276993	4389.3478055000305
91	2864.7026	1796.4774	4718.2183	264.4782	4439.3	346.22235	4812.499	3150.0999	640.75	977.9	454999	246.5427	82.93685	246.54305	82.93772	5.997683	-246.80765	27.448221	0.09352609	0.00023061268	4440.889463424683
92	3893.33	1403.4573	4666.2314	1089.3856	4391.578	578.0201	4699.205	2454.0906	863.2	956.3	459999	247.96487	83.44648	247.9648	83.447945	5.9991	-248.21194	27.376844	0.09348916	9.5360185e-05	4492.201457738876
93	4052.873	1067.477	4675.5947	1673.9021	2374.9758	1741.651	4789.418	610.97363	901.0	532.4	464999	249.70367	83.55257	249.70355	83.55397	6.0048046	-249.9631	27.439726	0.09400449	-0.00043787516	4547.240717411041
94	3842.4504	1184.1672	4651.816	1408.7916	4564.0884	85.41307	4716.652	4343.87	846.6667	1000.0	469999	251.3294	83.84743	251.32906	83.84954	6.0024276	-251.571	27.202665	0.093981065	-0.00021916366	4601.5242664813995
95	3850.362	1171.9756	4530.5537	1521.7097	4010.3413	1047.7125	4679.656	337.11392	874.2	918.7	474999	252.77188	84.12202	252.77232	84.12306	5.9926896	-252.99866	27.259863	0.09387448	0.00070202275	4655.623975992203
96	3577.6165	1473.2582	4628.5366	1021.76074	3853.9075	1364.8622	4756.3394	620.24133	804.4286	844.7	479999	254.25153	84.30255	254.25133	84.30445	5.9995875	-254.46954	26.838856	0.09313295	5.086026e-05	4709.348382472992
97	4513.5156	124.30271	4680.3374	4381.835	4492.8794	259.62296	4691.786	3449.5623	1000.0	988.0	484999	255.87523	84.5738	255.87543	84.57519	6.0016255	-256.0839	26.918638	0.09330328	-0.00013810386	4763.626834630966
98	3815.5442	1594.1571	4716.546	276.32123	3938.9836	1551.5244	4778.7324	246.6852	826.1667	863.25	489999	257.52814	84.64932	257.52786	84.65139	5.997035	-257.75266	26.982237	0.092790335	0.00028952907	4817.525672912598
99	4486.778	84.82557	4558.221	4320.8486	4490.8955	122.54988	4824.399	4303.606	1000.0	1000.0	494999	259.6148	84.89835	259.61484	84.9031	6.001661	-259.8441	26.762552	0.09397683	-0.00013773951	4866.947516441345
100	4223.066	473.91486	4620.25	3312.0615	4234.5596	723.4474	4593.557	1368.9863	943.2	950.1	499999	261.37714	84.953094	261.3767	84.95439	6.000898	-261.5834	26.785662	0.09354294	-6.920333e-05	4916.255697965622
101	3786.7285	1602.439	4599.963	212.91386	4476.1104	659.3848	4830.6025	1616.6776	838.3333	969.85	504999	262.99487	85.44963	262.99493	85.452995	6.003832	-263.2061	26.650326	0.093439795	-0.00034642004	4970.146368741989
102	3483.193	1606.471	4695.8	562.1298	4498.798	943.2319	4933.543	407.08136	771.3333	955.95	509999	264.82904	85.60998	264.82904	85.61327	5.9985213	-265.0273	26.5715	0.09323243	0.00015303669	5023.338139533997
103	4658.466	59.230873	4719.6475	4551.9336	4020.6746	1341.588	4839.104	759.40515	1000.0	870.25	514999	266.29147	86.17677	266.2914	86.17916	5.997496	-266.4901	26.515919	0.094197415	0.00024923927	5072.676035165787
104	4469.2285	532.4991	4772.1494	3282.754	4049.5894	1214.1392	4865.834	1409.1779	948.6667	860.45	519999	268.4529	86.134094	268.45312	86.14051	6.002166	-268.66556	26.17575	0.093237706	-0.00018972564	5123.65257191658
105	3437.2822	1650.3295	4674.7437	567.985	4649.8047	69.20858	4752.6655	4513.387	745.8333	1000.0	524999	270.33316	86.275375	270.33267	86.27992	6.001291	-270.532	26.250153	0.094177686	-0.00010734166	5175.595485210419
106	4709.41	139.14246	4940.9634	4538.5586	4241.336	819.4439	4967.554	3007.0046	1000.0	880.7	529999	271.90436	86.67389	271.9036	86.67664	5.995451	-272.10974	26.272243	0.09353252	0.00043995542	5225.905286312103
107	4632.61	152.4933	4771.082	4364.7095	3277.78	1631.1422	5042.3506	619.72894	1000.0	683.05	534999	273.8119	86.8875	273.81168	86.89144	5.998089	-274.00754	26.212831	0.09378906	0.00019106512	5275.485073566437
108	4682.374	77.60381	4739.6113	4528.929	4048.1785	1320.0858	4802.7583	278.87448	1000.0	889.1	539999	275.16403	86.82794	275.1642	86.83094	6.0027413	-275.38116	26.34937	0.09309745	-0.00024097264	5324.970446586609
109	4284.135	766.9834	4843.3037	2588.4316	4152.079	812.60974	4807.6284	1920.1564	930.0	906.9	544999	277.07608	86.80079	277.07574	86.80447	5.9994173	-277.2693	25.595144	0.09449696	6.665502e-05	5375.112274885178
110	4604.6904	54.53443	4677.2124	4516.4004	4197.924	1318.023	4850.1606	152.53406	1000.0	911.3	549999	278.0334	87.17582	278.03326	87.17973	6.003944	-278.1963	25.927637	0.09440486	-0.00035537686	5427.021999597549
111	4309.5674	579.2216	4677.968	3155.225	4808.2197	99.415016	4983.6353	4622.3057	940.8	1000.0	554999	278.8829	87.43619	278.88272	87.44018	6.001794	-279.02844	26.228222	0.095206454	-0.00015574902	5478.311065673828
112	3673.2825	1615.0402	4717.5503	356.9197	4670.2324	127.06837	5001.468	4436.1343	794.1667	1000.0	559999	280.6221	87.34073	280.62216	87.34364	5.9934163	-280.80136	25.530865	0.093923174	0.0006344287	5527.867961645126
113	4685.503	99.90786	4803.211	4535.7246	4021.7473	1517.0865	4971.6816	546.2315	1000.0	850.95	564999	282.04898	87.5667	282.04852	87.56757	5.9989123	-282.2338	25.377901	0.0921858	0.000112699294	5577.300976991653
114	4293.7656	939.5572	4838.658	2215.8552	4612.3354	499.42358	4955.215	2497.3333	902.0	977.0	569999	283.69406	88.06283	283.69427	88.06524	5.996834	-283.8472	25.168062	0.09174743	0.00030319465	5626.7226622104645
115	3637.121	1671.6744	4808.249	715.7075	4213.468	1463.3136	5052.6196	229.00926	773.3333	862.65	574999	285.05145	88.65124	285.0512	88.65381	6.004957	-285.21494	25.43515	0.092157185	-0.00043979674	5678.3096516132355
116	4374.583	764.6033	4784.4727	2669.667	4151.009	1640.0143	5047.2197	244.17015	933.0	862.0	579999	286.5176	88.843735	286.51736	88.8464	5.9996843	-286.6514	25.52191	0.09291903	4.26507e-05	5730.3192591667175
117	4876.646	67.66151	4977.821	4790.733	4847.4355	77.56038	4981.8022	4724.288	1000.0	1000.0	584999	287.16544	89.27991	287.16513	89.2825	6.0073123	-287.271	25.89455	0.09455088	-0.00067416945	5780.019526004791
118	4804.1665	95.760864	4948.3315	4661.657	4693.9624	1019.2174	5044.1826	268.1959	1000.0	954.2	589999	287.88278	89.320015	287.8824	89.32351	6.0039053	-287.9954	25.705515	0.09474893	-0.00036480874	5829.457232236862
119	3904.4734	1847.0417	4845.2256	210.45934	3136.713	2002.8032	5033.6025	253.42589	815.8	662.45	594999	289.12643	89.37161	289.12622	89.37402	5.9943094	-289.2453	25.413118	0.09425175	0.0005636114	5879.054820537567
120	4772.958	79.44507	4864.3237	4662.5137	4616.297	897.8967	4956.996	714.0615	1000.0	959.2	599999	290.55658	89.37806	290.5562	89.38188	5.9962497	-290.6687	25.693443	0.0934526	0.000367317	5929.540678262711
121	4715.918	98.51355	4874.1025	4590.1206	4081.0059	1621.8683	5026.855	780.93524	1000.0	842.75	604999	291.64877	89.69386	291.64816	89.697014	5.997871	-291.7566	25.43751	0.0930445	0.00021221233	5981.493305444717
122	4258.362	974.4441	5027.001	2469.227	4508.428	1167.2056	5008.409	227.60092	870.0	926.2	609999	293.07727	89.80336	293.07678	89.80637	6.003171	-293.1912	25.330269	0.09457345	-0.0002808968	6031.894361972809
123	3900.6482	1649.754	4835.646	264.75647	3892.8015	1755.0378	4992.6235	227.02994	820.5	824.55	614999	294.3463	89.53627	294.34653	89.54075	6.0008326	-294.4397	25.963556	0.09524226	-6.322873e-05	6081.32519030571
124	4752.063	107.00154	4953.6636	4648.638	3872.0	1805.1597	4867.8457	252.72221	1000.0	817.8	619999	295.68103	89.31447	295.6806	89.3183	6.0012174	-295.77075	25.18055	0.09534258	-0.00010170093	6130.845540046692
125	3911.4578	1332.5625	4864.653	1110.4464	4568.4243	422.35526	4835.104	2801.4043	838.0	977.45	624999	296.74887	89.59715	296.7487	89.60032	5.998927	-296.82324	25.274824	0.095315054	0.00011495812	6180.770669460297
126	4827.35	64.745	4935.585	4745.1025	4113.7324	1624.3197	4932.998	230.4131	1000.0	849.7	629999	297.6196	89.725464	297.61942	89.73097	6.0041127	-297.68744	25.430817	0.09572276	-0.00038014818	6232.673689126968
127	4369.7036	1007.3579	4981.489	2127.3252	4395.8354	1135.7325	5063.096	231.59239	911.8333	907.0	634999	298.40076	89.91553	298.40015	89.9199	5.9982038	-298.477	25.438074	0.096244834	0.00018540437	6284.2669451236725
128	4725.3354	54.450935	4796.679	4635.2397	4217.0195	885.3458	4790.91	934.2231	1000.0	925.5	639999	299.555	89.7827	299.55453	89.79034	6.0013666	-299.6354	25.798141	0.09650867	-0.00011589322	6333.820737838745
129	4706.018	128.30952	4864.078	4507.0317	4391.755	1089.5131	4958.8716	512.872	1000.0	922.9	644999	300.94724	89.52944	300.94666	89.533394	5.99819	-301.02094	25.234627	0.09554464	0.00018800129	6383.281384468079
130	4695.8345	107.696526	4802.4395	4522.36	4891.578	64.451866	5032.1313	4785.525	1000.0	1000.0	649999	302.19058	89.985	302.19006	89.98855	6.004393	-302.26334	25.037521	0.09442839	-0.0004078578	6432.73340511322
131	4737.2046	106.259056	4932.9023	4630.3804	4145.1147	1391.0394	4850.747	687.46704	1000.0	885.2	654999	303.0847	90.11027	303.08456	90.11174	6.001301	-303.1337	25.33633	0.0958207	-0.00011203976	6483.845095872879
132	3996.1726	1690.7688	4852.6353	218.7414	4507.5303	878.53296	4949.7153	2046.6622	846.8333	926.75	659999	303.99002	89.83333	303.9895	89.84088	5.9973373	-304.04807	25.432371	0.09536023	0.00027341308	6535.749014139175
133	4750.3506	168.3918	4974.189	4525.4614	2884.903	2196.832	4993.249	219.43211	1000.0	605.45	664999	305.02274	90.19664	305.02234	90.20209	5.9983454	-305.08264	25.102556	0.09418701	0.00017458716	6586.083563327789
134	3906.1965	1479.7633	4931.8506	633.076	4793.708	120.27471	4960.204	4503.5874	861.1667	1000.0	669999	306.12265	90.37482	306.123	90.377464	5.9987755	-306.17392	25.445196	0.09489559	0.00013211412	6635.616398572922
135	3953.5671	1846.7574	4933.097	261.39633	4805.5684	55.737865	4897.53	4703.3135	817.0	1000.0	674999	306.73392	90.64817	306.73413	90.65232	5.995495	-306.77765	25.10124	0.09464553	0.00043507694	6684.9870228767395
136	4310.196	716.1703	4957.602	3036.3003	4827.6587	53.4569	4925.806	4667.3003	906.5	1000.0	679999	308.30832	90.72792	308.30862	90.73056	5.992764	-308.3676	25.238268	0.09188032	0.000675268	6734.921968221664
137	4774.081	58.418987	4846.935	4692.907	4608.3755	584.6483	5016.3765	3185.0715	1000.0	940.95	684999	309.43066	91.49433	309.43024	91.49724	6.005983	-309.4553	24.882532	0.092708446	-0.0005329373	6786.798149108887
138	4848.053	93.643364	4988.6133	4739.666	4667.796	561.08453	4958.4927	2246.993	1000.0	975.3	689999	310.12756	91.67435	310.12732	91.67742	5.999047	-310.15854	24.88321	0.09354679	0.000103162216	6838.2127821445465
139	4799.093	110.73961	4957.181	4637.283	4815.9854	47.006245	4912.403	4740.9414	1000.0	1000.0	694999	311.0621	91.94911	311.06195	91.95327	6.0060024	-311.07977	24.647491	0.09331639	-0.0005462545	6887.662341833115
140	4374.1704	700.7007	4817.1997	2977.5588	4647.3794	147.41519	4947.5747	4404.958	929.2	995.05	699999	311.89685	91.79022	311.8971	91.7929	5.99807	-311.9197	24.740425	0.09407175	0.00019712387	6937.157534360886
141	4871.1436	73.85438	4955.761	4738.7627	3843.58	1842.1346	5096.5405	229.26927	1000.0	799.85	704999	313.09802	91.45427	313.09787	91.4573	5.994872	-313.12897	24.330599	0.09336329	0.00048868044	6986.620762586594
142	4766.345	242.37134	5031.3027	4270.607	4530.2964	1262.7478	5069.1045	713.26227	978.5	919.45	709999	314.337	91.45357	314.33676	91.45719	6.00335	-314.3716	24.357067	0.09445502	-0.00029753504	7037.994477272034
143	4916.617	104.47875	5043.082	4790.242	4233.7085	1676.4661	5107.688	231.59799	1000.0	862.25	714999	315.4394	91.34654	315.4395	91.350876	6.00108	-315.4604	23.86938	0.09330143	-8.691364e-05	7090.051894187927
144	3914.725	1823.9781	4941.474	272.57108	4823.9707	424.38104	5140.3096	3067.6372	817.4	983.0	719999	316.62738	91.39713	316.6273	91.4005	5.995951	-316.65268	23.921028	0.092622876	0.0003864127	7140.491463661194
145	4886.798	112.83787	5041.198	4749.9907	4470.7495	1489.7698	5160.3374	266.22244	1000.0	886.5	724999	317.8449	91.41975	317.84464	91.42378	6.0023003	-317.8653	23.915487	0.09246301	-0.0001990468	7190.086757898331
146	3574.2124	2093.2808	4987.4263	251.13077	966.28613	1669.2601	5067.045	253.51726	738.2857	218.7	729999	319.02664	91.463196	319.02676	91.465294	5.998625	-319.0462	24.046505	0.09316786	0.00014336391	7239.768025875092
147	2846.4536	2300.8147	4968.2847	230.15285	4898.466	532.9804	5107.69	2584.3267	594.7778	976.8	734999	320.17838	91.31593	320.17792	91.32004	6.0071507	-320.20865	24.022438	0.0927401	-0.00065623526	7289.361320257187
148	4849.288	81.57833	5004.443	4780.148	5020.9326	91.58504	5188.0674	4831.367	1000.0	1000.0	739999	321.01895	91.22993	321.0192	91.23512	5.994362	-321.03006	23.59318	0.09220188	0.0005467464	7341.324439525604
149	4894.1665	71.23368	5019.2065	4823.1045	4614.034	1204.4437	5148.4346	268.02896	1000.0	923.95	744999	321.7334	91.49136	321.7328	91.49538	5.994428	-321.7425	24.049788	0.09242871	0.0005243156	7393.182843923569
150	4868.4443	17.369612	4889.6147	4842.52	4801.171	701.14197	5120.6987	2017.5829	1000.0	959.7	749999	322.617	91.75575	322.61688	91.75909	6.005054	-322.60214	23.891813	0.0930474	-0.00044714723	7442.816742658615
151	4864.6963	106.151764	5007.9233	4735.473	4884.0635	42.477386	4965.4316	4805.089	1000.0	1000.0	754999	322.77695	92.19476	322.7766	92.19922	6.0056205	-322.7636	23.808249	0.09317862	-0.0005115508	7492.422173023224
152	4864.927	131.47426	5012.156	4618.1777	2561.9243	2294.7148	4884.3574	40.233284	1000.0	560.05	759999	323.6805	92.27108	323.68027	92.2764	5.9972935	-323.66693	23.785471	0.09217693	0.0002690054	7542.022668361664
153	4905.065	74.57406	4982.4346	4780.445	4909.233	428.57965	5187.392	3463.927	1000.0	973.6	764999	324.44678	92.58345	324.4467	92.58647	5.9985437	-324.42526	24.173075	0.09411426	0.00015012779	7592.584367513657
154	4402.923	761.0053	4948.6055	2874.97	4935.616	71.4837	5059.998	4817.6533	902.5	1000.0	769999	324.8992	92.75056	324.89966	92.7548	6.0012	-324.85297	23.924196	0.09350962	-0.00010073054	7644.5441064834595
155	4931.5444	90.59214	5056.5547	4798.364	4928.1895	52.229702	5034.819	4834.683	1000.0	1000.0	774999	325.50793	92.54585	325.5076	92.548256	5.9985533	-325.4849	23.932764	0.09383087	0.00014826274	7695.58517241478
156	3943.2375	1834.778	4964.255	277.86377	4513.7505	986.2211	5118.701	690.3182	818.4	940.9	779999	326.89313	91.945145	326.8929	91.94858	5.996888	-326.865	23.9411	0.091928884	0.00029961797	7745.17936873436
157	4874.7104	51.200676	4974.2344	4830.23	4871.637	54.66192	4950.5117	4696.59	1000.0	1000.0	784999	327.94113	91.90558	327.9409	91.910126	6.00181	-327.91104	23.338173	0.09239455	-0.00015178368	7794.873776674271
158	4897.3306	54.14236	4975.456	4825.5283	4993.3467	75.49773	5181.828	4846.255	1000.0	1000.0	789999	328.69766	92.30195	328.69736	92.30566	5.992846	-328.6637	23.08958	0.09096931	0.0006617877	7844.345608472824
159	3563.566	2086.296	4956.812	261.3644	4900.8667	73.55747	5047.2886	4757.7417	737.7143	1000.0	794999	329.51224	92.680115	329.51193	92.68255	6.0127797	-329.4704	23.337872	0.09188341	-0.0011615193	7895.853787183762
160	4900.554	69.344315	5009.812	4824.9272	4960.544	61.561752	5059.4404	4833.694	1000.0	1000.0	799999	330.43665	92.40275	330.4363	92.40829	5.9911966	-330.3971	23.067928	0.09250825	0.0008291114	7947.8276579380035
161	4039.13	1794.3047	5030.411	38.22459	4690.655	1138.6113	5198.8916	270.9934	839.6667	932.3	804999	331.48856	92.30881	331.48828	92.311516	5.9984484	-331.46634	23.291153	0.091396116	0.00015310678	7997.817497253418
162	4977.91	35.751537	5024.19	4928.477	4890.552	1057.0082	5221.9595	289.50143	1000.0	954.6	809999	332.47366	92.5	332.47336	92.50268	6.003711	-332.45294	23.124252	0.09035061	-0.0003234705	8047.348083019257
163	3879.28	1750.4902	4968.9688	46.927967	4521.4204	1109.8491	5123.8623	1355.7363	800.2857	918.05	814999	333.70956	92.449326	333.70984	92.452415	6.0025897	-333.67126	23.05484	0.09104852	-0.00022208094	8096.902835607529
164	4920.654	45.358524	4983.8438	4846.6675	4765.8706	524.6347	5006.187	2501.7537	1000.0	976.15	819999	334.16766	92.793594	334.16724	92.79814	5.9970894	-334.1212	23.163685	0.0915764	0.00028319017	8146.965403795242
165	4079.923	1760.9489	5083.1265	560.62683	4787.6313	770.1827	5091.6816	1443.1736	834.6	966.85	824999	335.07043	93.12774	335.07016	93.13218	6.0019717	-335.02887	23.176573	0.09157029	-0.0001684825	8198.795318126678
166	4872.297	134.84111	5118.9434	4718.575	4754.538	486.01007	5092.486	2892.1538	1000.0	968.25	829999	335.95605	92.97468	335.9559	92.97624	5.994788	-335.91797	23.436655	0.09169649	0.0004894891	8250.374997615814
167	3531.1492	2215.7546	5136.5405	-14.872217	4656.2573	839.4015	5056.854	1674.7678	738.4286	948.8	834999	337.25836	92.53274	337.25806	92.53482	6.001633	-337.2282	23.783928	0.090895906	-0.00013568335	8299.98555970192
168	1449.663	2187.009	5004.2236	-29.995367	19.954308	197.57814	877.18256	-91.21228	351.35715	155.9	839999	338.14844	92.54986	338.14774	92.55148	6.0015926	-338.091	24.93541	0.09083053	-0.00013298953	8349.865374565125
169	2383.4565	2322.6233	4905.0015	50.32276	4721.6904	875.88464	5215.563	1161.392	525.4	943.8	844999	337.944	93.08737	337.94434	93.088844	6.0025635	-337.85016	25.274958	0.091575675	-0.00022173175	8399.371684074402
170	4907.835	111.349754	5079.043	4792.813	5050.655	41.206657	5151.491	4959.0874	1000.0	1000.0	849999	337.48334	93.95699	337.48325	93.95782	5.9970574	-337.38065	25.03365	0.09146812	0.000285069	8450.110145807266
171	4905.3174	90.8282	4984.035	4733.8804	4952.43	48.66911	5020.182	4820.3267	1000.0	1000.0	854999	337.8719	94.22889	337.87192	94.23175	5.9974637	-337.77225	24.267206	0.09027376	0.0002446086	8502.031632900238
172	4958.748	71.97886	5072.3433	4869.2134	4744.16	617.2917	5153.7656	2206.5586	1000.0	961.7	859999	338.14386	94.58932	338.1433	94.59364	6.0056853	-338.03915	23.984287	0.091532655	-0.0005071816	8552.664437055588
173	4971.673	139.95705	5100.9653	4790.421	4774.776	477.6661	5052.6733	2797.8748	1000.0	972.55	864999	338.26556	95.13548	338.26584	95.13797	5.996274	-338.15524	24.019423	0.09180712	0.00035685592	8602.226370811462
174	4637.544	648.45636	5030.2827	3345.979	4781.5825	605.2636	5055.1074	2402.0012	935.0	962.65	869999	338.62152	95.36758	338.62155	95.36974	6.001323	-338.5195	23.474066	0.09172853	-0.000106372296	8651.642695188522
175	4643.7954	653.3258	5148.4854	3273.3774	5010.043	145.62581	5193.4478	4517.364	946.8333	996.1	874999	339.1153	95.128914	339.1152	95.132904	5.997098	-339.01965	23.306843	0.0920352	0.00027787127	8701.05942082405
176	4925.891	60.924305	4994.106	4833.995	5128.1626	84.6915	5327.035	4992.2183	1000.0	1000.0	879999	339.86584	94.93306	339.86572	94.93579	5.9999657	-339.75873	23.33046	0.09194799	1.7736482e-05	8752.94393658638
177	4180.424	1751.493	5097.7744	267.70535	4815.871	620.41296	5220.5327	2655.0342	846.8333	949.75	884999	340.61096	95.144325	340.61108	95.14826	5.9996004	-340.5093	22.67368	0.091160126	5.0199735e-05	8804.968542575836
178	5043.221	76.78454	5168.8906	4961.2876	5011.2812	58.94191	5127.4043	4894.713	1000.0	1000.0	889999	341.45206	95.38092	341.4518	95.3842	6.005873	-341.3405	22.670868	0.09056171	-0.0005238389	8854.533969640732
179	4965.1084	132.23877	5213.9927	4852.136	4864.2964	207.16168	5021.072	3999.9724	1000.0	990.8	894999	341.99677	95.6874	341.9969	95.69189	5.9905386	-341.89417	22.827518	0.0901802	0.00087087514	8904.090901374817
180	4997.63	99.44377	5127.7173	4820.474	4516.7163	865.79236	5125.864	2646.8176	1000.0	903.45	899999	342.9117	95.5264	342.91165	95.52991	6.0023737	-342.80753	22.317274	0.08999902	-0.00019859018	8953.62510585785
181	4501.1997	495.92343	4951.312	3720.1973	5043.0566	476.97772	5339.4995	2988.2852	919.2	980.75	904999	343.92648	95.37521	343.92575	95.37883	5.998473	-343.8301	22.494507	0.08850916	0.00015057085	9004.129028081894
182	4203.8145	1612.5459	5082.188	603.1674	5009.214	95.75541	5193.5522	4786.0728	860.8333	1000.0	909999	345.2122	94.95209	345.21222	94.955086	5.9987597	-345.1278	22.251314	0.0886759	0.00012306121	9056.102431297302
183	4254.702	1187.809	4931.6973	1882.6722	4817.032	849.97076	5145.169	1143.0496	883.0	959.75	914999	346.28458	95.01268	346.28464	95.01655	6.0002675	-346.1912	22.392717	0.08956286	-1.0658765e-05	9107.15469288826
184	4922.622	62.19991	5007.6357	4842.932	5008.143	108.56962	5197.606	4815.7046	1000.0	1000.0	919999	346.9868	94.82022	346.98645	94.8246	6.003529	-346.88785	22.386509	0.0891865	-0.00029962003	9156.67615389824
185	4684.7886	570.3383	5114.2017	3440.333	5073.69	86.06152	5316.073	4871.3164	946.3333	1000.0	924999	347.50226	94.73845	347.50214	94.74195	5.9980555	-347.38486	22.398643	0.08944312	0.00018723962	9206.301557064056
186	3327.4421	2058.7307	5169.95	262.3132	4167.195	1556.663	5107.372	724.7074	676.4286	838.35	929999	347.79306	94.68461	347.79248	94.689095	6.002739	-347.66074	22.808882	0.090529904	-0.00023016856	9255.752911567688
187	4907.956	97.36443	4964.48	4713.5254	5046.2295	42.761406	5098.59	4943.418	1000.0	1000.0	934999	347.87134	95.17759	347.87134	95.181244	5.9990377	-347.75165	22.40633	0.0886893	9.912915e-05	9307.09481716156
188	5064.1313	45.29999	5143.684	5016.1924	4948.681	131.58568	5171.059	4623.8325	1000.0	1000.0	939999	348.797	95.2256	348.79752	95.23062	6.0001326	-348.6893	22.486837	0.088772446	-3.8614274e-07	9359.01477098465
189	4972.563	59.306156	5074.3	4905.7036	4713.2236	441.39252	5117.6987	3667.0952	1000.0	955.15	944999	349.3649	95.26271	349.3644	95.26716	5.9995713	-349.2345	22.505213	0.089756995	5.4124022e-05	9409.155443429947
190	5012.052	61.202435	5096.3154	4937.0913	4323.9976	944.49304	5306.6914	2460.5752	1000.0	858.9	949999	349.57874	95.05077	349.5785	95.05686	5.998162	-349.44104	22.577896	0.08987976	0.0001781523	9458.689257383347
191	4940.624	125.45639	5081.08	4742.536	5102.4897	213.46683	5270.328	4231.847	1000.0	991.55	954999	349.7794	95.26399	349.77948	95.266716	5.997624	-349.6325	22.239502	0.0895405	0.00022449836	9508.249846696854
192	4599.517	871.3054	5051.444	2857.065	4894.9434	400.146	5112.86	3201.4172	917.2	979.65	959999	350.31265	95.44278	350.31256	95.44667	6.008173	-350.1722	22.66704	0.089099735	-0.00072166126	9558.00912475586
193	4910.6406	77.70229	5011.6465	4827.126	4788.4526	465.91885	5195.5205	3325.794	1000.0	964.35	964999	350.91086	95.38217	350.9106	95.38388	6.002207	-350.77414	22.478956	0.09076177	-0.00019054403	9609.909942388535
194	4914.328	74.24504	5040.4126	4842.9316	4993.4473	328.88544	5347.8555	3745.6199	1000.0	979.95	969999	351.61636	94.99184	351.61697	94.994	5.9936132	-351.47064	22.344692	0.09050543	0.0005973292	9661.940158605576
195	4943.297	67.51647	5039.49	4836.261	5015.983	103.67242	5201.2026	4790.4062	1000.0	1000.0	974999	352.09604	95.06655	352.09546	95.06957	5.9991703	-351.9342	22.278278	0.088904284	8.777034e-05	9711.626167058945
196	4478.231	698.18164	5046.3696	3211.8098	4302.45	968.0473	5265.2837	2487.3625	905.6667	849.25	979999	352.5602	95.22481	352.5605	95.22688	6.0032988	-352.4108	22.188969	0.08998863	-0.0002850491	9761.185957431793
197	5000.992	69.863075	5085.709	4912.71	4754.209	387.29257	5054.954	3471.2668	1000.0	967.4	984999	352.7455	95.619965	352.74536	95.624115	6.0009203	-352.5663	22.488422	0.091112204	-6.821671e-05	9810.794090509415
198	5031.1924	121.41092	5222.5483	4851.218	4875.9033	426.14102	5165.0273	3230.8906	1000.0	974.1	989999	353.24237	95.68166	353.24268	95.68279	5.990625	-353.10095	22.245422	0.09043822	0.0008555525	9861.065402269363
199	4122.843	1787.9082	5021.587	128.04779	4776.396	325.89798	5034.8745	3425.6494	848.8333	986.65	994999	353.98126	95.608665	353.98126	95.61061	6.009326	-353.81674	22.198828	0.09060789	-0.0008199526	9912.913596630096
200	5050.7725	54.817886	5149.9746	5002.75	4849.55	926.6129	5245.0293	833.9474	1000.0	960.55	999999	354.51923	95.97804	354.5193	95.98233	5.9983993	-354.34875	22.613441	0.0907628	0.00016002095	9964.229320287704
