Epoch	AverageEpRet	StdEpRet	MaxEpRet	MinEpRet	EpLen	AverageVVals	StdVVals	MaxVVals	MinVVals	TotalEnvInteracts	PolicyLoss	ValueLoss	Entropy	AvgKL	StopIter
1	-94.053314	6.628504	-83.21908	-101.42135	1000.0	0.026140539	0.39787662	1.4131182	-2.1959126	5000	-0.092502676	25.577057	1.9720933	0.027469885	79.0
2	-88.37746	15.496618	-69.46736	-115.72057	1000.0	-8.34887	1.7375039	-0.98702407	-15.745482	10000	-0.10567207	11.9201145	1.9563441	0.01868878	79.0
3	-88.80717	19.525343	-60.482887	-119.64743	1000.0	-8.90729	1.1872871	-2.1478503	-13.082072	15000	-0.101364724	13.931171	1.9323183	0.021467417	79.0
4	-103.580795	72.07609	-45.61142	-243.75996	1000.0	-6.636964	3.895525	1.2077459	-17.328957	20000	-0.11148161	35.06665	1.8664924	0.013769778	79.0
5	-85.45632	44.262276	-34.009647	-148.68263	1000.0	-7.190497	1.7479341	-1.264353	-16.890759	25000	-0.10028188	51.174488	1.8810757	0.011716559	79.0
6	-67.36571	32.999634	-26.431944	-108.09297	1000.0	-7.998197	3.0254364	-1.1309495	-32.131786	30000	-0.10453712	29.77154	1.8728774	0.023644503	79.0
7	-82.15478	70.661934	-25.756876	-221.67772	1000.0	-6.372241	2.3861089	-1.9244859	-25.485592	35000	-0.09536439	64.05095	1.858627	0.0060495962	79.0
8	-23.629444	16.077055	2.3761518	-46.7431	1000.0	-5.249731	3.4776444	-0.365358	-35.53568	40000	-0.0958054	12.885273	1.8494062	0.047369532	79.0
9	-18.19153	19.658363	16.515696	-42.299484	1000.0	-2.9357216	1.0568038	2.1060247	-12.523331	45000	-0.10915463	12.349139	1.801466	0.031239236	79.0
10	22.311203	19.579224	56.508762	-4.6550303	1000.0	-1.6698512	0.91409105	2.7728806	-14.81249	50000	-0.10828589	15.085101	1.7703747	0.03400358	79.0
11	-35.689648	61.10257	35.040398	-145.24623	1000.0	1.2584317	1.5212643	5.3888974	-12.817155	55000	-0.09686524	57.13065	1.7226398	-0.0030259548	79.0
12	30.596508	29.14551	72.74117	0.036932394	1000.0	-0.6225079	5.986172	5.6948614	-45.469193	60000	-0.0964664	44.984093	1.6975352	0.03704522	79.0
13	45.41092	23.84386	73.28275	9.7723255	1000.0	3.3122566	2.133053	10.184277	-19.394354	65000	-0.1093157	20.50746	1.6516211	0.0352883	79.0
14	55.54014	35.9087	115.82997	3.6852489	1000.0	5.0995755	2.3131323	10.52478	-13.172788	70000	-0.1116076	26.517756	1.6030785	0.042177696	79.0
15	66.206764	39.07409	113.28666	5.1893387	1000.0	5.45253	2.0106595	14.466874	-6.829398	75000	-0.099082805	49.39486	1.5323932	0.0076230844	79.0
16	78.13022	26.95765	97.99612	26.959726	1000.0	7.787616	4.1802073	15.777778	-20.667587	80000	-0.107021876	47.982395	1.4962372	0.04644035	79.0
17	80.80449	38.95304	137.32878	29.45467	1000.0	7.539971	4.0478163	16.824633	-14.357364	85000	-0.1114422	46.64905	1.4283725	0.02518304	79.0
18	116.326866	58.052715	206.17061	50.743958	1000.0	9.961503	6.388063	20.573818	-31.779964	90000	-0.10208311	56.5805	1.3951359	0.03195116	79.0
19	124.464584	67.47637	213.26237	9.966335	1000.0	12.04969	7.6969986	25.783207	-24.262438	95000	-0.10573339	90.32258	1.3441131	0.039592467	79.0
20	146.10039	53.44369	207.2169	45.989162	1000.0	15.296953	6.197357	25.86254	-29.737959	100000	-0.10575547	52.39155	1.2932564	0.035402592	79.0
21	172.82468	43.213963	233.45984	109.346535	1000.0	16.708738	3.7688742	24.77756	-20.599615	105000	-0.10861039	45.232174	1.2353896	0.039785556	79.0
22	184.36261	40.453587	249.1142	141.96825	1000.0	16.970224	3.315234	27.04183	0.5674797	110000	-0.11270985	46.24932	1.1571679	0.028456667	79.0
23	203.88217	53.081158	296.84918	147.20409	1000.0	19.535244	5.675288	29.942987	-6.840065	115000	-0.108884595	72.56998	1.104766	0.03212603	79.0
24	-17.062567	317.26828	272.73004	-422.8906	1000.0	23.40672	6.556117	54.873814	-0.67432874	120000	-0.13361733	214.97935	0.8363292	0.027291808	79.0
25	188.0555	98.175125	282.74283	15.758997	1000.0	17.053839	17.743492	40.381557	-51.15561	125000	-0.117766164	120.33143	0.94804084	0.048902817	79.0
26	286.67047	35.637386	340.89056	235.27017	1000.0	23.589516	5.210439	36.262547	-31.778355	130000	-0.11435742	50.631313	0.9343682	0.049714226	79.0
27	240.5684	38.361168	300.45352	200.96642	1000.0	27.695152	4.331323	40.288322	3.0318098	135000	-0.11232341	101.13588	0.86513186	0.015134352	79.0
28	254.8082	150.97691	334.3007	-47.02037	1000.0	22.239841	15.957693	39.861813	-41.64053	140000	-0.113594666	49.73874	0.7022661	0.02946239	79.0
29	296.00974	38.50207	328.9202	225.86398	1000.0	31.658579	3.62239	48.351074	0.83187085	145000	-0.11513227	76.8463	0.70179904	0.026480347	79.0
30	314.5744	67.55055	390.05005	227.41394	1000.0	30.213076	5.0310874	43.698452	2.7946646	150000	-0.11136555	133.52817	0.6315001	0.026468085	79.0
31	384.75055	49.860855	453.67316	313.82944	1000.0	33.8004	5.8196645	47.98484	-5.079963	155000	-0.114416085	64.35206	0.54606575	0.0385784	79.0
32	450.8983	30.560932	494.2711	402.34937	1000.0	40.538544	3.7401342	54.60743	19.563303	160000	-0.12008331	47.722126	0.48350215	0.052314393	79.0
33	346.0655	100.08414	467.72443	169.4493	1000.0	43.672443	6.9577446	64.81717	-23.954813	165000	-0.11067206	185.67854	0.37883678	0.011108114	79.0
34	417.3	45.387608	469.454	342.6519	1000.0	38.22099	8.849935	52.2411	-12.965711	170000	-0.114290565	124.31117	0.34260976	0.039628867	79.0
35	259.3282	183.38535	498.80057	53.70823	1000.0	27.247288	28.917189	56.548	-42.658035	175000	-0.11735913	156.44487	0.14121492	0.02606076	79.0
36	490.3554	39.46767	518.2069	413.4234	1000.0	40.426476	5.7936335	53.540302	11.299797	180000	-0.12171313	50.25022	0.17622703	0.057923537	79.0
37	347.47028	273.17908	528.10547	-195.27937	1000.0	46.90176	8.98636	67.39548	-8.476448	185000	-0.10995873	184.95575	0.037556417	-0.011661663	79.0
38	449.1314	81.81124	561.3915	347.3469	1000.0	47.3114	8.329189	60.481426	2.4812338	190000	-0.10394784	145.30812	0.06367047	0.025464619	79.0
39	47.567467	380.85876	535.78467	-341.82675	1000.0	22.923548	28.080841	63.325974	-36.233078	195000	-0.12392578	207.60452	-0.25669187	0.04014785	79.0
40	509.4251	33.85297	566.2116	467.31503	1000.0	45.803123	14.396737	66.04617	-48.10083	200000	-0.11590134	142.1813	-0.11079122	0.045967154	79.0
41	530.8667	60.803406	599.8395	426.68198	1000.0	52.019783	6.4480352	64.58165	13.90623	205000	-0.11529581	127.35977	-0.18188865	0.035544697	79.0
42	541.45654	82.12046	625.72797	385.81686	1000.0	53.65998	7.741163	68.11637	10.793377	210000	-0.111861184	138.3555	-0.25983882	0.037045293	79.0
43	530.42236	71.30594	605.74554	442.01746	1000.0	54.308495	17.490673	72.23297	-36.96277	215000	-0.11524763	159.53667	-0.33159697	0.04169618	79.0
44	576.84045	89.771904	688.1245	432.44464	1000.0	55.305225	7.3084435	69.56704	10.699079	220000	-0.11598852	124.87923	-0.4014366	0.037194073	79.0
45	609.1608	33.330673	662.28546	567.2733	1000.0	60.88825	7.7109222	76.26589	19.835333	225000	-0.11277272	125.274124	-0.46258307	0.04186333	79.0
46	573.4706	145.11302	705.48413	292.83203	1000.0	60.061	9.878951	75.8822	16.25209	230000	-0.111460745	259.7474	-0.563927	0.04070874	79.0
47	683.2339	49.830498	743.36975	606.29205	1000.0	61.321068	9.685966	77.51789	-21.071394	235000	-0.10846863	104.24922	-0.6265039	0.052214056	79.0
48	355.69446	370.6645	736.3423	-250.45384	1000.0	43.354992	39.292324	83.690765	-35.79569	240000	-0.11685051	199.3435	-0.7788981	0.03824945	79.0
49	672.1765	38.142563	708.64	610.582	1000.0	62.48	5.7219653	77.50939	26.874088	245000	-0.115541555	50.407658	-0.72863966	0.048280437	79.0
50	598.8455	243.3156	801.72784	139.85152	1000.0	60.98447	24.086033	80.5271	-32.819847	250000	-0.10956632	243.10667	-0.8623178	0.010404591	79.0
51	785.8328	50.382435	861.2134	713.18066	1000.0	68.99108	7.5299745	84.16027	7.960211	255000	-0.1124959	90.49315	-0.9239822	0.07085312	79.0
52	628.09045	253.35168	791.72906	125.356735	1000.0	64.52645	35.575058	95.81532	-41.35668	260000	-0.10646193	120.6775	-1.0036012	0.03175916	79.0
53	743.0457	73.449554	858.47687	667.577	1000.0	74.88979	6.6255407	88.574196	5.8289976	265000	-0.11691257	183.91576	-1.0574902	0.04091779	79.0
54	645.9779	309.75415	876.99457	37.419838	1000.0	62.34435	36.52252	94.85442	-46.896755	270000	-0.113643594	176.99875	-1.1485615	0.027932314	79.0
55	850.4222	56.389538	908.13116	759.14044	1000.0	78.90269	7.3442807	94.95834	24.633501	275000	-0.11387673	162.95628	-1.1858842	0.047611997	79.0
56	735.46747	207.07361	919.6963	345.52475	1000.0	83.283264	10.483575	109.34023	35.837982	280000	-0.11977509	322.26733	-1.2508863	0.04999508	79.0
57	761.1466	223.50226	937.86383	321.51328	1000.0	67.87806	34.786625	98.29431	-47.02334	285000	-0.11141157	141.1843	-1.3323934	0.053888097	79.0
58	808.7079	84.10316	935.78986	682.9487	1000.0	84.66425	6.150818	97.88587	46.951763	290000	-0.112702586	238.47165	-1.3831341	0.032068107	79.0
59	641.2977	366.82938	1007.68854	73.24318	1000.0	63.208874	44.18212	101.508965	-50.9556	295000	-0.10939248	434.89975	-1.5189813	0.02656759	79.0
60	686.5683	285.2548	925.77264	246.45316	1000.0	64.24697	43.81591	121.6329	-52.254993	300000	-0.11366194	273.42697	-1.5450215	0.053115893	79.0
61	744.9284	240.74745	952.8558	276.71625	1000.0	73.57766	38.397694	113.79589	-53.574745	305000	-0.114517175	195.62857	-1.5741885	0.0475924	79.0
62	983.92004	48.308784	1042.2849	930.0358	1000.0	87.348015	6.958449	108.150154	17.943098	310000	-0.05934802	132.72496	-1.5987484	0.075541824	15.0
63	655.3125	417.80173	918.6295	-173.00845	1000.0	72.9636	48.943634	122.94986	-50.464947	315000	-0.11376091	198.62662	-1.6686513	0.020791726	79.0
64	947.87744	57.977592	1036.4847	853.355	1000.0	88.18336	5.6677403	102.63764	56.840157	320000	-0.11772724	79.30348	-1.6956153	0.0604873	79.0
65	700.33093	322.5096	984.96936	231.93895	1000.0	73.611855	43.487328	113.64654	-31.909164	325000	-0.10416978	250.24298	-1.8098985	0.02316899	79.0
66	982.4624	17.049435	1006.7923	963.11316	1000.0	89.5055	7.757549	106.21166	9.3053665	330000	-0.11236421	80.23629	-1.8320471	0.06838567	79.0
67	808.775	395.99933	1053.1593	20.906534	1000.0	98.734535	6.655736	122.0407	41.591778	335000	-0.120815024	476.2361	-2.0120664	-0.013441466	79.0
68	923.14355	214.04674	1090.832	501.9259	1000.0	89.567116	27.427122	119.89918	-15.674446	340000	-0.11187461	230.6646	-2.0167186	0.058743995	79.0
69	985.57733	63.4123	1049.2634	905.06946	1000.0	98.890915	8.11782	120.54779	39.487293	345000	-0.09656549	116.382065	-2.011644	0.076892726	49.0
70	985.25134	50.83795	1051.3469	917.7008	1000.0	99.68227	7.0421634	123.324684	22.578602	350000	-0.033012383	123.26345	-2.0311985	0.075287625	11.0
71	932.69354	338.49918	1158.4031	258.94617	1000.0	86.176384	42.62415	114.15738	-58.67471	355000	-0.09768007	200.01587	-2.1759825	0.037063826	79.0
72	911.1647	359.13678	1154.1654	206.94878	1000.0	89.61145	46.94818	130.6761	-62.775543	360000	-0.100932874	207.91168	-2.235776	0.04613921	79.0
73	1051.129	39.13393	1115.9585	1013.11725	1000.0	105.327034	9.346525	123.06199	25.416311	365000	-0.08624629	214.5876	-2.267812	0.08200786	60.0
74	1060.5217	105.01142	1152.0322	856.0382	1000.0	106.34535	8.814313	126.20824	56.24284	370000	0.03570426	207.80283	-2.2508192	0.07942377	1.0
75	746.9921	317.1109	1055.3301	181.92574	1000.0	79.70269	52.108517	128.44756	-40.960007	375000	0.04068525	392.68356	-2.310732	0.08312342	1.0
76	603.1846	479.0498	1071.7166	-94.61013	1000.0	52.166245	62.03643	119.18065	-52.244667	380000	-0.10483611	256.37817	-2.4056902	0.03309698	79.0
77	640.59424	443.616	1050.8527	70.88238	1000.0	76.083336	45.279728	121.052605	-50.021545	385000	-0.11832229	447.9888	-2.4760916	0.026875189	79.0
78	1027.0402	140.38399	1172.5309	812.0491	1000.0	89.14375	28.010466	117.40138	-44.93144	390000	-0.10716116	265.8236	-2.4796169	0.04576475	79.0
79	850.5918	484.56537	1218.7782	-103.9389	1000.0	81.72204	52.579967	124.43049	-60.52177	395000	-0.05693445	249.1085	-2.466016	0.0812538	18.0
80	1044.8619	57.518284	1151.492	990.83136	1000.0	104.64998	21.462965	127.3031	-43.215717	400000	-0.10989326	240.7875	-2.5370073	0.048432343	79.0
81	899.4746	383.9507	1180.1431	139.38185	1000.0	87.06836	46.10898	125.09023	-42.902275	405000	-0.108979836	231.3047	-2.6530235	0.03469054	79.0
82	623.7256	576.62604	1207.7302	-113.58115	1000.0	59.104862	64.70929	126.90548	-51.705746	410000	-0.09579623	355.08084	-2.761665	0.02424789	79.0
83	1113.4158	23.567642	1140.8689	1083.7489	1000.0	106.8068	12.234292	132.18243	7.1891007	415000	-0.068965904	186.8993	-2.7189925	0.07662711	20.0
84	1094.2092	78.58563	1235.584	1001.8489	1000.0	113.01711	9.230775	141.14473	62.49985	420000	-0.05075279	199.07619	-2.7223532	0.07563	13.0
85	1101.2936	69.599365	1208.6361	998.25195	1000.0	111.41087	8.662202	132.7167	66.82745	425000	0.011202704	166.33058	-2.7358832	0.078573436	4.0
86	938.38135	422.40778	1177.5675	94.79832	1000.0	97.44243	35.593327	129.03348	-6.879718	430000	0.056605138	181.81569	-2.7755785	0.13727675	1.0
87	1126.1472	64.96788	1196.789	1019.3606	1000.0	112.47774	6.2006125	127.71549	51.030243	435000	0.06193263	109.0081	-2.7657757	0.14127964	1.0
88	1068.633	117.19654	1210.0999	867.94745	1000.0	114.0133	7.3112774	131.96358	76.79809	440000	0.053165186	200.54442	-2.7695825	0.11197379	1.0
89	1187.8225	40.38576	1238.8167	1132.8945	1000.0	112.30555	7.8097615	133.85426	68.74581	445000	0.050832387	130.15178	-2.8238606	0.076411426	1.0
90	1130.7615	40.429413	1201.3763	1077.9681	1000.0	118.30339	5.8632984	136.73135	76.597916	450000	0.10549175	94.06037	-2.7850258	0.20459676	1.0
91	946.5835	374.48904	1186.5099	203.00642	1000.0	99.92625	40.293236	129.27023	-21.18895	455000	0.052127406	159.26198	-2.8337395	0.12339072	1.0
92	853.4871	529.2949	1188.4086	-199.53314	1000.0	86.511284	51.987267	127.2091	-43.25135	460000	-0.109207496	258.89545	-2.916497	0.04643462	79.0
93	942.7335	401.35638	1241.5947	170.5542	1000.0	92.91487	50.629417	136.51598	-47.102734	465000	-0.106068335	286.35083	-2.9635656	0.05327765	79.0
94	1187.8121	38.07082	1248.6759	1128.8458	1000.0	112.389915	9.538257	137.09209	34.421154	470000	-0.020941958	151.16397	-2.969534	0.081629336	8.0
95	1143.5804	58.605244	1236.8201	1072.7587	1000.0	119.8848	7.00251	139.74812	79.58151	475000	-0.058156554	110.76502	-2.9646175	0.07878423	16.0
96	1150.7031	61.2722	1251.4957	1060.5626	1000.0	116.60961	5.835856	136.09035	64.47571	480000	-0.113525026	137.97957	-3.038502	0.06390228	79.0
97	1178.9725	32.97859	1211.9982	1121.5995	1000.0	117.433876	5.834263	135.45883	78.9204	485000	-0.11463823	91.10922	-3.119425	0.049207132	79.0
98	1236.1965	69.09239	1365.7823	1160.0587	1000.0	119.0394	5.361782	134.94325	72.58452	490000	-0.07347545	175.736	-3.1420968	0.076314464	23.0
99	984.9714	414.55792	1256.6066	161.7297	1000.0	105.23695	49.133663	146.70883	-53.032047	495000	-0.10275884	264.7149	-3.2173605	0.054204736	79.0
100	1219.9404	66.69738	1330.7477	1162.7318	1000.0	118.8604	9.220982	138.62679	38.06394	500000	-0.1156396	159.14432	-3.272616	0.05940973	79.0
101	1206.3032	70.216774	1306.6302	1108.1758	1000.0	119.97333	22.728252	141.98056	-27.095629	505000	-0.10437805	222.0015	-3.3601859	0.04490057	79.0
102	1201.1023	28.218884	1252.9396	1174.423	1000.0	122.0449	7.236654	139.15657	64.74341	510000	-0.07284121	203.69876	-3.3393621	0.07544824	25.0
103	1299.5006	28.329163	1337.376	1269.4777	1000.0	124.66173	8.240418	146.58627	42.943394	515000	0.0307577	87.35191	-3.3725805	0.085806265	2.0
104	865.47266	426.2205	1232.3807	310.95486	1000.0	99.048615	55.098145	149.8106	-27.562822	520000	-0.017278314	270.38525	-3.3722103	0.07686669	6.0
105	1201.4055	43.203037	1251.1029	1145.967	1000.0	117.31165	7.394854	137.00792	70.091705	525000	-0.03736383	101.46942	-3.3685699	0.0783234	11.0
106	1135.4558	111.10165	1209.1455	915.69037	1000.0	115.91083	25.926025	134.76451	-34.211964	530000	-0.10099447	258.7635	-3.4246309	0.036781874	79.0
107	1277.2795	95.453156	1430.7847	1171.0983	1000.0	119.430786	6.7789855	138.29755	81.38236	535000	0.00029926794	183.97356	-3.440776	0.07740966	5.0
108	1079.6173	360.54617	1283.3232	359.80334	1000.0	110.89211	47.24218	149.00027	-44.74651	540000	0.03429632	242.49637	-3.4676921	0.076603085	1.0
109	1260.0543	36.96832	1307.3674	1203.8665	1000.0	125.2084	10.942521	153.98212	11.238141	545000	0.04058874	145.59319	-3.481934	0.07977538	1.0
110	1159.6277	204.83014	1326.1576	759.2726	1000.0	118.88119	32.362133	146.61482	-24.271229	550000	0.063687615	254.9904	-3.4750028	0.1479375	1.0
111	1262.288	14.826271	1283.9847	1248.5972	1000.0	124.71219	6.5197005	149.05173	79.83027	555000	0.028584186	83.90291	-3.473998	0.09547602	4.0
112	1128.052	276.3296	1389.5383	609.37067	1000.0	121.951584	19.020739	144.16992	29.520636	560000	0.04054267	450.6182	-3.5028203	0.11657897	1.0
113	1205.4448	79.28001	1338.8541	1110.6476	1000.0	123.66045	9.374652	153.43166	43.191345	565000	-0.01660732	159.00212	-3.447372	0.08143722	7.0
114	1223.7302	37.743984	1263.8379	1169.4373	1000.0	122.7319	8.328006	144.224	56.255703	570000	-0.11802439	144.72003	-3.5073266	0.054228175	79.0
115	1277.7463	50.965702	1343.0132	1197.239	1000.0	123.68491	6.2175946	141.16866	79.54701	575000	-0.0841486	108.29245	-3.538	0.07943431	33.0
116	959.25195	538.3441	1334.449	-111.10751	1000.0	104.4397	51.527683	144.38426	-26.793068	580000	-0.10969461	219.74315	-3.585762	0.048811853	79.0
117	1241.2389	105.390076	1354.449	1048.3378	1000.0	123.34657	9.620815	143.45985	15.23621	585000	-0.019503294	227.2613	-3.5982013	0.088845775	9.0
118	1303.289	24.378773	1340.8369	1266.2019	1000.0	126.5688	10.699689	146.99396	20.539015	590000	-0.0021511004	139.5911	-3.6434288	0.07853319	5.0
119	1199.6635	190.73389	1333.8967	821.68994	1000.0	124.573524	30.484041	150.4532	-8.554373	595000	-0.0968954	210.33165	-3.6610696	0.04947385	79.0
120	1325.9841	47.879345	1393.4989	1267.629	1000.0	128.63664	4.6748614	144.76341	93.61129	600000	0.03985011	97.66332	-3.6595008	0.10435751	2.0
121	1289.3594	30.452658	1340.3295	1249.7858	1000.0	133.33435	6.424218	153.06549	54.470024	605000	0.064040646	119.54817	-3.6885347	0.13042343	1.0
122	1037.9962	586.5368	1393.3108	-131.93965	1000.0	104.8783	54.80109	150.44662	-35.21814	610000	0.06518067	216.24095	-3.6652398	0.1609758	1.0
123	1128.5905	364.98663	1426.3912	415.7259	1000.0	114.166176	52.43602	155.37181	-50.523823	615000	-0.09900076	261.5373	-3.7140613	0.03573832	79.0
124	1367.6058	38.67325	1430.3269	1323.2137	1000.0	130.37222	6.104908	152.08536	83.62233	620000	-0.009048037	118.704384	-3.7545226	0.0769713	8.0
125	1210.8807	282.36163	1426.9194	656.4119	1000.0	127.29826	30.213053	154.37642	6.6117215	625000	0.055717107	403.7533	-3.7875414	0.16677064	1.0
126	919.5073	557.7777	1337.2118	-169.99902	1000.0	98.623695	60.47641	158.78667	-31.72909	630000	-0.102332	270.8124	-3.7775688	0.04876711	79.0
127	1219.176	63.25741	1314.6597	1155.3892	1000.0	124.36175	9.10444	157.53911	35.94107	635000	-0.026698211	180.42659	-3.7533226	0.08468844	9.0
128	764.5949	595.9196	1356.4229	-116.08752	1000.0	82.7994	60.25799	144.60724	-21.403181	640000	-0.05432169	309.5445	-3.8148398	0.07740221	14.0
129	1178.8639	223.78442	1373.42	790.2153	1000.0	111.37097	36.52947	146.20357	-39.649555	645000	-0.04756501	341.2813	-3.8310094	0.07512622	14.0
130	1288.1736	73.85417	1368.8846	1164.9541	1000.0	125.83319	9.118123	155.3201	90.3612	650000	0.010279019	169.58325	-3.8161726	0.08712896	5.0
131	1071.6652	390.82602	1347.9264	300.00546	1000.0	105.53569	58.389107	153.83511	-46.764446	655000	0.030242322	334.16116	-3.846309	0.09264843	1.0
132	1255.7546	46.511993	1324.3601	1191.3685	1000.0	127.61223	6.6369863	146.42188	71.59761	660000	0.040282354	166.0369	-3.8146477	0.105597794	2.0
133	1137.8722	361.9663	1341.9688	414.59692	1000.0	110.0973	47.364918	149.57144	-32.905384	665000	0.04269174	161.1749	-3.8254898	0.09516987	1.0
134	1162.969	284.8329	1399.8221	609.75946	1000.0	115.00828	48.302174	150.16045	-43.412357	670000	0.041726764	278.82376	-3.8481421	0.093160585	1.0
135	1273.4314	117.92457	1377.3475	1043.7885	1000.0	125.88781	32.18619	157.5484	-46.991325	675000	0.058219086	238.69295	-3.8172758	0.1614734	1.0
136	1329.6184	96.16838	1460.1139	1238.566	1000.0	131.98364	6.4239383	153.12679	78.73468	680000	0.027159173	146.49785	-3.8329258	0.0949138	2.0
137	1202.1335	212.20702	1360.8269	784.6148	1000.0	122.366035	42.90399	156.4117	-50.879158	685000	-0.04867215	201.08289	-3.8474698	0.078205295	15.0
138	1234.0956	228.12474	1424.4736	787.35596	1000.0	117.21088	43.304337	151.19846	-45.80143	690000	-0.10298318	212.23572	-3.946404	0.06533479	79.0
139	1277.096	237.25066	1460.9176	814.9203	1000.0	125.5284	38.713818	151.12111	-48.336796	695000	-0.09611525	310.65744	-3.9907265	0.05361189	79.0
140	1386.2362	107.83369	1542.7015	1232.5153	1000.0	135.70676	12.886862	162.1065	17.608437	700000	0.014837665	251.92842	-4.023239	0.0931823	3.0
141	1369.9003	29.653072	1416.6713	1323.5189	1000.0	139.87355	8.954476	163.36383	30.548014	705000	0.0674652	116.1091	-4.036981	0.103486426	1.0
142	1405.4652	70.16024	1514.0494	1296.0411	1000.0	140.2685	6.011569	156.7131	111.19728	710000	0.14059111	124.13207	-4.0275626	0.36572984	1.0
143	1090.3103	395.78378	1397.5092	320.52673	1000.0	119.7123	52.18954	163.52113	-38.57444	715000	0.020313723	403.35284	-4.007375	0.116449855	3.0
144	1364.3611	59.617767	1449.285	1295.2666	1000.0	129.85886	8.04663	152.09346	46.256542	720000	0.0020155748	210.0917	-4.005032	0.07627358	4.0
145	1064.257	643.6433	1437.5552	-221.48454	1000.0	108.13618	58.2614	162.01779	-29.924402	725000	-0.099908695	187.50208	-4.0565343	0.07640138	53.0
146	1062.8384	601.3	1432.2402	-134.24614	1000.0	109.83958	63.499916	158.68962	-50.01808	730000	-0.10159869	287.49387	-4.0839186	0.056279346	79.0
147	1130.1594	455.75565	1472.7354	231.98903	1000.0	108.51905	63.103786	166.31607	-54.63519	735000	-0.09578687	439.8285	-4.1543765	0.04008274	79.0
148	1132.1246	436.43527	1467.2688	282.336	1000.0	109.24935	60.220844	158.62056	-75.96431	740000	-0.097235225	460.5214	-4.206203	0.043514464	79.0
149	1133.365	531.74115	1495.0822	75.58786	1000.0	105.4421	61.68708	153.2821	-52.779278	745000	0.008558937	259.3383	-4.18202	0.08658486	5.0
150	1259.1158	194.94069	1441.0671	905.84235	1000.0	128.08403	37.631992	162.66817	-54.20783	750000	0.01934494	346.7699	-4.1882854	0.07853871	2.0
151	1019.32733	506.85028	1522.4968	89.32027	1000.0	94.65605	72.29228	158.23961	-67.72005	755000	0.015625197	599.9717	-4.2029314	0.08648785	2.0
152	1365.802	91.82317	1497.0177	1231.5964	1000.0	127.54745	30.051735	169.60417	-49.492424	760000	-0.010476059	426.5656	-4.2227244	0.078879274	6.0
153	1343.8622	137.27667	1484.355	1101.1436	1000.0	127.87625	40.302197	167.97302	-58.09166	765000	0.005591279	420.7759	-4.1995664	0.0843285	4.0
154	1456.7738	101.84809	1577.0625	1286.4446	1000.0	140.4504	9.855974	166.95442	39.63945	770000	0.06370178	214.1963	-4.2552376	0.13838996	1.0
155	1110.5989	388.88177	1499.2188	515.90967	1000.0	124.01218	48.83675	175.25926	-37.6987	775000	0.085826896	678.4314	-4.22931	0.25887662	1.0
156	1067.5994	632.096	1518.1398	-159.28424	1000.0	99.286316	70.99293	163.88412	-74.22702	780000	0.037523076	405.91202	-4.2467666	0.08315421	1.0
157	977.22284	652.38605	1626.1201	-174.01187	1000.0	94.2938	76.689896	164.04115	-63.47998	785000	0.07385314	478.484	-4.272887	0.2376351	1.0
158	1286.9434	71.94341	1375.3455	1161.6945	1000.0	138.74284	11.596266	170.02124	54.584053	790000	0.04955124	282.3525	-4.2247205	0.10546228	1.0
159	990.24805	398.21136	1390.0769	463.18057	1000.0	97.60268	69.058266	162.28667	-69.13036	795000	0.07263074	403.07846	-4.2467575	0.18029602	1.0
160	724.6405	555.1494	1387.3429	136.19452	1000.0	64.338066	81.50407	160.58939	-71.84172	800000	0.049535107	374.64545	-4.328017	0.14513403	1.0
161	1271.7073	92.20765	1434.3577	1147.5966	1000.0	127.15355	9.945952	154.70467	14.619831	805000	0.04995444	397.99136	-4.236459	0.15669785	1.0
162	1239.6744	248.53026	1582.5438	813.4227	1000.0	118.752	44.95699	164.24664	-64.64469	810000	0.05021413	393.3182	-4.3155947	0.09869142	1.0
163	1051.564	396.13242	1379.9493	275.01038	1000.0	110.98685	53.492165	170.18626	-45.468132	815000	0.07966941	437.1143	-4.26436	0.22214551	1.0
164	1192.8461	275.2577	1457.222	692.51953	1000.0	107.23574	49.679405	158.34042	-54.32014	820000	0.04012224	505.06604	-4.3623157	0.10503108	1.0
165	965.23944	451.68387	1369.9313	275.2655	1000.0	95.986664	67.98992	162.86285	-57.16808	825000	0.078693606	403.7929	-4.3158765	0.17926045	1.0
166	904.6283	546.1612	1350.6416	-103.33287	1000.0	89.35351	67.32409	155.51744	-63.59938	830000	0.06758452	371.7172	-4.3654923	0.21679962	1.0
167	713.05676	522.79614	1316.3303	-26.69705	1000.0	61.706512	77.243835	155.33762	-56.485363	835000	-9.847107e-05	447.97284	-4.362646	0.075994186	3.0
168	1311.7314	139.20866	1469.5695	1072.7487	1000.0	119.69923	28.312607	155.14085	-46.597878	840000	0.03322771	398.70187	-4.3764772	0.08275981	2.0
169	790.37054	635.6296	1411.158	-125.4728	1000.0	80.57948	75.67306	162.30371	-74.9408	845000	0.015234329	369.8546	-4.3610144	0.09439752	3.0
170	1065.6826	638.0485	1472.5039	-207.12766	1000.0	97.87571	62.542786	152.26324	-68.30558	850000	0.019938264	321.86087	-4.3957963	0.09774742	4.0
171	967.64923	475.09082	1358.6306	147.5776	1000.0	98.17683	70.07647	165.65614	-57.80223	855000	0.036081	411.49802	-4.3858857	0.10085582	1.0
172	1004.5374	460.2504	1484.3889	422.0967	1000.0	92.53341	66.30987	159.57141	-57.700912	860000	-0.015494794	428.9814	-4.371249	0.077385776	6.0
173	1096.4407	520.66284	1422.5193	60.58727	1000.0	104.89345	59.474785	156.52083	-48.17364	865000	-0.019447247	179.71484	-4.3664627	0.0798286	7.0
174	898.3709	643.7415	1506.6215	-7.736989	1000.0	86.15741	75.79889	157.6711	-59.658546	870000	-0.0389056	530.4885	-4.4024124	0.07707473	12.0
175	1038.852	428.93665	1461.4897	334.02774	1000.0	101.04629	66.645386	167.79543	-62.909904	875000	-0.024868427	443.815	-4.387792	0.07717731	7.0
176	1259.147	374.48645	1472.7296	511.1178	1000.0	117.3016	46.386845	155.2532	-58.27717	880000	-0.029553827	332.32965	-4.395494	0.09180503	12.0
177	1209.9806	447.37903	1516.6217	320.56296	1000.0	119.5698	55.195244	169.98103	-57.989983	885000	0.0025982605	312.62262	-4.403721	0.08025638	4.0
178	957.0835	548.06964	1540.3422	16.70534	1000.0	107.65315	57.219692	167.83308	-45.244755	890000	0.054843068	548.33954	-4.4426603	0.12864433	1.0
179	1080.2999	252.85886	1425.8535	728.74945	1000.0	102.48379	57.913242	168.4345	-63.57405	895000	0.044354204	423.6157	-4.3970304	0.09427248	1.0
180	1284.8977	286.145	1504.3167	720.17664	1000.0	116.373474	40.3086	149.5912	-51.65753	900000	0.06359454	315.39	-4.4078393	0.12411642	1.0
181	745.4885	490.17233	1498.8062	243.42897	1000.0	76.763	77.313736	170.94826	-55.296535	905000	0.044971433	862.5974	-4.498643	0.11758014	1.0
182	947.08466	502.31247	1465.5908	251.99464	1000.0	89.58087	66.515114	155.82945	-82.48698	910000	0.035232123	511.8939	-4.429755	0.10376825	1.0
183	1406.1107	58.68764	1492.0457	1325.9103	1000.0	127.22053	11.828616	158.85991	-7.3495927	915000	0.04138568	180.89624	-4.433667	0.10995986	1.0
184	1283.3237	80.87883	1344.9199	1128.5554	1000.0	135.37961	22.47742	160.23853	-14.103291	920000	0.055850286	262.3875	-4.402881	0.14024426	1.0
185	1106.208	542.84814	1436.1287	26.624653	1000.0	108.26077	56.047176	156.94281	-55.49947	925000	0.040129073	227.4408	-4.425054	0.08699657	1.0
186	1331.5254	62.313797	1448.7162	1271.5283	1000.0	136.24237	7.310647	157.14908	87.3548	930000	0.06556266	173.60551	-4.4137244	0.13276736	1.0
187	1253.4122	25.470808	1295.0096	1215.1564	1000.0	129.08328	31.092451	161.83437	-64.23527	935000	0.07699673	374.27115	-4.4272666	0.1996666	1.0
188	1366.0161	70.491554	1421.4447	1235.6504	1000.0	128.9389	19.47313	156.68324	-60.82175	940000	0.027459405	362.468	-4.4763384	0.07573029	1.0
189	1336.3889	19.806026	1360.6278	1304.8304	1000.0	135.87317	8.040474	163.76216	66.11476	945000	0.05682735	167.399	-4.4653707	0.13230157	1.0
190	1292.1277	101.816925	1429.9823	1177.065	1000.0	135.48875	7.46907	158.51213	37.526382	950000	0.05727107	264.0446	-4.4714365	0.13077815	1.0
191	958.3045	582.3624	1381.0017	-193.73503	1000.0	101.88884	65.03495	164.76965	-72.81836	955000	0.0792619	370.02927	-4.4939218	0.195972	1.0
192	1230.146	68.700134	1337.9	1134.8687	1000.0	124.71105	10.959691	157.18642	26.740284	960000	0.038395386	320.35034	-4.4998837	0.080225796	1.0
193	1193.6199	28.260374	1231.2963	1147.7125	1000.0	123.86325	9.167795	153.6598	73.74945	965000	0.073500894	197.4611	-4.477249	0.15403332	1.0
194	971.34607	625.8862	1412.6008	-270.59854	1000.0	102.4085	42.23766	145.20395	-12.36304	970000	0.06137566	274.38498	-4.597625	0.1344542	1.0
195	1020.36505	600.90955	1424.6661	-173.78789	1000.0	102.30823	59.394356	165.24687	-45.227875	975000	-0.08150414	304.9752	-4.59943	0.08107811	35.0
196	1296.6375	132.18105	1478.5363	1122.4536	1000.0	132.75539	9.488694	162.9761	61.57979	980000	0.028685566	248.80435	-4.588821	0.08569028	2.0
197	1326.3406	99.07316	1504.2777	1207.1664	1000.0	133.7764	8.904291	165.1174	78.13424	985000	0.037759885	238.51065	-4.5616875	0.079236664	1.0
198	1168.4285	117.04639	1318.0779	959.962	1000.0	128.0047	20.571932	169.85056	-34.17809	990000	0.090085745	348.23022	-4.569491	0.23918413	1.0
199	1246.4308	62.734478	1365.5662	1179.2421	1000.0	119.07407	11.9216585	150.77383	-12.806419	995000	0.011173997	246.0963	-4.594171	0.08513164	4.0
200	1352.9358	79.84286	1499.0203	1254.4882	1000.0	124.70563	6.387914	144.19925	76.18685	1000000	-0.029240921	246.8989	-4.635555	0.08071455	10.0
201	1363.9407	33.673965	1408.3308	1327.2002	1000.0	136.23703	9.056247	175.42302	27.921188	1005000	-0.10338216	165.745	-4.640646	0.07538623	54.0
202	1208.4904	86.594315	1286.1769	1046.1708	1000.0	131.39084	26.932148	161.05257	-17.35036	1010000	-0.09910402	400.0969	-4.664721	0.04239762	79.0
203	1316.9885	81.88614	1404.3469	1165.9794	1000.0	128.36697	7.81239	159.0041	46.050938	1015000	-0.05469188	204.02301	-4.6795087	0.080445215	17.0
204	1292.4773	67.96928	1390.9672	1184.7607	1000.0	132.45699	6.984894	155.7999	74.56142	1020000	0.04468413	249.696	-4.69654	0.10995369	1.0
205	1066.7167	583.8338	1450.8494	-94.47221	1000.0	108.3321	53.961174	161.60545	-42.158173	1025000	0.0189436	308.20773	-4.674308	0.100260355	3.0
206	1272.4625	117.380455	1438.7168	1112.226	1000.0	133.28181	9.220361	158.34041	32.81019	1030000	0.05102999	315.5441	-4.663108	0.117528126	1.0
207	1312.9338	35.32298	1373.8159	1265.3892	1000.0	131.714	10.502328	167.72102	71.91579	1035000	0.054233644	184.57355	-4.6809435	0.08247782	1.0
208	1129.5812	532.307	1532.0874	84.15107	1000.0	112.34166	54.31595	164.7369	-39.546658	1040000	0.08421768	305.39108	-4.6474857	0.24041529	1.0
209	1320.0659	95.52496	1489.5355	1205.5552	1000.0	133.15375	24.23714	166.67274	-48.315437	1045000	-0.008530019	360.41904	-4.6426873	0.0853782	6.0
210	1262.6051	333.4905	1534.937	605.44916	1000.0	119.385925	49.143955	169.88823	-48.99117	1050000	-0.08376957	325.1967	-4.7012463	0.08380542	72.0
211	1369.1266	48.472534	1423.3846	1289.3422	1000.0	138.46867	10.674181	167.27481	16.996685	1055000	-0.005092137	180.4653	-4.693696	0.07708983	6.0
212	1403.333	61.56198	1507.8962	1332.4058	1000.0	140.36661	7.68915	164.89513	91.36248	1060000	0.0401407	227.30292	-4.7329173	0.08642667	1.0
213	1233.6396	377.05914	1474.5552	482.28152	1000.0	125.35597	49.99761	184.45744	-68.11825	1065000	0.07256399	392.9986	-4.7441945	0.18451773	1.0
214	1208.0544	478.19156	1470.186	252.7637	1000.0	117.826	58.74748	177.42198	-45.7504	1070000	0.0139342025	373.84985	-4.7459183	0.08545379	3.0
215	1164.8544	621.98126	1555.7848	-75.29775	1000.0	120.5254	47.77405	172.69696	-14.828926	1075000	0.0029520432	462.27655	-4.8315396	0.076719	5.0
216	1269.5278	290.03036	1508.471	715.49963	1000.0	128.80481	47.9566	176.71162	-45.813778	1080000	-0.011201595	515.2097	-4.7849154	0.0814132	6.0
217	1108.771	649.8756	1466.8884	-189.98819	1000.0	109.34017	61.227844	169.29608	-60.40581	1085000	-0.08808847	302.86115	-4.8800907	0.057652026	79.0
218	1256.166	275.2059	1464.3721	712.7563	1000.0	129.99968	41.723587	165.66269	-31.70732	1090000	-0.09910246	281.93756	-4.9050984	0.06677174	79.0
219	1299.844	334.7438	1586.262	655.86224	1000.0	124.4433	49.815605	160.89297	-57.39863	1095000	-0.042132765	347.53784	-4.90325	0.07549679	14.0
220	1467.3528	57.89541	1562.1775	1404.9069	1000.0	144.0057	9.415693	173.01509	32.716225	1100000	0.04729947	222.137	-4.8948574	0.11014429	2.0
221	1398.3064	68.78756	1523.6631	1332.7736	1000.0	147.36496	15.1343155	171.38495	-53.326283	1105000	0.043509822	319.04214	-4.8673024	0.111020096	1.0
222	1211.7363	445.5058	1472.8953	321.83765	1000.0	116.44077	63.784164	167.47462	-110.93742	1110000	0.046009965	259.8684	-4.9372954	0.1291095	1.0
223	1150.7054	533.0944	1488.4607	87.78809	1000.0	114.29167	65.54086	167.81218	-63.347145	1115000	0.04496857	527.17615	-4.9169245	0.1618024	1.0
224	1454.1963	61.400085	1570.538	1400.1378	1000.0	137.14803	11.467264	173.33954	33.5929	1120000	0.037345078	145.70668	-4.891939	0.10354846	1.0
225	1493.6555	62.030457	1571.3448	1431.8702	1000.0	147.30913	7.023121	170.98701	82.289635	1125000	0.053083263	150.4441	-4.8959613	0.084010206	1.0
226	1249.6976	376.33316	1544.6018	508.60464	1000.0	132.76602	49.909855	171.81958	-32.415478	1130000	0.100858696	425.41074	-4.955933	0.27483028	1.0
227	1049.8303	525.40173	1418.2067	9.5641575	1000.0	115.6569	62.772743	170.5083	-51.47538	1135000	0.04700654	301.75095	-4.8815093	0.12575865	1.0
228	1367.8033	51.631104	1436.5995	1294.0631	1000.0	131.94682	9.042588	163.00179	21.632687	1140000	0.025574611	209.37668	-4.9032974	0.07559476	1.0
229	1427.0579	76.8774	1561.3419	1344.1162	1000.0	138.38664	8.924421	162.7719	42.443966	1145000	0.039372064	206.24335	-4.9142985	0.11299175	1.0
230	1181.1239	443.0893	1526.7133	309.25922	1000.0	122.2507	54.87867	170.3837	-41.090878	1150000	0.04255365	368.78	-4.9195423	0.084261596	1.0
231	1355.0006	185.29782	1501.949	993.6832	1000.0	131.3279	38.628956	161.1318	-55.254192	1155000	-0.0034661388	303.0963	-4.9376397	0.08283097	6.0
232	1456.9244	77.131935	1571.8065	1368.5707	1000.0	143.2963	8.518156	172.86163	47.861095	1160000	-0.029573718	260.4303	-4.9518185	0.08014147	10.0
233	1170.8542	240.44559	1359.4518	698.5278	1000.0	129.18823	50.99839	175.18993	-54.246464	1165000	0.034051925	470.7553	-4.907529	0.102079295	1.0
234	1352.5536	95.718025	1520.3541	1228.3837	1000.0	130.47687	10.27444	156.42155	20.154095	1170000	0.050864343	234.6575	-4.95902	0.10392568	1.0
235	1428.8282	65.193214	1514.8077	1314.6685	1000.0	138.28795	7.5155888	166.41681	83.396286	1175000	0.09265571	198.88307	-4.944805	0.279584	1.0
236	1147.8942	739.4856	1579.6096	-329.1604	1000.0	113.28652	67.75869	176.74963	-58.043934	1180000	0.048097838	200.82892	-5.021641	0.1441378	1.0
237	1482.3342	102.76225	1603.1239	1352.8259	1000.0	146.0409	29.139565	175.73737	-66.950615	1185000	0.023127442	310.63916	-4.96136	0.07690584	1.0
238	1480.1716	64.39032	1548.7354	1382.5317	1000.0	149.93858	9.636021	174.78264	22.884827	1190000	0.028916193	158.12547	-4.9598103	0.077809885	2.0
239	1497.2913	52.021122	1579.8907	1417.2656	1000.0	150.67685	7.427012	172.08243	83.14963	1195000	0.055763092	204.78603	-5.0188193	0.14220782	1.0
240	1322.6783	216.45885	1524.0111	901.7119	1000.0	143.21452	33.212563	177.59154	6.162258	1200000	0.04875992	502.2986	-4.9576936	0.11861892	1.0
241	1151.2439	434.4913	1554.609	477.71567	1000.0	110.33414	72.51047	172.92874	-77.02013	1205000	0.025288882	486.2542	-5.072972	0.07695117	1.0
242	1161.62	535.38336	1550.6542	100.379776	1000.0	114.571465	64.26816	169.13974	-62.7022	1210000	0.006062363	345.9445	-4.99631	0.07734699	4.0
243	1227.6453	433.54504	1506.861	364.66855	1000.0	121.5677	60.25537	172.73834	-62.7962	1215000	-0.010834304	337.8983	-5.008954	0.08067519	6.0
244	1202.3904	624.0174	1578.4473	-35.85144	1000.0	112.85096	68.11974	168.48393	-60.030064	1220000	-0.004363482	294.99823	-5.0150976	0.0832038	6.0
245	1470.0247	74.65144	1559.7478	1352.1334	1000.0	149.28719	8.1096945	175.05202	40.827938	1225000	-0.059865166	232.38055	-5.041523	0.07602838	19.0
246	1382.1597	83.82918	1530.4287	1311.9612	1000.0	148.70216	8.546587	174.60628	48.166653	1230000	0.038875703	153.66103	-5.018258	0.07807776	2.0
247	1471.5541	72.41528	1546.9928	1350.4543	1000.0	142.76578	6.9867682	168.61453	106.30158	1235000	0.04784384	168.70692	-5.043523	0.109271474	1.0
248	1482.4177	112.87025	1654.8345	1310.7555	1000.0	148.53923	10.808595	180.65852	18.258434	1240000	0.03817873	211.89247	-5.029568	0.09407669	1.0
249	1209.8167	546.2318	1546.7202	124.89516	1000.0	123.7805	60.849792	175.16628	-47.580017	1245000	0.06532871	327.86627	-4.999491	0.17552502	1.0
250	1282.8851	625.67773	1648.8746	32.752323	1000.0	122.27363	63.944225	175.67627	-50.825363	1250000	0.039019786	470.3646	-5.0585237	0.12138154	1.0
251	1562.6792	76.967514	1680.847	1458.8802	1000.0	155.6625	13.590896	194.62613	31.053612	1255000	0.031359725	231.56944	-5.0316906	0.09191887	1.0
252	1486.21	111.824104	1651.8636	1351.4445	1000.0	156.6117	9.271014	188.89468	102.19114	1260000	0.035395037	242.27805	-5.000775	0.076389976	1.0
253	1218.5472	694.14636	1570.3418	-169.73444	1000.0	122.24985	69.279915	184.81459	-51.45281	1265000	0.03866481	396.7573	-5.0328455	0.09476928	1.0
254	955.0615	666.9436	1616.0096	142.35796	1000.0	100.849915	85.10439	194.00795	-68.590935	1270000	0.026532166	548.827	-5.063429	0.08052692	1.0
255	1342.3279	143.03484	1433.8618	1057.4856	1000.0	135.94531	39.608376	181.6581	-59.280704	1275000	-0.06865399	446.17	-5.064731	0.075224295	38.0
256	1495.4531	98.1857	1647.7844	1374.839	1000.0	141.67271	10.605512	176.62856	35.71402	1280000	-0.015572921	277.09146	-5.0680494	0.0769208	6.0
257	814.6378	815.1503	1552.8873	-356.1055	1000.0	75.8125	101.65171	186.29099	-95.32302	1285000	-0.07021636	639.1074	-5.223225	0.064781	79.0
258	1265.117	340.90552	1653.0236	779.86346	1000.0	119.82431	68.66282	176.9386	-78.49164	1290000	-0.079585776	527.1645	-5.2386584	0.06584946	79.0
259	1453.3522	85.34488	1579.2659	1342.2164	1000.0	139.12292	32.25771	173.61417	-68.327194	1295000	-0.043087855	435.87686	-5.1973605	0.07995407	15.0
260	804.87024	892.4332	1538.0636	-478.27786	1000.0	77.13785	90.66773	164.02223	-66.32678	1300000	-0.07450547	630.93854	-5.3961115	0.020768529	79.0
261	1531.6523	56.45079	1593.2412	1426.3566	1000.0	143.86612	13.068241	174.10777	-33.39655	1305000	-0.027529957	441.0233	-5.2753487	0.07596865	11.0
262	1474.1589	111.82578	1611.502	1281.8082	1000.0	145.75446	38.817493	184.26062	-103.64792	1310000	-0.041456997	471.6402	-5.316437	0.078869015	15.0
263	1371.8679	183.15834	1578.672	1027.7769	1000.0	139.48097	48.078457	180.52156	-90.568794	1315000	-0.09016106	408.1623	-5.346782	0.057562377	79.0
264	1335.3561	212.86122	1476.2382	913.6286	1000.0	130.97995	54.519	176.28946	-93.92691	1320000	-0.09165482	448.2598	-5.3658805	0.067535385	79.0
265	669.8138	656.9904	1614.4471	-374.90204	1000.0	58.1815	107.368835	178.56624	-101.67393	1325000	-0.0773154	869.0178	-5.5482802	0.015412427	79.0
266	1454.1913	151.3411	1578.2406	1157.1631	1000.0	123.86617	41.872612	168.51816	-80.67583	1330000	-0.00089169724	388.34906	-5.4101424	0.07987863	4.0
267	1553.1875	127.19932	1776.2671	1393.3739	1000.0	150.20694	7.505435	179.78778	58.284927	1335000	0.039375026	254.1793	-5.4225974	0.093000926	1.0
268	1547.5981	81.45628	1664.3617	1431.0632	1000.0	154.80264	21.772068	190.71306	-76.26624	1340000	0.057071973	413.6748	-5.408129	0.17507902	1.0
269	1537.989	73.87613	1613.3013	1424.1582	1000.0	154.39107	9.748586	182.06378	19.47754	1345000	0.036099214	173.74348	-5.46822	0.08994815	1.0
270	1542.239	80.81809	1625.7987	1405.4464	1000.0	156.40013	8.961678	184.61105	27.969294	1350000	0.08141188	250.62585	-5.4368167	0.26940155	1.0
271	1436.4672	68.79605	1511.9111	1341.9349	1000.0	153.25122	7.4990854	177.36578	61.95384	1355000	0.08709415	175.99025	-5.455226	0.19406769	1.0
272	1514.7452	89.3075	1635.8251	1384.2603	1000.0	148.08485	8.390588	179.14117	56.30762	1360000	0.088014245	180.74817	-5.4530807	0.20823435	1.0
273	1458.4963	70.737236	1536.757	1350.4427	1000.0	146.65916	32.731205	184.6123	-55.826923	1365000	0.08399486	225.20058	-5.4753895	0.42681366	1.0
274	1598.1318	48.773006	1670.2754	1546.2524	1000.0	150.48157	7.2606816	169.0478	35.600185	1370000	0.00801749	246.6791	-5.527427	0.08740692	4.0
275	1355.5281	485.88916	1654.4075	388.87582	1000.0	143.88393	49.275814	190.67635	-38.252254	1375000	0.02379583	399.98978	-5.578032	0.11308379	5.0
276	1578.0979	91.31936	1745.033	1464.7523	1000.0	158.27878	7.4993	183.49	107.335884	1380000	0.03510468	203.1264	-5.5182533	0.09867473	2.0
277	1619.8307	58.274498	1664.1931	1507.5237	1000.0	160.21092	8.701247	189.35088	43.111603	1385000	0.04738719	189.96426	-5.522702	0.16393723	5.0
278	1587.5868	65.306984	1649.4712	1463.4861	1000.0	163.09392	7.830388	194.5693	46.57894	1390000	0.11327792	171.16838	-5.496277	0.5428924	1.0
279	1093.023	629.8032	1473.5472	-162.90575	1000.0	128.19807	75.87782	196.64832	-80.62265	1395000	0.047635633	392.2743	-5.547421	0.10715664	1.0
280	1347.3718	99.78164	1510.5181	1241.914	1000.0	141.32208	10.398077	172.09941	-4.675369	1400000	0.06473398	227.5617	-5.4699373	0.16337907	1.0
281	1319.8654	82.11453	1444.5718	1190.1918	1000.0	137.34613	8.7472105	162.41484	51.78283	1405000	0.03018233	214.9174	-5.4624715	0.08184253	2.0
282	600.036	656.456	1369.1382	-393.67157	1000.0	72.00413	86.11915	158.27415	-79.21879	1410000	0.051916417	703.3522	-5.682079	0.13425826	1.0
283	858.39417	749.4321	1270.4097	-639.4385	1000.0	81.10633	75.70776	151.64842	-84.82891	1415000	0.03920457	192.07542	-5.6011896	0.11375561	1.0
284	1308.5662	70.278656	1427.8213	1224.5293	1000.0	124.5442	8.341918	149.88245	36.49534	1420000	0.039939288	194.445	-5.4897585	0.107007995	2.0
285	1396.5431	112.177666	1534.5146	1206.9606	1000.0	131.67572	7.254855	163.58183	98.86138	1425000	0.035526942	263.98224	-5.509404	0.0886813	1.0
286	1350.9753	115.82956	1517.9623	1205.49	1000.0	140.46298	9.335579	172.16402	36.592587	1430000	0.04196142	235.66737	-5.4847093	0.09349094	1.0
287	1399.7694	34.42149	1453.0796	1349.5063	1000.0	137.75383	9.037611	170.22917	81.77372	1435000	0.079803385	182.31975	-5.5010595	0.17513514	1.0
288	1446.6116	76.66813	1548.8513	1321.2179	1000.0	141.79234	8.2979765	166.11873	39.65464	1440000	0.05778033	212.43468	-5.5103126	0.18988259	1.0
289	1595.9929	52.27888	1671.8588	1519.9089	1000.0	149.13997	10.087369	177.2434	20.871866	1445000	0.0028222192	188.81848	-5.5514765	0.07926118	4.0
290	1401.886	253.38237	1600.962	902.98035	1000.0	148.6723	48.24303	187.96352	-52.47817	1450000	-0.07236468	500.55914	-5.635379	0.06830494	79.0
291	1548.0719	43.4494	1621.4309	1500.6844	1000.0	153.002	10.594892	177.45789	-10.078244	1455000	-0.021771284	262.2129	-5.6028514	0.07588086	10.0
292	1241.417	459.94202	1712.7444	479.14145	1000.0	120.92995	80.82085	181.36165	-85.61329	1460000	-0.069169044	632.7853	-5.731521	0.04475871	79.0
293	1589.9846	60.955814	1681.5812	1493.6074	1000.0	153.15343	11.069439	179.17403	6.0443063	1465000	-0.043758214	149.02469	-5.673993	0.084615126	20.0
294	1581.48	87.21425	1701.719	1447.251	1000.0	160.5375	6.7928348	184.66936	121.90239	1470000	0.034916434	197.64793	-5.667171	0.08705462	2.0
295	1227.4617	558.6201	1609.982	125.887794	1000.0	131.39247	72.75983	183.26169	-76.78278	1475000	0.03881068	313.35046	-5.7369094	0.10149762	1.0
296	1184.0142	775.8486	1653.9604	-361.18896	1000.0	111.25785	85.64725	174.71848	-92.42154	1480000	0.020809662	422.0896	-5.8044596	0.092446975	1.0
297	1398.4486	222.5114	1692.4598	1048.2996	1000.0	141.12312	49.985653	179.91154	-93.37704	1485000	-0.0022902666	684.1147	-5.7143846	0.076186255	4.0
298	1552.1344	77.35522	1680.5964	1467.0245	1000.0	151.70741	9.769715	180.30563	65.917496	1490000	0.006518985	219.06094	-5.6883845	0.075083666	5.0
299	1580.946	16.893593	1601.9841	1561.9137	1000.0	157.34406	7.8582716	186.5956	126.38271	1495000	0.036008447	215.4389	-5.6905794	0.08870325	2.0
300	1567.0696	46.228798	1645.644	1508.4043	1000.0	160.11757	7.9790545	191.98683	101.70447	1500000	0.037302196	133.50902	-5.7003927	0.08761602	2.0
301	1510.632	24.204023	1538.542	1468.954	1000.0	158.33151	7.4314904	185.58463	104.54994	1505000	0.06857089	205.0688	-5.6858735	0.19045533	1.0
302	1583.2924	51.700172	1643.8296	1487.157	1000.0	155.52554	8.632275	181.06808	95.689545	1510000	0.049777035	152.38715	-5.6816506	0.07805518	1.0
303	1594.8685	108.05026	1763.6431	1448.2864	1000.0	159.86482	8.524637	180.61107	63.117634	1515000	0.10022924	216.5519	-5.6909666	0.20576076	1.0
304	1655.441	62.73363	1732.3735	1568.786	1000.0	162.86765	7.9468484	190.68486	85.880714	1520000	0.11550115	158.40062	-5.689801	0.2979746	1.0
305	1603.3622	51.667515	1696.9471	1551.561	1000.0	166.93996	7.943883	197.3647	119.42481	1525000	0.0036779118	152.12007	-5.7038836	0.08759128	6.0
306	1404.8032	488.11014	1693.0413	430.3083	1000.0	145.61128	58.028606	197.10048	-54.97838	1530000	0.036375795	482.9467	-5.7513523	0.088973105	1.0
307	1216.7858	627.7823	1697.3809	76.72335	1000.0	121.44014	85.503204	188.10876	-78.25419	1535000	0.027623923	587.137	-5.8314967	0.08351683	1.0
308	1699.2145	47.330627	1744.1676	1636.2383	1000.0	160.78873	6.206164	184.26099	67.31855	1540000	0.028769873	142.91098	-5.694431	0.0859784	2.0
309	1489.6322	313.64233	1741.3345	870.9536	1000.0	153.23743	61.831493	197.63643	-91.68953	1545000	0.025529312	339.0592	-5.7641654	0.093077466	1.0
310	1591.074	44.998226	1652.507	1513.5818	1000.0	163.14874	10.182912	183.83438	1.2765876	1550000	0.023415344	196.85367	-5.7303343	0.0789049	1.0
311	1702.4059	113.88011	1887.7327	1594.8302	1000.0	163.63187	7.85626	183.68275	43.11128	1555000	0.051549584	210.428	-5.724403	0.099061064	1.0
312	1666.1176	45.780945	1700.3265	1575.5741	1000.0	170.70422	7.964439	198.71275	97.447075	1560000	0.092901014	179.90103	-5.748781	0.23479453	1.0
313	1295.0319	703.777	1741.5269	-108.72915	1000.0	134.98102	82.19047	197.75072	-77.87713	1565000	0.041563373	551.11707	-5.861739	0.14828524	1.0
314	1601.3485	52.563145	1673.6193	1534.2855	1000.0	160.32158	9.69903	191.5774	10.86467	1570000	-0.05947268	179.53082	-5.7717943	0.07602629	32.0
315	1586.731	51.49884	1684.6011	1538.9359	1000.0	160.96182	8.698987	183.36469	55.8785	1575000	-0.017002044	149.3621	-5.781496	0.081390746	8.0
316	1385.9976	366.93152	1599.9346	655.46704	1000.0	145.18657	53.341244	181.40126	-66.24211	1580000	0.031015567	335.0798	-5.852603	0.08759098	1.0
317	1358.7356	645.42896	1795.1696	74.07773	1000.0	126.33805	76.15054	200.5248	-79.039246	1585000	0.04131618	458.2549	-5.911503	0.11916694	1.0
318	1426.3672	424.10455	1697.1667	583.65027	1000.0	144.98413	63.714577	190.53915	-82.56606	1590000	0.027334046	539.2378	-5.8566647	0.113077804	1.0
319	1632.9408	79.63289	1758.7286	1533.8939	1000.0	160.47667	12.587223	192.96172	-4.0779347	1595000	-0.056463	156.96616	-5.807582	0.080772966	22.0
320	1413.7352	547.43134	1718.8389	319.43213	1000.0	142.75897	69.96056	188.67833	-68.429886	1600000	-0.06422847	478.58276	-5.948389	0.044626806	79.0
321	1656.5892	30.366806	1684.1979	1601.0752	1000.0	165.68303	10.2446165	194.91565	-5.2699056	1605000	0.03862423	150.18214	-5.880198	0.10372898	1.0
322	1372.1923	533.91785	1704.4879	307.78934	1000.0	143.70131	68.23472	189.1001	-78.00515	1610000	0.042738676	425.5158	-5.9759445	0.14960532	1.0
323	1677.0524	64.72078	1747.5992	1586.6139	1000.0	161.55083	10.907933	189.63547	-15.450473	1615000	0.020423766	175.56627	-5.915611	0.08128688	2.0
324	1663.8953	59.23242	1746.9634	1565.9176	1000.0	169.65051	7.181392	195.19617	94.37182	1620000	0.0536297	146.76843	-5.8681493	0.10654606	1.0
325	1262.4408	782.2529	1742.9255	-296.4677	1000.0	133.58234	78.63341	192.49577	-79.23415	1625000	0.07135254	382.91223	-6.02332	0.25747645	1.0
326	1282.6082	563.25256	1590.1542	157.27748	1000.0	132.4056	78.76295	187.19482	-88.20743	1630000	0.023982758	313.5773	-5.9590397	0.07986997	1.0
327	1619.9402	83.12507	1722.868	1478.662	1000.0	155.7581	5.3100553	173.70512	46.13001	1635000	0.022048764	178.37552	-5.8746543	0.07999834	3.0
328	1660.0182	69.16671	1718.2203	1524.2327	1000.0	164.17993	7.05012	189.75555	135.41083	1640000	0.017386263	242.68774	-5.912051	0.097101994	4.0
329	1301.45	710.06506	1715.5668	-117.12779	1000.0	132.51703	82.92719	198.20064	-84.51357	1645000	-0.06495497	511.2818	-6.083507	0.03130523	79.0
330	1225.3259	660.45624	1703.4036	-86.00075	1000.0	127.99493	81.26433	186.47227	-83.00908	1650000	-0.072644524	406.06155	-6.092232	0.052813575	79.0
331	1688.888	53.90673	1779.8895	1630.6405	1000.0	157.0189	7.2290797	179.36212	100.63815	1655000	0.051377717	121.458984	-5.9946322	0.15883344	1.0
332	1669.6426	82.297615	1804.6597	1565.83	1000.0	170.32236	7.8612933	193.80548	80.81349	1660000	0.07682147	154.76575	-6.0089436	0.16831326	1.0
333	915.48376	888.10876	1685.569	-370.81747	1000.0	99.7126	105.66089	190.73459	-81.96606	1665000	0.033942852	565.2458	-6.2408533	0.15148836	1.0
334	1556.3245	51.43423	1619.8093	1483.8885	1000.0	155.31078	15.641296	190.33301	-57.337116	1670000	0.018908843	141.6218	-6.017748	0.0998802	1.0
335	1575.2783	43.84355	1644.2372	1517.6458	1000.0	157.69785	5.7272367	179.81395	102.274445	1675000	0.06613711	163.85028	-6.02101	0.11557338	2.0
336	1330.9042	709.45416	1731.3254	-83.67044	1000.0	132.28989	69.98934	181.70697	-70.66686	1680000	0.08334341	405.1591	-6.1606956	0.3664985	1.0
337	1470.6467	502.89868	1765.9811	466.33813	1000.0	143.5078	72.0741	194.39845	-81.05087	1685000	0.013039616	453.0905	-6.1115804	0.083332755	3.0
338	808.28436	1026.8676	1726.0685	-449.59866	1000.0	79.07682	116.61695	198.04152	-87.024	1690000	-0.008546913	484.6467	-6.330252	0.07811732	5.0
339	1408.4044	674.77563	1839.3003	63.449776	1000.0	130.1672	82.76348	184.71835	-86.37822	1695000	-0.046265215	364.09985	-6.115419	0.07934729	37.0
340	1752.5482	50.751255	1842.5764	1695.55	1000.0	171.46027	9.177474	195.02495	15.236693	1700000	0.0137139065	200.66461	-5.9994154	0.077390514	3.0
341	1016.79474	920.71173	1831.1571	-419.9547	1000.0	113.52719	101.22084	203.51285	-69.844284	1705000	0.027638415	821.99457	-6.264406	0.13026448	1.0
342	1557.5067	367.79553	1910.7903	1024.5225	1000.0	140.10452	75.71639	206.19852	-80.51879	1710000	-0.065063536	752.9733	-6.0438933	0.040671993	79.0
343	1544.8005	416.74448	1760.6726	711.56384	1000.0	150.85272	70.034424	208.12335	-84.57794	1715000	-0.057033595	429.48804	-6.1235166	0.07686198	54.0
344	1245.4036	666.69495	1830.066	202.65742	1000.0	120.15801	101.30837	198.17863	-86.530914	1720000	-0.0512428	617.5114	-6.2708735	0.07659681	79.0
345	1779.5769	121.335655	1914.623	1618.4902	1000.0	167.83917	17.342543	205.7489	-32.66592	1725000	-0.036792126	262.92136	-6.124595	0.083968155	18.0
346	1692.61	159.20668	1843.8386	1398.4989	1000.0	172.54845	39.87805	222.58138	-54.124683	1730000	-0.065668054	614.9786	-6.201779	0.04901442	79.0
347	1690.5387	198.08742	1828.9448	1296.5156	1000.0	167.2056	36.469856	200.60735	-36.188572	1735000	-0.031547926	594.8508	-6.1656804	0.07730349	15.0
348	1716.9896	81.371056	1831.7574	1611.9016	1000.0	168.69344	24.22514	205.51546	-36.79872	1740000	0.024846148	381.0762	-6.1880927	0.08832627	1.0
349	1330.7908	702.62976	1739.5851	-72.881325	1000.0	137.9753	74.78383	204.38841	-38.075253	1745000	0.00949465	494.1043	-6.3009953	0.09622711	5.0
350	1758.1631	56.295444	1847.175	1669.6641	1000.0	168.87292	12.2919035	197.45845	-13.572511	1750000	0.050012488	218.88608	-6.2101164	0.12740172	1.0
351	1737.3988	105.07444	1852.2422	1600.9347	1000.0	178.46802	8.646812	206.11494	136.6783	1755000	0.078728996	219.18097	-6.1807914	0.15328078	1.0
352	1293.0979	653.1212	1789.4769	54.187874	1000.0	138.52467	75.80711	209.64177	-29.798525	1760000	0.06889145	520.7702	-6.2501564	0.16125593	1.0
353	1452.3588	555.36975	1835.2058	347.48114	1000.0	140.85976	70.37362	189.27437	-59.23865	1765000	0.02577198	338.5934	-6.268873	0.0927088	2.0
354	1765.3209	86.658875	1926.8268	1682.745	1000.0	171.85597	10.560861	208.61757	53.730663	1770000	0.029215842	189.13977	-6.204067	0.07742736	1.0
355	1766.9329	43.471832	1839.2645	1715.6326	1000.0	179.66762	7.77267	204.6996	107.737076	1775000	0.08146487	169.3041	-6.2002907	0.16022877	1.0
356	1774.7123	76.23664	1848.1498	1632.7092	1000.0	179.35243	7.8503256	207.14893	143.17688	1780000	0.14131236	199.04124	-6.2181206	0.2880259	1.0
357	1676.2539	39.057854	1745.3827	1640.1226	1000.0	178.31087	10.197582	205.81853	49.038315	1785000	0.13282093	137.35312	-6.1937904	0.5010996	1.0
358	1584.7701	24.247581	1621.0613	1560.027	1000.0	169.8401	5.9135246	189.40794	140.58553	1790000	0.04023058	109.54088	-6.167799	0.107600585	1.0
359	1644.5334	88.33782	1750.8607	1511.4448	1000.0	161.73207	7.6058087	185.65817	80.69619	1795000	0.039638612	257.4947	-6.2047243	0.08794391	2.0
360	1673.217	78.49188	1759.517	1545.7402	1000.0	166.46335	7.6743164	192.50749	132.8854	1800000	0.047115114	250.55908	-6.1637836	0.09062564	1.0
361	1646.9338	34.70031	1679.8997	1591.1686	1000.0	170.15962	8.92805	198.31529	96.90042	1805000	0.110505715	171.44592	-6.2002797	0.22036609	1.0
362	1656.5289	69.99983	1728.8734	1542.6685	1000.0	167.71732	8.892871	193.81146	47.554943	1810000	0.13051967	155.59006	-6.1935215	0.43828544	1.0
363	1764.5759	68.56343	1863.0092	1668.2063	1000.0	169.86118	8.500438	193.38844	57.13852	1815000	0.05234803	203.66693	-6.206704	0.105545655	1.0
364	1796.4596	32.995083	1838.7428	1747.6876	1000.0	180.108	7.797573	206.86226	139.50928	1820000	0.07811489	111.8221	-6.1815944	0.16961442	1.0
365	1825.2861	28.03399	1874.2064	1796.8702	1000.0	182.7651	8.013315	218.08847	113.114334	1825000	0.042560972	181.48398	-6.201365	0.10616328	1.0
366	1520.8724	710.79144	1953.9845	102.359024	1000.0	156.2155	73.66192	214.96573	-40.09019	1830000	0.02302086	457.0845	-6.323593	0.079035915	3.0
367	1503.1306	628.769	1839.6381	246.35744	1000.0	152.16704	83.84879	212.19867	-77.13841	1835000	0.048395116	409.64954	-6.1661506	0.21415581	1.0
368	1400.6274	512.501	1848.6519	537.27124	1000.0	138.54715	88.062195	208.3017	-66.67831	1840000	0.016619466	620.3325	-6.149021	0.0778511	1.0
369	1708.127	81.43267	1816.5457	1617.2643	1000.0	173.60048	9.82966	195.81311	-9.7186775	1845000	0.020227926	224.76125	-6.1710696	0.0824753	4.0
370	1782.1545	75.0773	1835.544	1633.6305	1000.0	174.86366	7.8998923	196.49786	118.627335	1850000	0.058480754	140.57318	-6.192859	0.1423055	2.0
371	1294.7767	617.4509	1869.8439	398.49466	1000.0	135.30936	83.47627	201.2117	-42.49726	1855000	0.022593778	603.8749	-6.088122	0.07705028	1.0
372	1725.2396	165.36046	1855.0745	1403.8651	1000.0	162.73325	43.078743	201.34488	-38.86357	1860000	0.037414927	479.7079	-6.1609635	0.10376235	1.0
373	1627.516	355.17813	1874.5867	937.0124	1000.0	158.97002	56.35681	199.08382	-45.998108	1865000	0.027265051	548.6323	-6.2519608	0.10434021	1.0
374	1738.7327	96.64595	1911.685	1623.5863	1000.0	172.79274	29.308699	201.31151	-62.075172	1870000	0.029271295	432.7384	-6.2267594	0.08293049	1.0
375	1741.2916	76.33931	1839.0404	1639.2927	1000.0	176.19771	7.682618	199.25127	84.09239	1875000	0.042356584	128.05838	-6.23226	0.08192821	1.0
376	1758.0205	83.09312	1915.1251	1679.6956	1000.0	176.57022	6.768356	195.58728	134.77022	1880000	0.09604529	184.88814	-6.2576084	0.1984379	1.0
377	1784.209	57.363537	1863.4753	1691.0493	1000.0	179.30972	8.715907	206.34422	90.00727	1885000	0.063691646	149.43158	-6.293612	0.08486624	1.0
378	1806.9691	89.64355	1967.0558	1716.0099	1000.0	182.82162	8.63175	204.8641	59.613926	1890000	0.1244591	227.23833	-6.282939	0.3788189	1.0
379	1450.8823	581.75824	1837.7054	292.67398	1000.0	154.91228	68.77101	218.80748	-39.61647	1895000	0.001958853	434.50296	-6.1904564	0.08224256	6.0
380	1719.2268	20.711134	1748.1512	1697.1594	1000.0	173.21248	14.792466	212.17543	3.7729034	1900000	-0.008434457	256.7312	-6.2718697	0.108482175	10.0
381	1749.1234	91.15874	1833.2788	1577.9065	1000.0	174.42128	10.423002	206.10011	56.883076	1905000	0.03308112	227.99706	-6.269813	0.104413174	2.0
382	1491.862	413.03973	1821.2645	683.9235	1000.0	157.2226	57.573753	209.39458	-13.121502	1910000	0.06339933	342.65384	-6.212969	0.16142277	1.0
383	1357.7108	383.6477	1691.714	643.6624	1000.0	140.96263	68.61918	198.10678	-32.862877	1915000	0.026091285	635.9155	-6.242354	0.08511176	1.0
384	1501.8204	444.86765	1809.9431	617.24475	1000.0	138.42924	59.433853	180.89807	-53.713337	1920000	0.012296252	482.4991	-6.24097	0.08989149	3.0
385	1807.7285	54.623116	1886.8195	1751.2552	1000.0	169.15144	9.937374	199.1826	58.90694	1925000	0.062522165	211.58078	-6.315815	0.18989483	2.0
386	1876.2048	54.695602	1955.4261	1795.5527	1000.0	183.31741	9.123243	211.56116	112.756676	1930000	0.039510377	227.0504	-6.317204	0.101985335	2.0
387	1403.0414	658.0882	1837.493	101.5468	1000.0	161.06186	68.736275	216.73695	-31.198809	1935000	0.037585523	557.8568	-6.421133	0.15300663	1.0
388	854.72394	981.8163	1736.83	-366.93613	1000.0	86.54395	108.87739	201.86595	-69.71273	1940000	-0.068010315	507.1647	-6.4140234	0.025172478	79.0
389	1496.1848	437.0551	1835.8604	633.34296	1000.0	142.95862	66.25523	205.19229	-63.749393	1945000	-0.07510903	404.01416	-6.3745	0.05865626	79.0
390	1539.8473	540.3389	1897.0311	466.10886	1000.0	147.35085	67.929955	207.22739	-46.521744	1950000	-0.060110252	392.32047	-6.4038634	0.08052071	47.0
391	1582.2942	254.59512	1787.7673	1081.8718	1000.0	163.167	57.768665	212.3238	-79.96774	1955000	-0.056319896	336.4393	-6.5193205	0.075400434	52.0
392	1622.098	292.31293	1853.662	1059.4729	1000.0	154.90546	59.655617	190.63544	-76.25357	1960000	-0.06460846	577.81647	-6.4528656	0.038032293	79.0
393	1682.8994	106.81638	1864.8428	1557.1017	1000.0	171.36075	9.847228	198.63887	-9.4630995	1965000	0.005807984	276.04233	-6.4966884	0.07886587	5.0
394	1810.8044	90.33401	1946.66	1695.8044	1000.0	174.1808	9.881488	214.10349	129.29903	1970000	0.056092627	255.15175	-6.4988666	0.120895766	1.0
395	1764.7275	94.68742	1864.0133	1608.2927	1000.0	182.98476	9.546863	213.09384	133.36595	1975000	0.09389131	257.0783	-6.485825	0.19585295	1.0
396	1789.7074	181.5467	2062.6091	1509.853	1000.0	170.7301	46.27637	211.93132	-46.755817	1980000	0.08521477	542.8434	-6.4708266	0.30204645	1.0
397	1644.0729	559.4661	1999.9377	534.9083	1000.0	159.47522	73.75163	233.35892	-60.320168	1985000	0.04341184	489.0085	-6.4567018	0.10668008	1.0
398	1896.6523	88.72944	2009.8934	1765.2036	1000.0	191.2136	12.638987	227.60413	15.975589	1990000	0.028176626	253.2974	-6.48755	0.08089719	1.0
399	1914.3658	114.58501	2111.241	1771.4067	1000.0	193.66705	11.153204	228.17519	78.57593	1995000	0.05929919	339.17245	-6.509011	0.15809795	2.0
400	1322.4531	651.7143	1965.1176	215.59872	1000.0	142.54034	90.62714	232.28383	-40.25049	2000000	0.042743757	611.0729	-6.511606	0.11772999	1.0
401	1414.9104	758.1413	1830.2654	-100.23977	1000.0	141.78896	80.529884	204.26756	-66.22135	2005000	-0.06748286	431.3494	-6.4186716	0.06754593	79.0
402	1650.9095	287.94254	1854.2296	1091.9788	1000.0	163.93843	55.85523	210.97505	-45.800156	2010000	0.015853543	525.5147	-6.4875565	0.07591186	2.0
403	1120.7347	947.52783	2003.771	-50.54129	1000.0	108.54055	102.97536	212.68843	-59.55049	2015000	0.008744691	657.6244	-6.396346	0.08204727	2.0
404	1760.4016	33.24888	1793.5559	1712.3772	1000.0	181.3551	17.523556	214.60416	-22.087305	2020000	0.03438117	313.6878	-6.51841	0.119164504	2.0
405	1445.3773	652.5733	1874.8229	152.50908	1000.0	151.30278	69.88831	220.24916	-39.30375	2025000	0.033551484	584.3287	-6.537332	0.0972473	1.0
406	1837.7676	52.01991	1910.7356	1756.5862	1000.0	177.71144	11.566862	216.56744	43.892166	2030000	0.031609192	240.2341	-6.546772	0.08375283	1.0
407	1477.2832	591.6628	1860.9789	307.69687	1000.0	155.65994	74.36982	214.0328	-53.444813	2035000	0.045171753	467.1723	-6.490112	0.13704629	1.0
408	1764.6768	61.622665	1823.2213	1654.3932	1000.0	174.36455	22.070461	234.73485	-57.860027	2040000	0.029250477	539.6769	-6.5508018	0.08416423	1.0
409	1709.1013	96.855934	1854.0978	1575.234	1000.0	177.27376	9.295875	210.91423	93.40753	2045000	0.04130416	276.8855	-6.517135	0.12835339	2.0
410	1765.1641	52.314545	1835.0687	1694.0714	1000.0	175.06741	12.258172	219.63116	62.63802	2050000	0.13350154	298.12247	-6.536862	0.1473671	2.0
411	1219.353	264.47253	1499.9557	717.2702	1000.0	156.65836	53.732803	213.6137	-65.853455	2055000	0.16794442	401.14178	-6.4647	1.553426	1.0
412	904.5399	236.11055	1129.2933	447.1406	1000.0	113.40995	51.67703	161.93448	-39.149487	2060000	0.07653838	323.01236	-6.464789	0.3947311	1.0
413	442.13257	373.86932	825.5988	-117.217766	1000.0	69.5469	54.816837	141.23686	-57.5006	2065000	0.060282744	318.78464	-6.4360595	0.26506722	1.0
414	415.9869	296.46893	697.2596	-60.0292	1000.0	47.272217	43.61412	111.75648	-59.277306	2070000	0.04260609	342.1566	-6.441765	0.1541876	1.0
415	684.1028	68.28764	778.2686	582.7378	1000.0	63.768383	8.599512	90.25899	7.322022	2075000	0.04944478	226.5409	-6.5048904	0.102160916	1.0
416	479.78125	180.19365	674.6563	213.42368	1000.0	60.0355	23.123318	101.97431	-40.268734	2080000	0.05767257	570.89246	-6.5243125	0.15109141	1.0
417	587.7646	439.04233	895.8818	-283.26642	1000.0	45.96907	32.037632	106.739784	-62.16801	2085000	0.05455586	484.38635	-6.56165	0.14546868	1.0
418	677.8661	324.86197	931.77747	46.771782	1000.0	68.233574	33.138832	135.1069	-26.041885	2090000	0.05666471	358.15344	-6.5101914	0.10570683	1.0
419	488.82745	474.8711	1001.1058	-263.20782	1000.0	59.076344	39.296448	116.477776	-34.76207	2095000	0.052280225	655.6221	-6.602095	0.09621747	1.0
420	831.7869	253.40163	1045.9324	339.85638	1000.0	74.612564	33.753853	152.5267	-48.099586	2100000	0.04061263	505.12976	-6.5927095	0.0867961	1.0
421	635.3125	200.46786	841.9805	385.1978	1000.0	73.366295	39.409496	141.0137	-24.380169	2105000	0.063300736	679.6762	-6.6213737	0.1528395	1.0
422	948.23083	109.75339	1162.6696	858.32275	1000.0	81.80989	12.631196	130.45352	-10.6570635	2110000	0.06146465	440.2615	-6.642063	0.14544918	2.0
423	1078.8472	70.17568	1124.2853	939.7059	1000.0	98.39221	11.4157915	131.69864	23.659803	2115000	0.036946278	382.37335	-6.6990547	0.09746349	1.0
424	830.66736	468.24686	1304.5975	-32.422085	1000.0	94.64283	34.567814	149.41252	-2.74725	2120000	0.05745584	627.6813	-6.655592	0.106240235	1.0
425	844.07764	356.8222	1127.8611	201.8525	1000.0	86.02747	45.552494	162.65436	-55.824844	2125000	0.053684548	574.34436	-6.711382	0.1174825	1.0
426	696.92645	618.99695	1295.7439	-303.79938	1000.0	64.60694	60.776714	139.66475	-55.279194	2130000	0.03164687	501.6893	-6.702448	0.07796206	1.0
427	1094.2815	568.13385	1608.8531	-13.9126005	1000.0	94.69205	53.758892	161.16328	-54.244465	2135000	-0.078805394	847.7235	-6.753283	0.063982755	79.0
428	1144.0911	233.88737	1455.6464	804.2351	1000.0	121.09083	34.40383	186.78009	-31.766384	2140000	-0.06698279	665.63025	-6.7649846	0.07834364	42.0
429	793.65924	586.39197	1301.1338	46.49509	1000.0	77.880585	69.20411	184.85938	-40.774376	2145000	-0.036133777	446.26584	-6.6141057	0.07601106	14.0
430	1147.8148	328.17828	1392.4076	511.309	1000.0	110.5806	49.555275	161.85559	-60.74356	2150000	-0.06680879	368.77066	-6.762394	0.07626725	46.0
431	1322.1477	79.30424	1395.2833	1179.5374	1000.0	127.6935	28.271902	162.04462	-42.171146	2155000	-0.070886336	440.7911	-6.881647	0.06609568	79.0
432	1047.2494	428.77142	1441.4469	222.69717	1000.0	113.86143	55.271782	173.27281	-120.07838	2160000	-0.08335341	450.7794	-6.8307743	0.06319425	79.0
433	1118.1979	445.89597	1446.6344	254.52423	1000.0	106.63504	54.58339	170.36542	-51.608555	2165000	-0.048096765	444.19235	-6.8397284	0.07590665	33.0
434	1346.9548	22.447395	1382.2648	1324.3958	1000.0	133.79898	15.989354	184.48419	-14.52386	2170000	-0.04697395	341.2696	-6.892025	0.080579504	25.0
435	1315.5967	154.11789	1537.7383	1109.8776	1000.0	137.718	11.389692	175.14217	96.877594	2175000	-0.027703555	438.7411	-6.8729234	0.07895944	12.0
436	1282.8301	96.25493	1472.4679	1204.3606	1000.0	132.9649	20.459473	177.08936	-11.54185	2180000	-0.04578198	468.91925	-6.858401	0.07619761	22.0
437	1089.6072	506.03177	1405.0122	85.00131	1000.0	117.34074	45.11691	184.38036	1.3792372	2185000	-0.037228145	432.83105	-6.7620764	0.086647205	13.0
438	1410.7393	92.508896	1535.8966	1285.0391	1000.0	135.64253	12.781713	179.18889	4.7852087	2190000	0.034006227	468.3502	-6.8634596	0.10333801	1.0
439	832.4178	567.9197	1333.6432	-76.88758	1000.0	95.72784	69.56162	184.24925	-84.87006	2195000	0.012626511	496.22025	-6.730837	0.08921123	4.0
440	798.9104	688.47516	1499.3181	-172.40067	1000.0	80.076935	65.50185	172.6319	-58.01537	2200000	-0.08588732	595.2744	-6.8607187	0.045458343	79.0
441	1424.0681	23.207226	1448.7776	1386.3693	1000.0	135.5615	13.984453	182.35123	55.047855	2205000	-0.023999391	353.61185	-6.940503	0.07634079	10.0
442	1155.5015	705.2438	1699.1165	-219.97443	1000.0	115.09422	66.54003	198.54436	-43.979343	2210000	0.028448898	607.46	-6.8971977	0.08025773	1.0
443	888.2254	553.95404	1471.9689	-13.310615	1000.0	100.5627	71.22586	188.96121	-57.198082	2215000	0.009611201	903.7022	-6.8951983	0.08489358	3.0
444	1306.3	466.40094	1612.9031	387.45142	1000.0	113.99295	54.675404	208.98303	-74.37908	2220000	-0.022366105	559.9202	-6.954207	0.08751581	9.0
445	1345.039	114.625046	1486.4752	1173.0873	1000.0	147.10687	13.479304	205.91307	9.70718	2225000	-0.08533879	488.0985	-6.962389	0.054236542	79.0
446	960.31396	458.20865	1418.9264	213.2486	1000.0	98.94052	74.19253	204.4966	-78.45931	2230000	-0.07527065	419.71	-6.9080305	0.04199961	79.0
447	1111.8904	670.30225	1496.2775	-227.15771	1000.0	104.80696	65.89949	177.74654	-58.926754	2235000	-0.03856086	389.0993	-6.979836	0.07857398	12.0
448	1047.5735	636.5298	1456.7548	-221.70335	1000.0	119.490776	52.567966	182.72618	-7.0298376	2240000	-0.004712245	409.2386	-7.0662346	0.083577536	7.0
449	1344.7151	115.21286	1560.5637	1216.2574	1000.0	138.07245	17.870255	177.98549	0.9969463	2245000	0.047744762	523.0544	-7.0677423	0.099653006	1.0
450	1155.1952	431.90707	1562.2722	362.19223	1000.0	115.87095	58.4212	181.14905	-84.7565	2250000	0.046269782	602.1694	-6.998817	0.0862796	1.0
451	441.17984	616.03986	1592.133	-266.12796	1000.0	38.080242	84.68297	180.79651	-55.696423	2255000	0.024924532	558.98505	-6.7952	0.09675258	1.0
452	1155.5891	357.45877	1477.4058	715.2012	1000.0	104.546524	60.207108	175.4928	-50.368176	2260000	0.028513905	562.88696	-7.057221	0.09275003	1.0
453	1229.7229	683.4314	1651.887	-124.04573	1000.0	117.355576	48.964428	174.77356	-30.46325	2265000	0.009833242	574.56573	-7.1378736	0.100567974	5.0
454	1374.0009	105.82995	1497.1869	1192.7253	1000.0	147.10484	36.970753	203.41759	-31.515621	2270000	-0.07723528	467.04846	-7.2295218	0.053273004	79.0
455	1529.6952	56.10009	1607.326	1447.1526	1000.0	145.1937	11.970516	178.72142	-0.42748722	2275000	-0.06896515	242.85112	-7.318028	0.076272696	55.0
456	1229.2444	416.7652	1617.0986	425.76395	1000.0	133.33858	57.36475	188.00621	-41.869793	2280000	-0.06851203	527.056	-7.223792	0.07733923	53.0
457	1426.7288	117.96853	1571.0042	1229.5309	1000.0	140.27838	32.58958	188.91034	-39.52057	2285000	-0.073968	399.2033	-7.3421555	0.075484805	72.0
458	1307.0878	298.14508	1508.163	722.03033	1000.0	130.91968	51.570656	180.66965	-40.401756	2290000	-0.072176866	726.5124	-7.35332	0.039113056	79.0
459	1197.1444	329.6696	1541.9163	787.35266	1000.0	118.60158	57.55584	185.0863	-60.889557	2295000	-0.0808712	663.9771	-7.3722034	0.041492186	79.0
460	1159.7239	580.8999	1601.6072	22.8479	1000.0	115.74283	64.15731	177.11531	-44.720417	2300000	-0.078283	723.8893	-7.394317	0.0529948	79.0
461	1568.5911	76.743095	1683.3903	1469.2632	1000.0	143.66974	18.034542	186.53064	-23.138716	2305000	-0.004357607	438.9067	-7.5746284	0.080887884	8.0
462	1310.5657	520.1352	1732.0385	309.04422	1000.0	138.14322	53.718945	196.57082	-9.452003	2310000	0.024722852	590.6335	-7.46268	0.083302006	2.0
463	656.16364	585.79596	1432.2455	66.16867	1000.0	80.31654	84.49933	202.2609	-86.28961	2315000	0.02360509	488.0184	-7.271865	0.08689199	1.0
464	1228.4226	307.84338	1548.02	672.87177	1000.0	112.81675	50.468224	165.69095	-37.43467	2320000	-0.039573863	463.2039	-7.4384446	0.0773517	13.0
465	1465.4084	76.8669	1578.7043	1364.0297	1000.0	140.29121	11.630463	168.69965	16.852701	2325000	-0.0031340802	282.44382	-7.538842	0.076882385	6.0
466	1472.9955	98.46466	1622.1536	1377.0221	1000.0	149.64093	11.01444	186.84944	79.25316	2330000	0.02683542	419.04166	-7.589622	0.08728976	1.0
467	1207.6843	581.7754	1619.7003	57.909668	1000.0	122.53023	66.06747	187.66104	-39.3185	2335000	-0.05019657	357.55707	-7.4471297	0.077268995	26.0
468	1234.1782	688.02466	1786.5441	-117.8359	1000.0	125.578575	57.218052	183.93672	-59.40394	2340000	-0.010175057	654.98193	-7.556528	0.077913634	7.0
469	1203.5598	495.02734	1689.0488	295.7652	1000.0	118.832375	72.13711	201.9328	-67.63079	2345000	-0.071176216	494.4882	-7.449811	0.041581575	79.0
470	1221.4047	546.0036	1594.5142	149.58095	1000.0	116.75797	67.54437	177.0219	-45.069576	2350000	-0.061567865	578.26776	-7.469555	0.07650745	45.0
471	1117.582	463.7017	1537.8937	300.24286	1000.0	111.843925	73.12308	179.52725	-47.08191	2355000	-0.074002564	491.3684	-7.515971	0.043889385	79.0
472	1487.6688	102.88475	1588.1807	1306.474	1000.0	144.97238	13.165582	184.53825	33.901386	2360000	0.0128053175	460.6188	-7.6717505	0.082172275	5.0
473	826.82385	761.7766	1544.1943	-137.3394	1000.0	89.33891	83.28855	204.22823	-38.02585	2365000	0.03709031	383.9221	-7.407083	0.09641534	1.0
474	1032.9286	535.5146	1593.3685	63.61124	1000.0	95.701584	78.85349	191.48787	-44.811115	2370000	0.033000544	957.3453	-7.4860196	0.12519476	1.0
475	1418.4827	390.78174	1736.8405	649.82043	1000.0	128.82162	49.99403	201.03044	-49.1317	2375000	0.007878057	581.3636	-7.669447	0.08736312	5.0
476	1295.9512	619.3011	1728.5402	65.097946	1000.0	126.35385	70.91635	204.03246	-38.59846	2380000	0.043649018	530.6894	-7.6043406	0.12257661	1.0
477	1487.9006	62.54776	1598.9174	1423.2849	1000.0	152.55318	31.958395	201.23611	-39.997784	2385000	0.03247142	660.0951	-7.725481	0.08425031	1.0
478	1536.6631	72.41564	1628.4839	1452.3746	1000.0	151.97012	13.566936	196.75436	-4.4987273	2390000	0.06614872	376.09537	-7.7341766	0.14772746	1.0
479	1549.3142	106.00953	1681.4946	1358.2141	1000.0	152.83856	34.746445	200.03839	-35.337257	2395000	0.053193104	590.2607	-7.7690516	0.1168344	1.0
480	1634.1575	132.7629	1812.2109	1422.1033	1000.0	160.18633	13.120004	202.86702	41.5717	2400000	0.049287982	395.6097	-7.765908	0.12739824	2.0
481	1541.6476	109.21607	1704.3859	1371.2325	1000.0	164.97694	14.651977	202.05362	18.910461	2405000	0.0070469026	402.9971	-7.789675	0.085847735	6.0
482	1100.5306	801.71844	1800.9004	-144.91928	1000.0	110.46235	76.8754	199.34964	-13.852686	2410000	0.026923401	589.45825	-7.5311656	0.08131492	1.0
483	1534.2739	89.53213	1627.2002	1398.2953	1000.0	163.47392	29.595694	223.92328	-100.47911	2415000	-0.010200911	601.4863	-7.782476	0.07635553	6.0
484	863.80115	638.1383	1570.0242	125.13679	1000.0	87.95629	86.4773	218.1893	-36.256733	2420000	-0.06904134	653.0943	-7.5452204	0.048244562	79.0
485	1270.117	494.27588	1687.8298	301.9131	1000.0	121.47985	65.51517	186.6335	-66.4269	2425000	0.017808177	803.22894	-7.729378	0.08221052	1.0
486	1410.093	169.91951	1653.3365	1188.4705	1000.0	134.81053	54.01033	192.61728	-49.437817	2430000	-0.060968775	556.1482	-7.767497	0.0817548	42.0
487	974.9518	685.27325	1683.7266	-59.19911	1000.0	96.49784	83.522484	209.8584	-63.8607	2435000	-0.07378908	516.3119	-7.6495204	0.05239071	79.0
488	1260.7819	529.8353	1693.4574	231.43578	1000.0	121.989525	64.51082	200.10445	-43.421	2440000	-0.04329211	558.9678	-7.7529626	0.07603892	17.0
489	1134.4972	600.5763	1749.1589	129.73384	1000.0	111.46094	78.44561	195.98705	-51.588028	2445000	-0.07487854	539.1772	-7.7573905	0.054696936	79.0
490	1505.5925	472.24707	1884.8694	579.2019	1000.0	134.98929	60.084553	201.78128	-46.812172	2450000	-0.012618199	516.7404	-7.884342	0.0792809	7.0
491	1527.3011	290.99512	1735.6952	958.86835	1000.0	155.26978	52.238617	208.28204	-45.15561	2455000	0.016804546	542.8148	-7.8841186	0.07639089	2.0
492	1234.7528	738.5038	1793.4237	-151.1545	1000.0	120.85286	84.36589	208.61014	-45.136612	2460000	-0.021224566	526.6281	-7.7679877	0.076372735	11.0
493	1456.1217	621.7609	1909.4467	241.4038	1000.0	143.751	68.95689	206.46799	-39.935886	2465000	-0.027650436	574.10626	-7.8683424	0.07536964	12.0
494	1261.9283	584.5468	1744.5089	137.26965	1000.0	135.38382	74.07035	212.54048	-42.508545	2470000	-0.0025673043	458.31866	-7.7913156	0.07973067	6.0
495	1337.2106	493.8624	1649.0895	354.2827	1000.0	132.45398	63.575165	196.57631	-49.44325	2475000	-0.019588666	403.5278	-7.8537436	0.08083365	9.0
496	1654.6039	79.323875	1749.4481	1513.9558	1000.0	155.82701	11.344787	183.53006	51.690212	2480000	-0.00014720383	298.8448	-7.987301	0.07618353	5.0
497	1458.7499	615.9759	1866.844	240.21153	1000.0	142.09218	69.58345	203.8025	-33.36801	2485000	-0.0034080204	440.4936	-7.8794627	0.084296025	5.0
498	858.2716	624.28687	1660.4662	131.19789	1000.0	122.31238	67.77316	201.00089	-28.888063	2490000	-0.09135209	912.6694	-7.86207	0.02667284	79.0
499	1233.7042	512.8314	1656.2344	223.7862	1000.0	107.23341	68.79158	187.795	-46.996967	2495000	-0.0106385425	796.2652	-7.893186	0.09109749	8.0
500	1374.8461	542.0245	1737.9023	301.06628	1000.0	128.07011	63.489666	184.97897	-39.84428	2500000	0.026465066	519.3025	-7.953118	0.09021924	2.0
501	1219.074	435.9877	1626.5635	564.2129	1000.0	120.39918	79.11777	201.16696	-34.567665	2505000	-0.0019361485	688.7939	-7.877378	0.077349246	4.0
502	1359.1957	440.91272	1760.454	592.167	1000.0	126.2184	67.98736	185.31445	-39.843872	2510000	-0.008993626	692.4324	-7.9279375	0.07572	7.0
503	1517.6128	137.03871	1702.8389	1280.3389	1000.0	148.42737	46.03825	196.93376	-46.784775	2515000	-0.033444088	509.0472	-8.054996	0.08481934	16.0
504	1438.9631	275.3437	1763.2139	1018.303	1000.0	143.50494	58.508247	192.86523	-53.31556	2520000	-0.01488714	719.9603	-8.028114	0.07931943	10.0
505	1324.4707	473.1126	1779.3889	543.3546	1000.0	127.2847	70.9809	189.33125	-35.38228	2525000	-0.0060079442	711.5234	-7.9570765	0.083119884	5.0
506	1723.6697	52.19219	1787.782	1637.4479	1000.0	162.87148	11.870694	199.38206	54.76197	2530000	0.013303908	202.36673	-8.105207	0.07954669	4.0
507	1408.6378	707.0673	1873.7539	-0.34975088	1000.0	144.10089	68.24828	201.85931	-12.764231	2535000	0.057005983	404.25684	-7.950636	0.16868602	1.0
508	1498.9951	356.37314	1819.9807	808.1293	1000.0	156.0864	59.625885	217.62592	-48.654446	2540000	0.002017051	471.3678	-7.9948735	0.07825779	5.0
509	1632.024	112.05701	1747.9613	1481.0883	1000.0	166.51637	11.170439	194.4309	36.153706	2545000	0.038868904	383.38226	-8.102247	0.12556802	1.0
510	1477.6975	515.6491	1909.5995	484.74664	1000.0	146.3119	60.871166	205.15233	-25.458544	2550000	0.026073212	588.8372	-7.963028	0.09050449	2.0
511	1700.9778	60.173107	1752.9583	1585.7167	1000.0	172.79483	12.356289	206.69193	121.81103	2555000	0.036821615	278.20163	-8.059478	0.08558068	1.0
512	1288.5835	679.4926	1834.8773	-3.7939258	1000.0	133.29974	79.8297	208.08348	-30.910276	2560000	0.07328862	650.1277	-7.90917	0.27148578	1.0
513	1606.1497	49.62633	1701.337	1566.494	1000.0	168.47775	13.914312	215.46295	88.76286	2565000	0.03736949	310.83307	-8.040426	0.09164441	1.0
514	1618.2318	189.59119	1842.3274	1314.5334	1000.0	161.7754	31.570406	219.12299	-18.528137	2570000	0.043174442	527.5852	-8.045674	0.1300708	1.0
515	1665.1619	96.29006	1802.6007	1538.7974	1000.0	166.45879	14.817486	197.94873	0.60275763	2575000	0.036137745	377.8343	-8.098527	0.10106036	2.0
516	1619.7039	46.84436	1661.7703	1529.6653	1000.0	168.57582	15.067342	204.76263	31.882847	2580000	0.010533429	356.04337	-8.106577	0.09080845	4.0
517	1515.9608	112.55426	1618.9225	1308.747	1000.0	158.8867	38.963985	207.55392	-15.545881	2585000	-0.0025819347	607.3479	-8.069223	0.09035824	6.0
518	1613.6912	42.22233	1678.5402	1550.8479	1000.0	158.68616	18.102886	201.47208	-25.631315	2590000	-0.02895014	264.47638	-8.087675	0.07787639	12.0
519	1309.5769	424.9921	1737.247	638.6085	1000.0	137.77075	56.98775	191.91826	-1.5107001	2595000	-0.030634983	661.0665	-7.960617	0.07548332	12.0
520	1517.7611	189.19568	1724.2557	1173.2039	1000.0	149.49817	43.238308	196.2823	-31.188482	2600000	0.0039172918	458.7521	-8.07957	0.091371514	6.0
521	1311.9159	487.81378	1811.1597	563.4454	1000.0	125.40086	75.77704	191.51228	-34.899395	2605000	0.022455253	440.61166	-7.931622	0.09575148	1.0
522	1514.469	462.0272	1903.5795	609.7478	1000.0	146.69963	62.066036	195.79585	-55.800877	2610000	-0.028099613	488.56815	-7.9784408	0.07603893	16.0
523	1042.8961	804.5295	1796.903	-66.8049	1000.0	107.611664	92.66935	219.54277	-41.631096	2615000	-0.062414143	627.2086	-7.840928	0.03681672	79.0
524	1168.2413	501.48358	1609.8074	353.59503	1000.0	124.263985	72.220345	208.10947	-46.022713	2620000	-0.06929298	758.1194	-8.004526	0.052679975	79.0
525	1361.1058	433.88318	1632.1609	502.30878	1000.0	128.71815	60.49261	189.66893	-39.84519	2625000	-0.021821765	720.4927	-8.104387	0.086576134	10.0
526	1630.3031	41.821583	1692.8728	1571.9764	1000.0	155.44902	10.3982315	196.19505	104.93913	2630000	0.040941138	188.77533	-8.178498	0.13281423	1.0
527	1124.0618	833.92993	1961.2222	-90.071266	1000.0	103.64164	91.530716	192.45528	-87.93386	2635000	0.020864278	633.23975	-7.954554	0.079516724	1.0
528	1539.6449	235.6324	1821.2786	1162.9583	1000.0	153.70819	57.57062	210.60092	-58.4268	2640000	0.011287797	736.1768	-8.129181	0.08471809	3.0
529	1596.7322	232.89543	1785.1458	1189.6769	1000.0	154.07257	52.118534	211.10323	-41.38613	2645000	-0.046374317	597.3323	-8.181827	0.077781424	35.0
530	1415.9196	510.4396	1755.5784	399.13412	1000.0	142.26813	67.29956	203.41647	-31.571562	2650000	-0.001354726	489.73856	-8.090926	0.0942784	5.0
531	1204.1274	586.59534	1822.4736	178.52972	1000.0	120.33279	84.706535	202.35452	-49.043484	2655000	-0.008233946	672.05835	-7.997304	0.08814086	6.0
532	1448.5785	527.5921	1767.596	396.42065	1000.0	131.80939	67.91999	192.32579	-36.801933	2660000	-0.020037936	654.4539	-8.112789	0.07864321	10.0
533	1390.4716	438.05447	1840.5138	625.44073	1000.0	134.65463	73.336784	208.51341	-41.17967	2665000	-0.041262455	684.98553	-8.095401	0.07797017	24.0
534	1504.0084	483.4407	1776.6469	539.3406	1000.0	145.27205	65.70585	203.81564	-38.39552	2670000	-0.019046448	401.7534	-8.150201	0.077783935	10.0
535	1813.1741	78.27175	1930.5554	1688.101	1000.0	177.36252	11.246901	209.0717	54.4954	2675000	0.0064688963	267.61255	-8.292444	0.084722444	5.0
536	1498.7922	332.54846	1842.0132	1093.7651	1000.0	157.54947	65.70838	217.08241	-27.550367	2680000	-0.058770854	767.6428	-8.208062	0.056823403	79.0
537	1627.5901	245.51892	1827.0667	1143.9492	1000.0	158.13515	48.413795	200.0125	-34.219807	2685000	-0.044568412	516.0516	-8.288128	0.07990471	23.0
538	1434.2632	503.28967	1785.3015	442.2711	1000.0	147.88147	69.036644	202.46494	-32.430977	2690000	0.017987465	433.6594	-8.221339	0.088223524	1.0
539	1531.524	281.31653	1741.4017	990.3084	1000.0	157.54857	48.460133	196.24673	-29.231613	2695000	0.0404279	473.0997	-8.288339	0.116168946	1.0
540	1750.4846	105.97862	1858.3848	1622.1086	1000.0	166.60628	10.64564	197.11562	75.476006	2700000	0.05503385	361.29694	-8.385734	0.12894395	1.0
541	1499.4086	477.59378	1873.2571	669.2773	1000.0	146.82545	70.49751	209.76147	-33.605404	2705000	0.0384273	579.2614	-8.252486	0.15500481	1.0
542	1608.111	124.40309	1785.855	1440.4296	1000.0	173.2539	10.577017	210.1856	87.48548	2710000	0.031097382	435.3177	-8.357882	0.08423024	1.0
543	1662.3987	84.95975	1772.1262	1558.2544	1000.0	166.10918	12.713431	205.57126	94.94075	2715000	0.060749486	315.00064	-8.380157	0.14052008	2.0
544	1291.8469	599.3023	1865.761	167.31053	1000.0	131.77885	76.01539	203.31732	-28.352545	2720000	0.03453727	694.8118	-8.187623	0.08928865	1.0
545	1418.1187	771.71747	2019.7675	-108.1539	1000.0	127.23792	74.49888	205.33952	-37.015175	2725000	0.034458388	735.27454	-8.212272	0.089046925	1.0
546	1783.093	88.731674	1881.3494	1673.0002	1000.0	177.91576	22.249382	224.56172	-59.656567	2730000	0.039809205	520.475	-8.359881	0.08084253	2.0
547	1765.6497	76.49316	1863.6873	1635.2736	1000.0	178.14795	11.278948	211.71274	56.704853	2735000	0.05471211	194.52766	-8.390413	0.15424265	1.0
548	1304.2473	711.5089	1756.7029	-114.46925	1000.0	142.80334	75.46198	207.91797	-26.772352	2740000	0.047894258	351.02542	-8.208186	0.1501917	1.0
549	1682.8572	52.557453	1755.8783	1594.6277	1000.0	171.3534	13.145182	205.69391	82.243126	2745000	0.032106213	319.19458	-8.422956	0.07909269	1.0
550	1573.6356	388.78098	1906.5554	815.1241	1000.0	154.53091	53.928967	207.97493	-22.743977	2750000	0.02312037	539.6862	-8.328958	0.07717185	1.0
551	1486.0887	607.1259	1855.8735	274.70428	1000.0	147.8294	68.93462	217.11185	-31.363096	2755000	0.014231235	510.67914	-8.303608	0.07807293	4.0
552	1474.7288	610.90674	1891.0695	262.658	1000.0	146.26663	73.35823	217.11252	-51.141434	2760000	-0.0013907201	412.69476	-8.30841	0.083036356	6.0
553	1671.0447	43.642567	1710.7024	1587.7828	1000.0	178.68925	11.887868	212.71521	51.490234	2765000	0.014307754	250.55792	-8.425325	0.07781657	4.0
554	1689.325	55.323956	1750.9939	1594.2722	1000.0	172.80869	11.704698	210.1507	58.838715	2770000	0.0383342	334.60034	-8.450842	0.08235455	1.0
555	1783.9912	115.84041	1882.724	1583.9972	1000.0	174.85333	10.745456	216.48459	127.97782	2775000	0.047287107	318.59344	-8.422228	0.11550708	1.0
556	1734.4908	96.44138	1911.1827	1624.7748	1000.0	181.5366	12.187624	217.9391	121.83052	2780000	0.053533502	290.4999	-8.430512	0.1090495	1.0
557	1418.1598	437.39578	1735.1807	553.17236	1000.0	152.32347	62.86882	204.70457	-22.432495	2785000	0.047362782	424.9808	-8.303618	0.1352374	1.0
558	1567.6545	197.74216	1728.0045	1194.3192	1000.0	158.58926	32.063988	198.55298	-37.792274	2790000	0.010761073	628.6072	-8.405204	0.0864738	3.0
559	1656.3538	108.31673	1776.5648	1462.9094	1000.0	165.15755	12.613154	197.7348	41.410378	2795000	0.0037009208	292.99588	-8.4381	0.07513293	5.0
560	1543.1543	154.648	1730.3905	1301.3037	1000.0	162.198	35.036366	215.27554	10.75805	2800000	0.025737816	560.5501	-8.371653	0.081367895	1.0
561	1696.383	125.29248	1857.88	1564.6527	1000.0	164.75943	13.218419	211.33765	8.438464	2805000	0.030843748	326.41074	-8.429229	0.1263684	3.0
562	1329.8395	716.2356	1719.4563	-101.67315	1000.0	145.87311	56.87682	221.82452	13.534739	2810000	0.020264503	529.3475	-8.297938	0.078086615	2.0
563	1415.4377	589.85754	1831.8668	252.72015	1000.0	141.95282	66.58985	203.15651	-42.36357	2815000	0.0012115159	438.6535	-8.310943	0.082818545	5.0
564	1643.2766	102.581314	1778.1757	1461.8025	1000.0	171.02255	12.316451	205.80821	57.57442	2820000	0.034348913	245.24174	-8.492217	0.084978014	2.0
565	1710.7252	65.17595	1781.4645	1611.0175	1000.0	169.37186	9.832387	200.13	114.0574	2825000	-0.00057245063	249.50986	-8.496208	0.08493201	7.0
566	1708.6208	98.55215	1865.7521	1573.0139	1000.0	171.54352	26.209133	200.19656	-15.514145	2830000	-0.015796294	450.7909	-8.470239	0.07603587	11.0
567	1643.5188	70.78423	1756.0818	1547.1008	1000.0	173.07695	13.334951	210.35704	18.357307	2835000	-0.015707184	280.35596	-8.467857	0.076965295	11.0
568	1758.1101	109.39306	1909.6537	1648.3538	1000.0	171.74738	12.607157	209.46758	64.045906	2840000	0.0043312483	275.09647	-8.472395	0.089479245	7.0
569	1502.7878	547.3788	1802.9791	408.70682	1000.0	155.73352	62.227936	219.82239	-16.631176	2845000	-0.012687195	320.16574	-8.359127	0.08465337	7.0
570	1467.3993	742.01715	1956.6989	-11.140764	1000.0	142.52164	75.13154	223.54784	-29.369026	2850000	-0.020020965	378.61734	-8.301146	0.075288415	9.0
571	1747.0408	86.113754	1842.899	1619.5503	1000.0	184.88982	14.680338	220.87494	56.837936	2855000	-0.011591494	282.39862	-8.462575	0.08074386	11.0
572	1579.6837	527.6367	1941.8931	534.2775	1000.0	157.44974	67.257904	225.60677	-26.87184	2860000	-0.045263357	383.42654	-8.368328	0.07562777	29.0
573	1704.5316	222.85228	1982.3059	1300.6857	1000.0	173.05122	46.38073	223.66539	-22.372747	2865000	-0.06339269	555.0358	-8.453158	0.059721667	79.0
574	1789.6536	55.754417	1870.0878	1718.091	1000.0	182.69168	12.741726	238.37236	90.14658	2870000	-0.055521276	190.64708	-8.548097	0.07705498	57.0
575	1389.7856	531.1741	1767.0095	337.2161	1000.0	164.54185	49.261005	227.96846	5.9274898	2875000	0.029779237	696.8264	-8.422462	0.08043332	1.0
576	1823.0505	99.67341	1941.4869	1663.9802	1000.0	167.41632	12.468799	212.36708	44.460033	2880000	0.02957782	321.63235	-8.566482	0.12004407	3.0
577	1799.095	65.320984	1846.7418	1669.9664	1000.0	182.58165	9.995196	220.32272	130.56496	2885000	0.039373945	218.51904	-8.516153	0.10113734	1.0
578	1706.032	92.91018	1826.0919	1554.4012	1000.0	181.52933	10.358221	217.61633	55.624058	2890000	0.050273538	285.0462	-8.523941	0.117211744	1.0
579	1652.2067	255.23152	1864.5776	1153.2083	1000.0	163.90848	48.27865	208.75758	-19.135052	2895000	0.037922155	368.045	-8.466767	0.081421055	1.0
580	1814.1614	35.372044	1845.4393	1770.3978	1000.0	179.91675	11.685048	208.92513	57.581814	2900000	0.055359118	304.52386	-8.537415	0.14543137	1.0
581	1468.1174	620.8502	1982.3566	253.57458	1000.0	158.3512	63.471786	220.87682	-2.366484	2905000	0.032543395	609.5365	-8.364709	0.08631082	1.0
582	1636.0469	79.43755	1767.8082	1545.2438	1000.0	174.03764	15.065401	220.18172	20.019415	2910000	0.014420398	340.8083	-8.516746	0.07796881	3.0
583	1687.2454	180.33191	1856.1846	1348.9856	1000.0	163.7611	41.510292	217.5329	-45.744514	2915000	0.04147381	472.4476	-8.466798	0.08944521	1.0
584	1771.4414	102.71543	1973.7952	1700.79	1000.0	177.19041	17.179585	208.73149	-30.73478	2920000	0.035470802	510.3476	-8.497617	0.121806785	1.0
585	1826.5211	75.93364	1936.0764	1734.3452	1000.0	183.14986	13.822904	225.15707	57.720356	2925000	0.0028501633	262.13757	-8.517688	0.082313724	6.0
586	1826.9795	112.60629	2007.5181	1704.138	1000.0	186.68332	10.341519	211.78308	128.7328	2930000	-0.012574953	271.06506	-8.544905	0.078972735	10.0
587	1857.9115	50.23321	1932.945	1795.7944	1000.0	188.14632	10.088465	214.24756	131.7921	2935000	0.04870507	219.22815	-8.520694	0.11626484	1.0
588	1410.2356	446.98767	1818.389	701.24695	1000.0	161.29332	62.32971	213.44028	-43.524525	2940000	0.037971128	949.9162	-8.381811	0.11420479	1.0
589	1761.7588	119.056816	1886.8427	1576.4513	1000.0	164.92578	32.36656	202.316	-44.847576	2945000	0.011022331	532.3514	-8.496225	0.07994208	4.0
590	1838.9908	117.733955	1964.0099	1623.0879	1000.0	181.54662	13.296671	215.87299	57.186752	2950000	-0.01772475	359.37363	-8.510534	0.07759383	12.0
591	1815.3174	67.47541	1901.9849	1741.4304	1000.0	187.16724	11.824089	220.54124	129.78192	2955000	0.03396566	259.59326	-8.535656	0.100207016	2.0
592	1815.0856	120.98619	1994.917	1624.8793	1000.0	185.54608	10.978027	214.14127	92.119026	2960000	-0.02412831	369.8944	-8.528019	0.08674583	17.0
593	1817.593	67.60679	1930.0258	1723.2394	1000.0	187.44832	13.704033	219.31499	70.08581	2965000	0.041658092	308.47995	-8.515148	0.10543569	1.0
594	1849.2142	137.70987	2015.0433	1678.1014	1000.0	189.366	12.732246	223.51906	126.87758	2970000	0.03958894	380.6245	-8.501162	0.09433609	2.0
595	1918.0531	103.839806	2088.2744	1786.8685	1000.0	190.98924	13.479989	231.02422	118.045204	2975000	-0.048456993	285.34644	-8.546361	0.08043281	32.0
596	1566.9525	398.42584	1926.5408	792.8447	1000.0	177.35411	50.008217	225.06224	-8.896479	2980000	-0.030424792	689.0593	-8.461293	0.08025727	19.0
597	1853.1094	124.5879	2032.2426	1642.9766	1000.0	178.32675	16.660471	214.36383	-22.865118	2985000	0.0043907417	413.77164	-8.566258	0.08672503	4.0
598	1896.1074	97.81747	2076.29	1803.7275	1000.0	190.17966	11.17827	222.74228	71.59429	2990000	0.03145886	176.6	-8.5533	0.07668174	1.0
599	1932.0613	86.173805	2040.2285	1827.1682	1000.0	192.95438	13.339657	227.61426	56.57392	2995000	0.04735156	435.7164	-8.568616	0.11604402	1.0
600	1721.0631	150.01212	1885.5984	1459.6458	1000.0	189.7078	34.688324	244.95815	4.7846956	3000000	0.06617967	508.271	-8.499013	0.15693548	1.0
