Epoch	AverageEpRet	StdEpRet	MaxEpRet	MinEpRet	EpLen	AverageVVals	StdVVals	MaxVVals	MinVVals	TotalEnvInteracts	PolicyLoss	ValueLoss	Entropy	AvgKL	StopIter
1	-125.92775	53.660313	-29.94462	-185.13406	1000.0	0.49524614	0.7090367	3.683579	-1.7863512	5000	-0.117766455	134.2535	2.4409668	0.02244092	79.0
2	-150.14644	35.282585	-108.34227	-209.23639	1000.0	-10.262573	3.0323155	-0.84616995	-22.154995	10000	-0.11989471	89.07603	2.378375	0.01921373	79.0
3	-89.35661	49.989677	-21.429506	-149.3706	1000.0	-13.168977	3.5408406	-2.7820244	-33.51765	15000	-0.12116395	111.4397	2.3603723	0.018126376	79.0
4	-87.69889	46.665062	-22.647615	-165.5383	1000.0	-8.687797	3.0435016	0.39968374	-22.737799	20000	-0.11967652	69.27056	2.3567426	0.013500194	79.0
5	-68.28026	65.02641	0.8853811	-180.36555	1000.0	-7.5480804	3.5144734	3.341917	-27.974386	25000	-0.12640782	90.19782	2.2731304	0.034390178	79.0
6	-43.75514	75.149895	25.965082	-169.00024	1000.0	-6.302218	6.646733	8.491623	-33.504333	30000	-0.1242282	81.50321	2.2291977	0.03604881	79.0
7	-60.619026	62.031216	-1.0374441	-139.99864	1000.0	-7.0425577	9.878692	13.621116	-29.59024	35000	-0.12319441	33.32829	2.168181	0.030255398	79.0
8	-35.670437	21.918083	-8.1174755	-69.609024	1000.0	-3.829814	4.780617	8.5085335	-22.638151	40000	-0.117836185	38.174995	2.158571	0.03602993	79.0
9	-13.186981	45.6699	40.10042	-98.00058	1000.0	-4.1665626	8.568481	12.594757	-24.629929	45000	-0.12439453	48.83167	2.102148	0.041534882	79.0
10	30.411322	41.86924	68.23476	-39.033123	1000.0	1.412772	5.451836	16.038382	-21.144161	50000	-0.12278287	66.34031	2.1118016	0.025277244	79.0
11	31.94396	34.26123	69.99519	-31.987167	1000.0	1.1962628	4.929044	17.5889	-12.9087305	55000	-0.12422268	47.58026	2.0840418	0.040099412	79.0
12	31.15715	76.10735	174.84222	-30.699661	1000.0	-0.46338087	5.764498	24.402664	-14.307605	60000	-0.11182562	56.26205	2.0292704	0.037962172	79.0
13	66.28238	61.303467	180.95122	-3.0603735	1000.0	3.0824316	7.4287114	37.462086	-14.409835	65000	-0.1133073	32.80615	1.9965137	0.037840813	79.0
14	70.76089	39.51375	136.66794	29.432524	1000.0	7.560914	8.68995	45.222973	-8.303041	70000	-0.11633681	51.35177	1.9553617	0.029657925	79.0
15	83.63229	32.235382	126.17543	47.324844	1000.0	5.8428845	9.286212	33.752937	-20.463823	75000	-0.12091233	56.2447	1.8640841	0.03995405	79.0
16	70.24281	29.787107	108.39969	36.52393	1000.0	7.0257564	5.7258353	34.005383	-9.400075	80000	-0.11860105	16.585066	1.8639891	0.034494866	79.0
17	102.59381	58.082344	161.8673	5.0907297	1000.0	5.2066774	7.178317	27.01345	-24.366716	85000	-0.12409924	33.60377	1.7684106	0.049002092	79.0
18	40.174686	106.473145	183.89896	-118.38188	1000.0	4.9252567	16.865063	38.55577	-29.379162	90000	-0.12816197	36.725506	1.6564871	0.037696138	79.0
19	53.94397	128.21475	143.391	-201.08339	1000.0	2.7362747	13.325056	33.40124	-26.817251	95000	-0.12271326	29.455172	1.6496013	0.03856328	79.0
20	102.77866	40.912067	162.99892	43.77743	1000.0	8.85713	6.164746	32.628376	-3.8138258	100000	-0.12169722	20.41906	1.6724805	0.048890658	79.0
21	139.34697	82.31346	299.2522	72.82039	1000.0	13.229335	8.601603	34.060837	-2.7867222	105000	-0.12346303	49.412357	1.5894972	0.034705617	79.0
22	138.92441	39.420944	189.37675	100.43109	1000.0	12.278526	8.00877	42.69019	-6.548903	110000	-0.120252185	41.18544	1.5463488	0.039587215	79.0
23	255.54529	68.85804	384.73917	181.01273	1000.0	16.353807	7.956479	41.95758	-4.7641244	115000	-0.1281692	57.09698	1.4600264	0.06759262	79.0
24	166.4992	62.235485	263.1337	86.18542	1000.0	18.900698	12.1746	46.432365	-4.598449	120000	-0.12338607	50.944653	1.424761	0.02793165	79.0
25	187.03256	34.016045	238.24022	147.03741	1000.0	12.315696	11.720008	43.03258	-24.789862	125000	-0.115382455	52.55357	1.392067	0.049293928	79.0
26	252.17947	48.69898	326.66373	196.91081	1000.0	22.563326	11.693336	54.38773	-2.2077582	130000	-0.12472955	58.676525	1.3171519	0.037577465	79.0
27	339.82822	65.86283	425.377	230.76938	1000.0	27.901752	11.086936	50.18028	2.7602966	135000	-0.12366537	81.336	1.277097	0.058000416	79.0
28	296.44305	70.235176	351.6048	181.52052	1000.0	27.561295	13.988893	57.420944	3.8959985	140000	-0.12664656	81.58923	1.1822412	0.031376593	79.0
29	232.87463	37.454678	284.5377	170.26639	1000.0	19.856792	10.071421	56.63631	-0.12285892	145000	-0.12081278	43.812096	1.1752994	0.04211935	79.0
30	325.6478	82.02503	469.8453	262.01678	1000.0	27.859453	13.232135	65.486755	6.884421	150000	-0.1258508	41.504475	1.0970837	0.0518573	79.0
31	406.81992	146.28464	634.21454	212.36604	1000.0	34.65216	13.865347	61.958035	8.439414	155000	-0.12562695	108.07448	1.0572804	0.056282464	79.0
32	329.5661	98.6122	518.4505	233.69916	1000.0	30.895597	15.862909	75.533775	10.220336	160000	-0.11474745	87.63207	1.0047758	0.051181287	79.0
33	360.48944	100.30554	532.14496	259.9133	1000.0	36.002537	18.534443	81.99637	3.590991	165000	-0.12223518	87.5673	0.95922303	0.023650687	79.0
34	346.6354	129.73935	576.24976	200.77065	1000.0	30.442968	13.596286	75.935455	2.4337313	170000	-0.120462514	55.54804	0.88590586	0.051323365	79.0
35	264.05182	154.73114	402.29788	-32.45101	1000.0	26.33225	23.22643	79.36519	-32.103077	175000	-0.123460375	58.369144	0.76389515	0.040683266	79.0
36	398.19904	93.81164	535.2443	303.4041	1000.0	32.872883	13.289735	70.78772	8.786898	180000	-0.12566967	78.420975	0.7513953	0.049929753	79.0
37	542.9547	86.04137	640.2014	397.78238	1000.0	47.619118	16.2175	83.420784	15.568184	185000	-0.12510172	131.33992	0.63794786	0.052445605	79.0
38	471.18887	39.333088	523.91113	403.34854	1000.0	44.596924	15.858997	89.04115	13.618057	190000	-0.12343633	70.25736	0.5607009	0.037045795	79.0
39	497.69742	77.854324	583.30316	377.48917	1000.0	48.03949	12.722194	81.85187	20.145267	195000	-0.12691583	77.78068	0.5026055	0.059552044	79.0
40	573.2688	101.323784	759.7614	477.91846	1000.0	51.56253	13.36456	87.443054	26.329283	200000	-0.13326477	139.38782	0.4169716	0.060028438	79.0
41	518.8932	99.53629	675.55646	406.06158	1000.0	51.764416	15.568982	95.33101	21.920797	205000	-0.12379721	104.9449	0.3593112	0.058192674	79.0
42	567.6167	77.4872	664.4979	458.98044	1000.0	50.498962	16.795738	99.633286	21.412605	210000	-0.12550183	91.61376	0.2674101	0.045390565	79.0
43	614.5624	41.45708	645.62805	535.3258	1000.0	60.280136	15.706775	101.41031	23.947327	215000	-0.12767431	88.16827	0.21044716	0.04968301	79.0
44	740.00867	99.82715	844.9641	555.982	1000.0	62.97158	13.039419	97.662445	36.873882	220000	-0.11110669	176.01071	0.1179522	0.07570813	37.0
45	640.923	81.94514	764.8473	517.4135	1000.0	67.997604	17.960083	113.63135	31.209024	225000	-0.1255323	131.80345	0.05923684	0.053623937	79.0
46	630.18036	95.03251	814.84766	547.2384	1000.0	64.643616	14.688849	104.30123	34.30628	230000	-0.13223013	114.1668	0.0057756277	0.045869842	79.0
47	745.3242	117.688835	857.511	529.1144	1000.0	68.75227	13.419754	103.41435	38.945705	235000	-0.10250542	127.861	-0.04880558	0.07514254	41.0
48	866.0409	169.54225	1033.6866	553.6306	1000.0	79.97063	18.169004	112.50874	4.846929	240000	-0.1312583	298.68744	-0.15934756	0.06405078	79.0
49	804.2979	107.93778	955.18835	669.1828	1000.0	82.71688	23.54771	133.83565	-24.268911	245000	-0.1319072	225.61545	-0.23717134	0.046033043	79.0
50	925.4772	95.272934	1059.8044	786.75366	1000.0	81.42818	18.477566	127.145645	17.766874	250000	-0.12968946	286.5504	-0.33699596	0.06579698	79.0
51	883.75037	175.94374	1115.7817	685.08093	1000.0	91.21849	21.367569	142.55644	36.5721	255000	-0.13300249	275.0587	-0.37921676	0.044268455	79.0
52	927.2399	66.53368	1029.4858	831.9664	1000.0	91.723564	22.506804	147.8128	42.93927	260000	-0.12942933	175.959	-0.50984424	0.045788717	79.0
53	840.69904	95.72724	1011.74646	757.42004	1000.0	89.5756	16.660875	133.51863	56.775925	265000	-0.1294357	189.98112	-0.56325674	0.049856063	79.0
54	964.73816	70.27719	1092.5701	878.0649	1000.0	91.1301	12.184718	129.11261	50.8864	270000	-0.11097182	283.30487	-0.5762005	0.07512295	32.0
55	1027.2484	162.69002	1278.8774	840.91943	1000.0	95.78072	16.61976	140.32104	44.877125	275000	-0.13576363	267.0066	-0.6653078	0.05576797	79.0
56	1103.7754	129.16684	1257.4003	923.7206	1000.0	105.6646	17.698576	154.93782	53.466137	280000	-0.13437071	279.3871	-0.73530114	0.04762101	79.0
57	1135.6097	131.08188	1327.2927	960.66614	1000.0	110.29969	18.240898	160.6018	59.141144	285000	-0.12181255	296.35745	-0.85844064	0.07540541	64.0
58	1057.2985	154.7896	1214.4945	840.67596	1000.0	111.002525	20.234985	158.2471	56.749172	290000	-0.13214709	429.16776	-0.8857674	0.044801727	79.0
59	1119.0857	151.8648	1415.0587	987.0937	1000.0	108.33351	19.481796	176.47787	64.85103	295000	-0.123997375	316.82693	-0.9840611	0.07127603	79.0
60	1280.6711	79.84115	1380.3287	1141.8787	1000.0	117.5398	16.792288	161.33566	64.08966	300000	-0.13321657	411.3672	-1.0366611	0.05811812	79.0
61	1226.5101	102.36	1399.7737	1105.4102	1000.0	124.63894	18.523481	171.6224	73.83984	305000	-0.13194184	397.3467	-1.1239173	0.05132149	79.0
62	1324.1259	109.48441	1455.6757	1182.5369	1000.0	130.73323	16.600653	177.9611	57.280872	310000	-0.12822726	438.3247	-1.1903992	0.069892935	79.0
63	1398.9731	92.527405	1504.1226	1227.6984	1000.0	133.52783	21.245737	183.66248	71.08835	315000	-0.13092119	407.3456	-1.3170438	0.060620107	79.0
64	1356.1273	45.253784	1409.9248	1284.6775	1000.0	141.37325	23.193663	197.35101	78.45	320000	-0.12967753	429.388	-1.3857468	0.050795045	79.0
65	1286.5762	162.58939	1549.8728	1077.6234	1000.0	134.45427	24.14926	190.78851	63.023983	325000	-0.12726057	537.7635	-1.4783622	0.053911634	79.0
66	1503.057	131.20418	1690.1385	1292.862	1000.0	135.58708	22.409512	199.84526	40.600147	330000	-0.1295816	511.9508	-1.6095876	0.064886265	79.0
67	1502.9576	124.12035	1702.7224	1375.6302	1000.0	150.96855	21.561092	194.58284	62.746716	335000	-0.13115783	580.6081	-1.6850231	0.062061805	79.0
68	1511.4861	44.01508	1579.2415	1461.5319	1000.0	151.77454	21.81379	205.54631	75.77993	340000	-0.13335727	533.029	-1.7718188	0.053409852	79.0
69	1502.364	145.47562	1714.0255	1330.166	1000.0	152.6953	21.589842	202.34425	80.857925	345000	-0.10951898	452.11575	-1.8076558	0.076727755	37.0
70	1610.5846	82.42492	1712.9104	1488.9708	1000.0	153.90672	22.242308	203.19354	89.78538	350000	-0.0915151	534.4426	-1.8605098	0.07577251	30.0
71	1793.4307	85.79491	1870.1442	1634.5393	1000.0	169.16264	17.851109	220.12259	99.29623	355000	-0.089441486	560.77124	-1.9272803	0.078184836	34.0
72	1572.8206	145.94484	1853.6821	1441.3221	1000.0	173.4142	23.060587	222.71642	102.1689	360000	0.039105024	723.339	-1.9116875	0.07888922	1.0
73	1614.8704	77.29533	1750.8218	1522.4468	1000.0	158.97737	24.98535	218.05022	83.14761	365000	0.052262146	547.41	-1.9515289	0.07700066	1.0
74	1726.8685	153.49655	2009.7456	1558.1486	1000.0	167.36064	25.106836	211.70026	29.77852	370000	0.07534917	744.29736	-1.9801017	0.15926895	1.0
75	1753.9338	183.46986	2105.8887	1610.5344	1000.0	175.08437	26.149794	226.24748	91.821655	375000	0.047288086	595.8368	-2.0176327	0.0946035	1.0
76	1776.3834	177.70038	2124.352	1628.0739	1000.0	179.51598	23.492878	240.85071	107.24843	380000	0.061622858	601.9053	-2.0579689	0.10369047	1.0
77	1791.8396	124.1231	1960.3135	1662.5449	1000.0	181.6326	21.184061	224.81682	102.87713	385000	0.040862095	789.3118	-2.0429294	0.08155365	1.0
78	1756.4512	98.98364	1881.1638	1584.4637	1000.0	177.49205	27.396385	235.23354	85.618774	390000	0.04343966	682.6702	-2.0542972	0.07820734	1.0
79	1958.1263	138.67023	2164.1553	1736.3671	1000.0	182.41666	22.084007	230.574	111.74563	395000	0.025789054	555.0147	-2.179391	0.07666598	4.0
80	1710.8005	208.33177	2042.8359	1431.5873	1000.0	192.3089	18.300718	237.31522	128.51324	400000	-0.029284244	709.0886	-2.0783565	0.081686914	8.0
81	1879.6536	70.28242	1959.596	1765.6461	1000.0	176.47081	23.5095	226.78026	104.833534	405000	-0.12445374	604.29645	-2.2205276	0.05267876	79.0
82	2019.5974	79.65895	2128.526	1903.8651	1000.0	192.67334	21.916185	244.26843	121.838394	410000	-0.12414973	502.05453	-2.3081036	0.060314644	79.0
83	2071.9775	117.874825	2191.5276	1852.2239	1000.0	202.85373	17.640255	244.47571	145.29472	415000	-0.023779813	737.1085	-2.341768	0.09492027	8.0
84	1954.718	206.73792	2339.5166	1739.786	1000.0	208.21933	22.959187	261.39655	142.21948	420000	0.020805288	773.4095	-2.3132458	0.08091421	3.0
85	1918.9883	88.44626	2071.542	1823.6238	1000.0	199.91403	23.36539	251.6724	112.72754	425000	-0.015831396	583.11554	-2.3032458	0.07519118	8.0
86	1999.5465	105.14223	2179.5469	1874.752	1000.0	194.39685	19.736572	241.33298	131.32281	430000	-0.059112538	574.4405	-2.3607311	0.077990144	15.0
87	1964.7881	357.5994	2242.8728	1269.2064	1000.0	198.92352	28.181938	244.40196	42.657543	435000	-0.12556446	1035.7262	-2.4441845	0.051709924	79.0
88	2106.1716	199.06487	2329.0479	1817.2677	1000.0	205.8309	25.504627	255.51619	114.50409	440000	-0.111022085	975.256	-2.524877	0.06649813	79.0
89	2038.4697	127.8784	2239.5342	1873.0547	1000.0	208.26282	26.576715	260.53473	87.3056	445000	-0.12440925	663.0635	-2.5229788	0.05027507	79.0
90	2075.4045	82.54188	2166.6902	1955.3961	1000.0	206.82233	22.974823	261.8078	133.6806	450000	-0.12002619	601.504	-2.6023839	0.041384768	79.0
91	2241.1675	158.50116	2423.2732	1996.2413	1000.0	215.3779	19.282091	257.34128	141.95859	455000	-0.02488446	617.6678	-2.64223	0.08645091	11.0
92	2012.9664	21.277653	2040.3035	1978.174	1000.0	220.39246	22.143501	266.78976	154.7645	460000	-0.06528721	659.0902	-2.6402352	0.0759058	18.0
93	2104.3562	131.66463	2323.2688	1915.1416	1000.0	207.9952	22.72855	255.49916	141.4927	465000	-0.07273494	682.3996	-2.6726968	0.07581689	20.0
94	2039.1508	189.29156	2303.7686	1832.0221	1000.0	214.0259	24.603954	265.17145	136.64386	470000	-0.1286048	722.6127	-2.7035966	0.045881547	79.0
95	2129.354	164.5514	2324.5828	1929.8309	1000.0	210.78336	25.801601	260.8957	129.23451	475000	-0.12063381	769.8226	-2.8075755	0.054968335	79.0
96	2341.664	78.05443	2396.0232	2187.0984	1000.0	221.5226	21.125216	265.35117	143.93782	480000	-0.08705774	610.2151	-2.8649535	0.08373178	45.0
97	2314.275	81.53691	2399.164	2168.9233	1000.0	236.87856	20.738764	276.4648	165.25266	485000	0.04393333	553.9977	-2.8669035	0.07929792	1.0
98	2173.9712	195.27289	2460.4514	1860.2843	1000.0	230.482	22.4292	273.57944	147.66223	490000	0.055629835	884.9089	-2.860996	0.08303966	1.0
99	2323.4204	91.60724	2456.523	2231.7705	1000.0	226.26137	22.065447	274.8317	152.48589	495000	0.058533948	565.6724	-2.888198	0.12832476	1.0
100	2313.037	72.39799	2429.3213	2212.558	1000.0	233.91495	21.531586	278.71683	154.80942	500000	0.06053699	561.9815	-2.880237	0.11970772	1.0
101	2286.1606	172.02986	2455.524	1961.1189	1000.0	235.61377	22.611155	274.6198	158.22354	505000	0.02012033	753.8876	-2.888385	0.084571585	4.0
102	2432.679	112.39209	2596.0913	2291.741	1000.0	237.91838	20.629118	276.96255	157.69977	510000	0.008696608	724.4642	-2.9189405	0.08421476	4.0
103	2250.5742	80.94825	2326.6528	2108.0999	1000.0	241.64772	25.525362	292.325	145.22018	515000	-0.018736284	699.2142	-2.891372	0.07530082	8.0
104	2202.995	108.1008	2337.997	2039.7245	1000.0	228.88928	25.181307	282.41574	141.76343	520000	-0.04043424	647.7521	-2.9028754	0.08408212	11.0
105	2403.8179	140.58867	2604.2705	2230.5667	1000.0	228.16173	20.212353	264.81723	155.31825	525000	-0.041783854	1066.6868	-2.9494958	0.07621909	12.0
106	2271.2961	118.30013	2478.7405	2111.3625	1000.0	238.9374	27.894735	292.3648	151.14943	530000	-0.12203108	649.0941	-3.0215468	0.043698583	79.0
107	2364.3237	200.36143	2568.0974	2018.869	1000.0	234.04884	20.213966	272.98495	158.63736	535000	-0.084463745	946.9183	-3.031081	0.07890714	29.0
108	2371.4458	231.30243	2754.719	2050.3352	1000.0	240.73724	25.156202	293.81818	147.19714	540000	-0.054784223	763.09735	-3.1004767	0.080139235	17.0
109	2455.638	83.975876	2598.613	2364.5422	1000.0	244.76668	23.300358	287.1598	151.30869	545000	-0.11571123	713.73553	-3.1658447	0.05037672	79.0
110	2521.1038	199.20833	2763.8435	2281.8215	1000.0	248.7126	24.628227	292.83878	140.3352	550000	-0.102279834	925.7422	-3.2580938	0.059484016	79.0
111	2419.5693	200.80884	2658.0884	2094.5374	1000.0	254.48415	27.666496	305.84042	163.31332	555000	-0.11512886	832.2162	-3.3191657	0.041272163	79.0
112	2408.3806	216.25581	2645.3503	2042.8031	1000.0	247.7524	23.683554	293.5517	170.10364	560000	-0.02990161	846.3186	-3.3326695	0.0876807	11.0
113	2528.734	226.26459	2824.405	2136.6948	1000.0	246.77037	23.884436	287.93515	161.07185	565000	-0.07860284	821.1149	-3.3681722	0.0778197	32.0
114	2405.9224	353.97693	3022.3086	2052.6284	1000.0	256.70975	30.959417	318.8217	171.99501	570000	-0.058321632	1315.218	-3.336268	0.079849094	18.0
115	2570.1804	202.89789	2838.4028	2294.1404	1000.0	253.77617	30.784546	310.05124	144.26494	575000	-0.1090968	944.9002	-3.4317114	0.04840084	79.0
116	2648.7212	153.81857	2917.6267	2487.9434	1000.0	263.7343	22.570494	309.40616	182.37064	580000	-0.05015249	797.8924	-3.4667242	0.080833115	15.0
117	2834.9314	194.16127	3092.8127	2568.5576	1000.0	273.5248	24.164757	319.9456	165.5721	585000	-0.046440143	933.0771	-3.5129156	0.08096483	14.0
118	2539.7656	152.89034	2719.7559	2315.8506	1000.0	275.30276	38.30955	327.1831	148.03645	590000	0.050831422	944.2484	-3.4520345	0.11078009	1.0
119	2710.268	110.489	2824.2043	2523.7107	1000.0	260.19534	22.790754	298.8944	171.00671	595000	0.07587783	839.1416	-3.4759722	0.14918102	1.0
120	2589.498	123.77534	2803.3362	2463.1147	1000.0	271.40262	28.618498	326.74924	169.27376	600000	0.06619412	1035.531	-3.4768488	0.14160167	1.0
121	2483.9321	207.55362	2824.1853	2184.3025	1000.0	261.189	28.488409	312.31485	169.42476	605000	0.06940664	1049.6635	-3.4533594	0.1351111	1.0
122	2637.855	112.96337	2745.3787	2452.3213	1000.0	258.97543	24.927877	312.89462	177.222	610000	0.08142598	848.9925	-3.4822485	0.13282043	1.0
123	2547.315	218.66069	2834.3772	2197.0725	1000.0	260.4567	26.944204	309.7661	171.43877	615000	0.088940844	840.483	-3.4683657	0.16481683	1.0
124	2609.339	183.11499	2884.8247	2409.434	1000.0	259.68326	22.604471	306.64893	157.23596	620000	0.06640404	1161.6796	-3.5291078	0.111905955	1.0
125	2612.8625	140.14223	2805.9392	2389.4128	1000.0	266.83533	26.362635	316.61655	167.87733	625000	0.09202698	1029.3517	-3.534554	0.18568239	1.0
126	2492.742	113.36589	2621.5757	2281.2837	1000.0	261.2189	31.32136	323.0525	157.6133	630000	0.052852858	1436.2216	-3.5255845	0.11194551	1.0
127	2621.377	214.55714	2948.0593	2288.0034	1000.0	256.5346	28.04775	314.91708	156.78873	635000	-0.01142033	1242.304	-3.5527062	0.07503518	8.0
128	2400.9595	222.81801	2669.1702	2060.04	1000.0	260.5654	27.032772	312.66476	172.0452	640000	0.03709009	1349.0536	-3.5122492	0.0893156	1.0
129	2633.0723	117.17168	2786.2341	2485.3245	1000.0	255.82158	31.747528	312.6695	107.48742	645000	-0.021161532	1244.971	-3.5157883	0.07769332	10.0
130	2651.2312	174.32999	2819.596	2407.7405	1000.0	267.93002	30.071627	323.13345	144.7575	650000	-0.11018928	927.4387	-3.5720649	0.03256846	79.0
131	2674.6836	111.05541	2874.503	2544.824	1000.0	268.1134	26.533592	317.98285	173.40114	655000	-0.115677014	992.6966	-3.6646078	0.058111742	79.0
132	2632.4468	188.4529	2911.3835	2344.58	1000.0	271.85025	29.047657	318.58725	158.3643	660000	-0.100080565	1045.3574	-3.7295368	0.062079016	79.0
133	2780.062	141.64154	2961.568	2566.1475	1000.0	276.12186	27.928837	325.94962	154.71414	665000	0.03824101	984.9916	-3.7514417	0.090620935	1.0
134	2769.2708	208.19315	2977.7107	2484.2954	1000.0	280.83026	23.433212	320.09308	189.69705	670000	0.05206118	1153.0243	-3.772819	0.08734479	1.0
135	2662.645	290.82272	3091.5947	2232.0918	1000.0	276.2765	31.844889	334.85757	169.40422	675000	0.08000569	1340.2594	-3.742447	0.15080595	1.0
136	2636.7566	135.55818	2867.747	2496.8606	1000.0	269.99207	31.206635	328.91238	153.7706	680000	0.048452705	994.129	-3.7446778	0.08171164	1.0
137	2729.1255	194.68051	3008.7507	2468.9768	1000.0	271.66806	25.936102	327.69592	167.42526	685000	0.0661703	1131.591	-3.7347364	0.13250634	1.0
138	2733.441	62.333694	2790.9014	2614.0437	1000.0	276.43433	31.541979	332.79147	147.251	690000	-0.014306912	1290.3829	-3.7519243	0.09220561	8.0
139	2710.5764	160.96886	2888.5105	2471.8108	1000.0	278.85107	31.72451	327.4046	159.23595	695000	-0.11081843	1312.8553	-3.7951868	0.03847085	79.0
140	2702.7036	142.59767	2888.8247	2490.659	1000.0	277.0513	36.900322	334.66544	150.87657	700000	-0.10619517	1214.8586	-3.8799903	0.039055694	79.0
141	2812.7024	313.76154	3226.8848	2322.6318	1000.0	274.704	29.619284	324.62048	145.98518	705000	-0.066067636	1538.6566	-3.9067957	0.076260485	25.0
142	2660.4456	92.88912	2783.7427	2557.966	1000.0	279.9149	40.342175	344.67334	149.14333	710000	-0.1034462	1038.3608	-3.9077098	0.037572503	79.0
143	2542.9546	179.93889	2826.0613	2345.443	1000.0	270.8849	28.664165	323.46005	158.92172	715000	-0.024060996	1066.3788	-3.8860898	0.076016545	7.0
144	2575.242	349.3749	3262.4585	2330.8062	1000.0	261.2158	25.781328	310.0024	167.58656	720000	-0.0014063502	1594.7177	-3.8940802	0.090178944	7.0
145	2860.0457	208.82605	3175.6294	2530.2305	1000.0	270.56686	35.126144	325.49207	152.84299	725000	0.038632866	1245.6466	-3.9638915	0.079665	1.0
146	2691.4016	211.61604	2913.2651	2303.513	1000.0	285.41965	30.14549	338.09814	164.8318	730000	0.076463416	1064.0688	-3.9207664	0.16319974	1.0
147	2982.6707	138.9422	3198.6501	2811.828	1000.0	281.99536	22.92682	320.7389	163.72523	735000	0.04107753	792.66254	-3.9934173	0.10266922	1.0
148	2716.0117	120.83708	2909.8486	2569.9011	1000.0	294.2404	26.31719	337.92438	198.23666	740000	0.023099769	1016.7371	-3.937539	0.07937511	2.0
149	2776.3672	209.65427	3058.285	2510.7385	1000.0	278.77728	24.851158	324.70514	180.27379	745000	0.018676901	1126.8842	-3.9365644	0.10154249	4.0
150	2864.6067	145.4074	3007.1414	2609.3794	1000.0	285.7534	27.89022	328.64078	187.23209	750000	0.021743098	1066.8433	-3.966382	0.111058176	4.0
151	2962.669	172.212	3263.876	2733.7705	1000.0	293.724	23.565172	335.06656	183.26358	755000	-0.06824059	755.49	-4.028129	0.07795329	48.0
152	2807.1133	86.38548	2909.1147	2695.4927	1000.0	297.0742	26.78808	342.15915	167.62613	760000	-0.013269271	814.6813	-4.0141244	0.08754241	7.0
153	2768.729	116.74486	2925.9905	2667.8245	1000.0	285.66003	29.352882	330.35486	175.17879	765000	0.01005919	1013.0285	-4.0361214	0.07889736	4.0
154	2895.715	78.64517	3037.0557	2799.2866	1000.0	286.9055	24.144236	326.81262	194.85904	770000	0.012582174	961.3425	-4.0617104	0.098005064	4.0
155	2871.187	117.230446	3043.3765	2697.4941	1000.0	294.13086	25.152237	335.6899	198.15466	775000	0.017747534	885.6262	-4.0460334	0.10276907	4.0
156	2801.6716	145.49892	2986.775	2546.9375	1000.0	290.00174	26.73765	331.3048	196.9514	780000	-0.054337703	1158.387	-4.0748577	0.090688646	21.0
157	2944.1472	114.280334	3145.1387	2835.2993	1000.0	292.00974	26.349642	338.0644	185.8511	785000	-0.055153076	967.0214	-4.1179166	0.089596584	41.0
158	2745.7961	150.79703	2985.2532	2597.3582	1000.0	293.32806	29.888258	344.2492	156.02933	790000	0.0361354	1361.6779	-4.1130123	0.08141303	3.0
159	2985.7114	241.67091	3291.1519	2643.1572	1000.0	292.4749	31.43097	341.06516	176.32788	795000	0.018001217	1044.9995	-4.129376	0.07625159	2.0
160	3064.6423	105.231995	3176.5964	2893.4285	1000.0	302.72647	25.685709	345.61328	151.90982	800000	-0.094714664	865.7153	-4.178236	0.056420818	79.0
161	3013.8308	210.58398	3274.7412	2707.4192	1000.0	310.98126	24.798326	355.3492	195.53319	805000	-0.096804835	779.4669	-4.185279	0.042155165	79.0
162	3013.2888	154.56339	3234.3894	2767.0325	1000.0	309.85342	29.51283	357.3023	198.28621	810000	-0.008564404	980.6662	-4.2000027	0.09507746	10.0
163	3043.609	145.02182	3226.7368	2843.4211	1000.0	308.3536	25.873907	345.9425	194.48236	815000	0.054215953	810.0169	-4.1967654	0.13239406	1.0
164	3026.895	186.64937	3244.4258	2748.1099	1000.0	309.01035	25.130062	347.72528	192.9554	820000	-0.04725243	1011.2003	-4.204805	0.07722548	19.0
165	2953.1477	103.18599	3059.8564	2756.602	1000.0	304.57755	33.134792	351.75586	156.21654	825000	-0.100870535	919.5801	-4.254402	0.025376223	79.0
166	3106.4434	88.87025	3250.1553	3013.297	1000.0	307.57584	23.761045	344.23724	199.52916	830000	-0.025498698	903.4607	-4.3168626	0.08281819	9.0
167	2919.5469	209.66449	3286.8916	2722.3672	1000.0	309.67264	27.45715	352.78638	197.34204	835000	-0.10509669	942.1685	-4.305885	0.040210973	79.0
168	3042.772	204.663	3326.6143	2709.2864	1000.0	305.50336	28.077898	354.0674	196.16458	840000	-0.091338225	888.3894	-4.3656144	0.059587732	79.0
169	2993.45	171.87697	3265.7825	2797.6265	1000.0	311.16467	25.520933	354.5184	196.40736	845000	-0.06618337	809.8443	-4.34463	0.07861954	31.0
170	2919.4895	271.23904	3263.9531	2565.7812	1000.0	307.8806	33.971565	364.5309	180.67519	850000	-0.033418823	1751.6886	-4.354646	0.07673752	9.0
171	2997.8254	212.15816	3218.1985	2600.592	1000.0	302.28705	32.54912	369.44315	137.7386	855000	-0.10042167	765.9894	-4.4227314	0.04248725	79.0
172	2812.1694	142.2067	3024.2996	2653.3315	1000.0	303.1179	29.182365	348.3766	196.15347	860000	-0.043731548	1178.747	-4.4026046	0.080686204	15.0
173	2914.0261	251.02135	3289.478	2559.654	1000.0	292.16675	28.558954	337.28848	192.01813	865000	0.043717	1144.7275	-4.41718	0.08822207	1.0
174	3067.601	177.57416	3283.9119	2843.4368	1000.0	297.96286	29.817785	344.8244	159.80301	870000	0.06388036	962.455	-4.422964	0.114637464	1.0
175	2959.1062	237.76805	3349.1763	2606.264	1000.0	309.32425	32.208054	367.3831	175.56656	875000	0.0703664	1322.7192	-4.4194813	0.14160994	1.0
176	3077.5007	321.30145	3458.9348	2529.9312	1000.0	310.24475	28.3837	373.29602	191.88689	880000	0.05785452	1074.982	-4.432883	0.12473683	1.0
177	3032.2793	134.21426	3162.3123	2794.9592	1000.0	312.85544	32.06881	366.6314	171.88087	885000	0.05920529	980.3878	-4.430056	0.14386223	1.0
178	3078.9656	148.02588	3343.0676	2884.032	1000.0	310.37408	28.161524	356.49548	200.27194	890000	0.063243836	908.5848	-4.4467177	0.12257622	1.0
179	3096.4048	234.56125	3397.6318	2855.5547	1000.0	311.35876	28.148714	365.84164	188.61792	895000	0.06492164	1104.478	-4.494105	0.1351742	1.0
180	3088.8586	181.14604	3281.3792	2793.231	1000.0	313.3409	30.8593	364.5817	166.90616	900000	0.019719744	1357.9546	-4.5009613	0.106217824	3.0
181	3049.2715	184.96336	3362.689	2847.0225	1000.0	316.16766	34.269745	376.73514	171.9079	905000	0.044200666	1111.8154	-4.4785256	0.098879375	1.0
182	2983.2769	222.1631	3202.2424	2609.7083	1000.0	308.849	31.836933	363.84137	144.60223	910000	0.029031977	1454.535	-4.463232	0.078617886	2.0
183	2874.8564	246.91556	3232.9644	2647.4775	1000.0	297.24994	37.565712	360.49902	171.98958	915000	-0.011419315	1680.892	-4.4683595	0.080701865	7.0
184	3089.2185	116.04933	3246.6824	2892.658	1000.0	301.29196	34.490658	355.89526	164.71632	920000	-0.10352832	760.5773	-4.5431795	0.035871293	79.0
185	2996.7166	211.60077	3157.034	2588.5225	1000.0	312.26746	26.787205	356.9569	172.67859	925000	-0.057326112	1186.2145	-4.543079	0.082769215	17.0
186	3013.597	152.3231	3189.0115	2821.582	1000.0	309.1146	30.888157	357.75208	193.1392	930000	-0.041730683	996.349	-4.5447593	0.09020134	16.0
187	3050.1804	78.6499	3150.0	2918.847	1000.0	309.59494	30.022469	355.3679	177.33936	935000	0.010433296	1236.8676	-4.5544257	0.07917504	4.0
188	3205.8403	207.53687	3530.3965	2982.5244	1000.0	315.09198	27.182747	360.00485	174.40614	940000	0.036572777	1038.6584	-4.6066666	0.08333964	1.0
189	3131.9543	125.92241	3299.2874	2914.5164	1000.0	325.12366	28.177183	369.21738	218.42966	945000	0.042219266	1257.8654	-4.5632315	0.09783758	1.0
190	3087.307	101.74345	3249.0352	2953.3816	1000.0	317.30716	30.855392	368.00922	167.15135	950000	0.060768157	1225.8362	-4.5865993	0.12861335	1.0
191	3113.9429	149.3618	3311.6904	2896.6255	1000.0	316.9375	32.30411	368.98508	191.07347	955000	0.05588855	1138.1412	-4.585103	0.11476781	1.0
192	3108.5547	225.23204	3357.836	2721.2825	1000.0	314.8532	30.84902	361.22336	203.96239	960000	0.054537587	903.8974	-4.623475	0.084629096	1.0
193	3059.4082	198.6908	3449.786	2914.4143	1000.0	319.76315	24.62342	361.0072	214.82912	965000	0.088169664	1238.0256	-4.614775	0.18960737	1.0
194	3204.373	127.22818	3335.1262	2967.2717	1000.0	315.9564	26.928677	359.41428	201.93802	970000	0.023208896	1200.712	-4.637314	0.088286795	2.0
195	2906.0679	311.58435	3244.8992	2320.0034	1000.0	310.61594	46.619812	365.6629	65.28209	975000	-0.027249109	2074.96	-4.6253004	0.08013887	8.0
196	3029.5317	183.62267	3285.964	2773.6184	1000.0	306.71164	33.084026	356.79352	159.89215	980000	-0.07319032	1494.6285	-4.644458	0.07711019	43.0
197	3204.8616	248.9097	3555.7246	2841.6514	1000.0	315.17194	26.54061	354.92303	151.11029	985000	-0.0472606	1210.4668	-4.693154	0.08781482	18.0
198	3031.6086	206.09282	3407.0527	2774.0427	1000.0	318.0132	39.975494	371.95154	140.19301	990000	-0.09365885	959.189	-4.7159505	0.031437695	79.0
199	3204.4592	140.56723	3372.1777	3016.1196	1000.0	314.94446	22.806843	354.26212	215.59329	995000	0.003617852	816.32214	-4.728939	0.103751846	6.0
200	3131.4792	211.58969	3345.7808	2798.5723	1000.0	323.3764	24.75611	361.08765	214.03171	1000000	-0.049862634	1042.925	-4.7663727	0.07753297	16.0
201	3073.049	110.57415	3232.0874	2947.9949	1000.0	318.5276	29.658041	360.3536	199.35475	1005000	-0.03582378	1027.5272	-4.7404265	0.07846415	15.0
202	3250.15	250.13126	3700.1558	2963.2378	1000.0	317.09967	24.996738	353.90872	203.72961	1010000	0.005396257	1161.2942	-4.776207	0.07722324	5.0
203	3063.142	170.16397	3374.3901	2875.274	1000.0	324.94714	33.74657	374.49945	201.61646	1015000	0.033584327	1142.8102	-4.766582	0.0774856	1.0
204	3205.2354	83.11182	3310.2524	3116.8486	1000.0	319.3187	27.136322	357.5155	207.32082	1020000	0.050716788	903.9852	-4.7841454	0.10310459	1.0
205	3073.223	222.80801	3435.7356	2750.7751	1000.0	323.40814	27.455355	362.2055	209.30827	1025000	0.061654255	1256.5876	-4.7824645	0.11369245	1.0
206	2916.0132	288.133	3388.76	2494.8237	1000.0	311.27588	33.79257	358.83185	170.4405	1030000	0.061304383	1952.6392	-4.736977	0.12223684	1.0
207	3187.0012	276.3514	3527.7754	2913.6602	1000.0	305.8634	34.264824	365.94824	142.09952	1035000	0.046942174	1180.3116	-4.7994695	0.11215648	1.0
208	3057.5725	319.80518	3506.4495	2683.877	1000.0	319.6327	33.36675	375.9833	184.17607	1040000	0.044976592	1550.6042	-4.7962875	0.09373321	1.0
209	2885.7563	51.049232	2985.6963	2847.0886	1000.0	305.40955	36.834885	363.06393	177.22957	1045000	0.03800478	1217.3616	-4.7877254	0.07843274	1.0
210	2997.6401	226.62428	3291.064	2664.258	1000.0	301.27356	28.831644	344.0438	200.77805	1050000	0.05437416	1520.536	-4.8023124	0.12631966	1.0
211	3157.0698	258.77753	3494.5361	2791.4177	1000.0	309.14578	30.030762	355.522	175.63887	1055000	-0.09516505	1264.0068	-4.8699446	0.049505666	79.0
212	3247.7222	87.34787	3408.0312	3156.0063	1000.0	323.2778	25.110603	363.68497	210.3613	1060000	-0.095161095	644.0988	-4.9605684	0.029944398	79.0
213	3081.853	173.63002	3295.5005	2846.0063	1000.0	327.141	26.4274	365.38342	204.86838	1065000	-0.103716776	1049.533	-4.9695625	0.03728698	79.0
214	3128.524	86.660904	3283.6416	3016.6526	1000.0	317.04956	29.616877	356.96927	173.80815	1070000	-0.09174016	764.8444	-5.056334	0.031443965	79.0
215	3296.933	104.55722	3426.59	3142.0742	1000.0	323.61554	20.965658	357.29785	210.56032	1075000	-0.08592366	505.41486	-5.126831	0.051359363	79.0
216	3225.7183	241.0944	3643.0725	2981.4897	1000.0	334.11243	23.004164	378.193	233.95662	1080000	-0.034904633	1114.3634	-5.1052666	0.08548042	11.0
217	3221.7935	135.19649	3378.9636	3001.6973	1000.0	332.8176	27.73961	376.88687	186.00647	1085000	0.019142661	881.2217	-5.151407	0.10494452	4.0
218	3174.7625	119.52832	3360.9849	3009.7769	1000.0	328.83734	27.677382	374.84595	211.34625	1090000	-0.044944942	1084.039	-5.132208	0.08329079	16.0
219	3216.2317	289.74997	3392.8115	2639.3496	1000.0	328.6283	27.47283	378.16806	199.85152	1095000	-0.008861647	804.7645	-5.1413026	0.07582094	8.0
220	3291.754	214.95811	3561.1487	2927.2434	1000.0	328.6346	25.302982	367.41586	223.59166	1100000	-0.044043187	887.2755	-5.142549	0.07786207	17.0
221	3040.5913	594.2456	3641.2056	1901.1707	1000.0	325.6205	45.20312	374.9357	129.98137	1105000	-0.011386185	2262.0894	-5.1815424	0.08873208	4.0
222	3332.1946	123.00936	3491.2854	3114.4302	1000.0	332.73914	25.668346	370.75055	171.64558	1110000	0.002291394	754.7262	-5.13947	0.0762591	6.0
223	3383.1335	303.19617	3768.294	2873.6135	1000.0	338.70377	22.034992	373.5995	206.51195	1115000	0.0073153907	1122.1707	-5.1841173	0.094404064	4.0
224	3366.9258	111.846565	3524.597	3215.8242	1000.0	341.64362	30.990322	386.3652	174.02194	1120000	0.0490485	929.7774	-5.1870847	0.10472882	1.0
225	3465.4832	128.29393	3694.7607	3332.5435	1000.0	347.52414	24.732384	384.33215	220.58945	1125000	0.06386514	662.7905	-5.231293	0.17446135	1.0
226	3204.3984	234.54051	3641.5732	3001.7402	1000.0	346.29395	29.454424	387.84644	189.15118	1130000	0.048140477	1442.4924	-5.1581917	0.13006912	1.0
227	3195.788	224.2021	3589.7715	2931.8716	1000.0	327.92856	30.18489	375.67917	174.12112	1135000	0.05729225	1516.2983	-5.150081	0.11677401	1.0
228	3319.9526	118.31223	3509.6375	3185.592	1000.0	331.48044	33.09604	378.68237	171.56718	1140000	0.042783227	948.8116	-5.1718006	0.09762428	1.0
229	3324.1562	332.2719	3705.668	2735.7112	1000.0	336.28412	27.165026	374.6879	187.15276	1145000	0.051531542	1144.3368	-5.180093	0.13112427	1.0
230	3057.7227	204.56654	3315.4514	2790.779	1000.0	333.3007	33.399918	387.26102	204.67487	1150000	0.037437264	1454.4478	-5.1069484	0.07840601	1.0
231	3471.8765	151.36641	3600.2346	3185.938	1000.0	329.8824	25.583233	368.69064	189.41142	1155000	0.06285174	1031.9208	-5.211913	0.11764392	1.0
232	3319.482	333.5596	3821.8433	2939.6492	1000.0	344.2522	29.481184	381.34763	174.2271	1160000	0.07324714	1149.9236	-5.190401	0.1323657	1.0
233	3356.235	373.7657	3677.2004	2629.7766	1000.0	340.66003	30.761953	384.73492	195.5021	1165000	0.07201356	1471.3838	-5.2026896	0.14781193	1.0
234	3499.7864	58.585697	3584.106	3420.2078	1000.0	344.04803	26.579323	380.00385	191.7332	1170000	0.04999927	603.21826	-5.2462873	0.10330304	1.0
235	3344.0425	215.8902	3574.2583	3014.9907	1000.0	349.6526	21.808613	395.18466	239.39993	1175000	0.07449972	767.1979	-5.202342	0.15422556	1.0
236	3172.4895	235.06729	3494.2192	2853.2578	1000.0	340.40335	28.214415	383.5717	215.61028	1180000	0.05690778	1203.2354	-5.185722	0.096985385	1.0
237	3194.5632	118.0612	3330.5396	3007.732	1000.0	325.07944	31.968874	367.55472	194.79329	1185000	0.08954606	1055.842	-5.1881595	0.17777884	1.0
238	3340.189	149.82083	3527.255	3142.2153	1000.0	332.66214	22.996374	367.36853	208.12242	1190000	0.044909697	850.8856	-5.267796	0.094079286	1.0
239	3285.996	131.52988	3511.506	3167.8164	1000.0	339.40448	24.692482	379.80716	229.11801	1195000	0.056204163	889.1832	-5.2207556	0.118138224	1.0
240	3302.7476	311.4778	3571.1414	2919.668	1000.0	333.80914	28.575836	370.61768	205.33267	1200000	0.06262714	1153.447	-5.2208166	0.15106282	1.0
241	3331.1704	148.12073	3522.5066	3090.2388	1000.0	337.2817	27.646431	373.14044	204.95331	1205000	0.026474435	1058.7155	-5.1884694	0.09506183	4.0
242	3240.2515	191.03674	3467.1196	2938.6448	1000.0	338.89105	25.855091	379.147	207.06253	1210000	0.06344097	860.362	-5.164274	0.11092073	1.0
243	3336.5867	125.01227	3555.4622	3194.4785	1000.0	334.5136	25.465483	375.1244	210.32999	1215000	0.060974788	542.8099	-5.197432	0.15271035	1.0
244	3449.6	141.96619	3607.2021	3261.4143	1000.0	343.86255	22.27726	389.83463	208.01585	1220000	0.03321611	654.7673	-5.2250757	0.08559844	1.0
245	3121.3613	199.74313	3456.936	2904.3818	1000.0	340.19037	40.81575	384.04758	40.80151	1225000	0.0402306	1893.4323	-5.186777	0.092069134	1.0
246	2738.505	1267.3173	3580.9497	215.3896	1000.0	290.9495	92.79038	365.65036	-28.140938	1230000	0.06287068	1880.1309	-5.2327967	0.17144664	1.0
247	3102.1235	145.37718	3284.688	2910.0906	1000.0	328.7587	38.322567	387.04456	98.01736	1235000	-0.09265164	1874.3812	-5.241394	0.048547916	79.0
248	3379.266	165.70203	3609.8254	3095.1685	1000.0	325.26627	33.65305	371.6075	146.76454	1240000	-0.08315586	1008.6484	-5.376418	0.041106757	79.0
249	3335.1733	182.78622	3611.8452	3114.2175	1000.0	342.2158	27.87627	397.55222	202.44377	1245000	-0.021440033	1105.4918	-5.3323774	0.07504052	7.0
250	3359.5767	187.84428	3660.687	3155.6824	1000.0	344.90424	34.180492	390.51135	188.78163	1250000	-0.09007228	1116.2258	-5.4062314	0.04903192	79.0
251	3124.9585	107.88956	3298.7822	3036.7883	1000.0	333.35495	35.47581	383.60986	185.2883	1255000	-0.003998654	1252.2084	-5.344399	0.07538094	6.0
252	3331.978	240.5482	3696.0107	2970.154	1000.0	327.48276	24.760874	361.8139	202.03816	1260000	0.021012502	1145.763	-5.3737674	0.09201281	4.0
253	3250.2336	220.04384	3454.9639	2877.0479	1000.0	338.36624	36.017128	384.6099	154.24022	1265000	0.042466357	1428.9532	-5.3890295	0.11475007	1.0
254	3287.6558	287.85562	3750.9468	2994.0742	1000.0	334.96295	34.694527	386.59134	189.23619	1270000	0.009054976	1290.4497	-5.39095	0.0822491	4.0
255	3351.2944	166.19164	3613.783	3109.8618	1000.0	335.9343	31.01762	384.71085	202.9243	1275000	-0.019349279	1262.4298	-5.390705	0.07802679	8.0
256	3485.4844	119.67839	3614.1282	3272.2314	1000.0	343.87518	23.322298	385.20316	209.62045	1280000	-0.07636918	590.6179	-5.468582	0.057371363	79.0
257	3360.6655	168.26743	3641.4033	3122.9263	1000.0	350.98877	25.334965	391.95358	223.20038	1285000	0.01994262	999.1232	-5.4388227	0.07919092	2.0
258	3454.5183	134.50978	3603.6829	3206.7383	1000.0	344.55206	25.805645	382.4866	201.53656	1290000	0.027929943	813.3835	-5.4624085	0.08125141	1.0
259	3482.317	101.203705	3664.312	3385.3162	1000.0	350.85434	25.97888	394.45163	208.43962	1295000	0.055253297	966.2526	-5.472493	0.13533285	1.0
260	3425.4	289.91202	3734.8276	2998.7703	1000.0	352.16635	26.795906	386.85645	210.55927	1300000	0.033058267	1076.7052	-5.462896	0.08494212	1.0
261	3489.5027	156.28265	3658.7092	3281.5632	1000.0	350.475	31.186453	391.30835	199.16301	1305000	0.048924696	750.52966	-5.4891906	0.117043264	1.0
262	3535.4097	177.4212	3664.5798	3191.5159	1000.0	353.8249	21.895308	384.39648	233.78036	1310000	0.044933785	887.1001	-5.5013742	0.09024626	1.0
263	3553.4595	140.01544	3818.3997	3419.828	1000.0	359.8701	20.941076	394.0659	197.4418	1315000	0.06848183	611.6691	-5.4915304	0.21336938	1.0
264	3486.925	183.19711	3714.3677	3237.2354	1000.0	360.30475	24.89654	410.5076	209.11897	1320000	0.015006918	792.9061	-5.479655	0.07930642	3.0
265	3601.168	108.024956	3767.1963	3463.7585	1000.0	358.7334	23.007013	389.28387	207.36435	1325000	0.008038925	535.5884	-5.5101295	0.092883974	4.0
266	3615.3132	159.63399	3824.1575	3451.8958	1000.0	369.1386	22.400541	397.24515	227.07248	1330000	-0.07935652	610.6813	-5.5899673	0.035524853	79.0
267	3484.72	282.68048	3798.2031	3031.0369	1000.0	366.99545	30.174963	404.1996	217.75775	1335000	0.013049019	1223.4716	-5.563748	0.07570077	2.0
268	3466.4543	148.06343	3617.926	3280.4402	1000.0	353.03357	33.73773	396.0285	208.91011	1340000	0.013469844	1157.8573	-5.5823803	0.07529618	4.0
269	3379.8364	200.32603	3713.808	3164.0598	1000.0	350.82874	30.246342	385.47656	160.8842	1345000	0.048727874	1055.2747	-5.5634694	0.08663108	1.0
270	3465.1477	210.95398	3652.5564	3153.7847	1000.0	347.32526	27.362558	384.4813	220.21806	1350000	0.051894475	1302.63	-5.5735693	0.1369198	1.0
271	3406.425	196.17548	3763.5361	3197.2002	1000.0	349.85934	35.23232	389.42776	166.26454	1355000	0.023329597	1307.2972	-5.6180696	0.07793047	1.0
272	2663.5007	1266.9584	3630.8362	154.93614	1000.0	313.32224	80.7442	388.3555	83.31982	1360000	0.03701194	3150.8894	-5.5329423	0.08917538	1.0
273	3322.366	199.03609	3576.0886	3076.28	1000.0	332.26642	44.433113	392.2636	108.196655	1365000	0.059635103	1604.4823	-5.6298733	0.12202959	1.0
274	3447.6382	333.75247	3818.0203	2821.202	1000.0	342.03394	32.6826	387.27444	195.61064	1370000	0.055653892	1267.4895	-5.659394	0.17460635	1.0
275	3162.637	137.96754	3344.1409	3004.9644	1000.0	344.08136	45.622894	420.46072	171.11502	1375000	0.043763682	2134.6511	-5.5942154	0.114237316	1.0
276	3013.4287	218.49643	3302.8816	2700.3608	1000.0	323.57394	42.397617	388.18146	172.71754	1380000	-0.017856838	2225.6545	-5.562957	0.07675647	8.0
277	3478.3755	284.0074	3823.4104	3189.9126	1000.0	319.2551	31.940811	362.1213	174.65648	1385000	-0.013073862	1820.116	-5.6979866	0.08714439	8.0
278	3187.312	239.4965	3350.085	2713.7556	1000.0	339.61404	40.26733	392.25143	184.99168	1390000	-0.027321225	1707.5201	-5.6218204	0.07629681	9.0
279	3055.358	214.42311	3460.8838	2826.5637	1000.0	323.5124	37.379177	376.68112	206.51974	1395000	-0.09704419	2023.4458	-5.5806317	0.047786687	79.0
280	3157.8765	408.30707	3636.1758	2520.1362	1000.0	306.899	56.277145	357.91754	21.249224	1400000	-0.030908301	2342.348	-5.6453547	0.08125489	7.0
281	3398.0015	158.26778	3653.8005	3156.708	1000.0	333.7404	34.180836	381.25076	127.67345	1405000	-0.018752176	1392.5482	-5.705128	0.08013262	9.0
282	3309.246	321.0531	3665.7583	2877.8408	1000.0	339.7706	30.751442	382.08673	203.57715	1410000	0.00085076713	1493.2585	-5.6660657	0.08382826	6.0
283	3494.5032	331.34933	3895.9004	2942.8765	1000.0	342.23126	35.493656	380.4762	135.59093	1415000	-0.08186334	1573.3564	-5.7662115	0.039869115	79.0
284	3398.733	94.58632	3554.841	3300.4634	1000.0	351.1427	33.39036	400.6167	188.08636	1420000	-0.08582015	1407.1499	-5.762208	0.042017728	79.0
285	2960.7007	283.74945	3379.4297	2539.914	1000.0	334.82904	43.22179	387.59637	156.46133	1425000	-0.103442214	2429.6868	-5.695547	0.039701596	79.0
286	2864.2175	948.04736	3845.7583	1056.1678	1000.0	287.75815	85.787605	361.411	5.411493	1430000	0.026957568	2767.4082	-5.7673345	0.09117308	1.0
287	3429.1274	291.28754	3902.9507	3074.6384	1000.0	331.5906	40.95937	380.92734	105.35607	1435000	0.001961221	1570.7816	-5.839663	0.08188306	5.0
288	3218.5054	427.23993	3700.0227	2506.3237	1000.0	332.9525	79.02182	391.4587	-89.347595	1440000	0.03736079	2166.5325	-5.82749	0.07917183	1.0
289	3265.72	220.12271	3617.4507	2924.5635	1000.0	338.27765	38.087276	382.73206	135.61662	1445000	0.08753527	1716.7368	-5.7906084	0.20015448	1.0
290	3258.321	165.30226	3541.144	3024.2432	1000.0	331.66354	34.694298	372.7176	199.27592	1450000	0.071419254	1538.8082	-5.7974553	0.19622724	1.0
291	3238.4133	143.13737	3404.3213	3058.4272	1000.0	334.53696	36.475437	382.62534	179.89812	1455000	0.058107115	1814.4084	-5.782354	0.14373013	1.0
292	3213.3066	203.15279	3545.8523	2916.7095	1000.0	330.6097	34.66016	382.24564	180.18233	1460000	0.01533547	2063.7983	-5.788212	0.08521494	4.0
293	3251.6562	215.31866	3489.141	2881.4026	1000.0	327.85834	35.81909	375.48813	189.434	1465000	-0.0075616897	1553.2415	-5.822794	0.09507633	6.0
294	3135.7554	227.3309	3490.9573	2776.0803	1000.0	334.81558	41.414265	393.12216	180.95312	1470000	0.0015543156	2119.1555	-5.751799	0.07660409	5.0
295	3209.9678	301.3604	3798.148	2973.056	1000.0	321.4914	38.780224	370.95218	169.49861	1475000	-0.0027159078	2135.0916	-5.7831693	0.0894571	5.0
296	3008.6667	277.78705	3495.984	2746.4304	1000.0	318.81268	50.64584	390.72952	141.80621	1480000	-0.09640891	2322.2917	-5.774999	0.050299652	79.0
297	3448.9954	228.06296	3624.4058	3045.64	1000.0	319.96545	33.32242	362.55997	149.41411	1485000	-0.020184342	1481.392	-5.8686123	0.08087989	8.0
298	3107.7175	301.49094	3386.4314	2589.0977	1000.0	330.8335	44.033978	382.0837	166.19666	1490000	-0.097880974	1939.6426	-5.799485	0.03210109	79.0
299	3259.0493	504.12045	3552.7712	2253.4868	1000.0	323.39407	35.68708	366.4401	154.23015	1495000	-0.010948778	2552.3992	-5.879231	0.092238866	7.0
300	3308.429	181.11082	3621.8523	3062.896	1000.0	329.65424	44.814537	390.09982	164.74985	1500000	-0.07438341	1661.2122	-5.8954806	0.07646155	79.0
301	3331.702	215.73175	3636.2556	3048.358	1000.0	339.60498	31.268093	380.29727	179.45058	1505000	0.03902395	1287.103	-5.9149017	0.09962661	1.0
302	3371.9683	210.93684	3592.6467	3032.9805	1000.0	340.8818	31.195858	377.75507	163.8078	1510000	0.046532195	1627.5802	-5.923866	0.10715391	1.0
303	3340.8281	241.86166	3708.579	3067.1914	1000.0	339.74896	37.704002	393.7166	183.58907	1515000	0.066751845	1578.2008	-5.924345	0.18714686	1.0
304	3308.6519	244.09247	3665.4548	3025.9807	1000.0	337.8481	33.62442	376.35428	185.48697	1520000	0.03766785	1233.8816	-5.9177523	0.07560933	1.0
305	3221.9111	237.2999	3434.09	2773.1316	1000.0	336.68008	30.859182	375.59222	193.24919	1525000	0.03439537	1251.1075	-5.8746815	0.09691662	1.0
306	3062.7341	78.807144	3185.7456	2974.2126	1000.0	324.4795	38.02313	376.6554	158.69627	1530000	0.03802378	1668.5317	-5.833474	0.09497612	1.0
307	3468.4746	169.68541	3720.7222	3300.6968	1000.0	325.05096	26.525574	362.6233	182.7311	1535000	0.053919893	911.3126	-5.983173	0.1210635	1.0
308	3439.7363	269.5483	3805.1697	3061.8892	1000.0	348.8476	28.413992	383.36304	210.42918	1540000	0.040703315	981.4642	-5.9872766	0.0959183	1.0
309	3446.8704	213.59563	3687.359	3193.7947	1000.0	353.62253	28.52435	388.36533	199.669	1545000	0.03532011	1456.414	-5.992464	0.089844726	1.0
310	3489.8164	106.375145	3620.7234	3365.963	1000.0	351.73694	29.05696	385.95383	187.56459	1550000	0.05636655	756.422	-6.0267897	0.14303143	1.0
311	3286.9468	216.56216	3647.6123	3028.8157	1000.0	349.3489	30.218084	382.78387	231.64673	1555000	0.025770398	1557.9294	-5.9805436	0.14302608	2.0
312	3523.2148	207.79276	3813.247	3239.041	1000.0	345.52484	32.245148	383.69086	183.40393	1560000	-0.039175574	1005.8196	-6.0854545	0.08085323	21.0
313	3414.8254	321.34894	3960.8496	3044.4404	1000.0	356.4561	34.565815	403.8836	216.70279	1565000	-0.0042145867	1455.4972	-6.075516	0.08853387	5.0
314	3442.4937	101.29617	3579.087	3268.1077	1000.0	349.27814	31.986372	389.6172	215.9905	1570000	-0.052366316	1354.3269	-6.045764	0.080369815	22.0
315	3439.1792	261.75253	3748.88	3080.0933	1000.0	352.18427	34.79947	390.2469	211.5088	1575000	-0.0028300274	1413.3888	-6.077707	0.08355258	5.0
316	3551.3196	113.286156	3685.5042	3359.0642	1000.0	353.3759	29.722937	399.9607	187.69048	1580000	-0.06975615	748.9604	-6.1468034	0.04350528	79.0
317	3564.8882	242.46594	3765.0894	3119.5776	1000.0	362.1087	21.902222	398.07666	216.07669	1585000	0.027365442	1087.1208	-6.1509204	0.09031522	2.0
318	3674.9634	132.4271	3776.8953	3431.0786	1000.0	363.95255	24.896347	393.83597	238.09569	1590000	-0.06703203	676.7868	-6.2526264	0.040416732	79.0
319	3634.386	152.55574	3908.1064	3509.0732	1000.0	373.55634	25.065857	414.49597	250.53806	1595000	-0.0077518853	840.9343	-6.24638	0.07699704	4.0
320	3664.0203	195.19435	3910.8833	3452.9446	1000.0	375.5645	31.74023	409.43167	221.92319	1600000	-0.07903301	844.5782	-6.3006167	0.023173343	79.0
321	3353.6765	376.57437	4004.938	2920.2605	1000.0	364.0255	32.436787	409.255	234.47205	1605000	-0.021654794	1785.2654	-6.225853	0.08593523	7.0
322	3602.6829	54.6119	3702.7664	3545.3457	1000.0	353.7632	35.61811	395.769	189.059	1610000	-0.07472858	1250.3632	-6.308923	0.041008655	79.0
323	3721.8176	170.29631	3915.0078	3489.3252	1000.0	369.5487	26.973667	402.24533	206.89352	1615000	-0.070866786	702.3083	-6.3817124	0.050276373	79.0
324	3762.1738	183.80052	3978.537	3493.4744	1000.0	384.54593	26.931475	415.23337	201.38551	1620000	0.012512623	697.25696	-6.3899293	0.08043921	5.0
325	3467.304	313.79813	3828.8086	3028.223	1000.0	375.5932	33.10988	411.43732	230.06906	1625000	0.0037649514	2059.7363	-6.319289	0.08438996	4.0
326	3698.2102	133.18042	3827.8398	3442.104	1000.0	365.37454	36.08078	411.00256	146.05742	1630000	0.032644134	1024.8688	-6.3935714	0.09144336	1.0
327	3643.936	180.28633	3926.426	3374.998	1000.0	374.7905	29.557024	406.48575	216.49966	1635000	0.029809259	1156.0529	-6.3326445	0.0967094	1.0
328	3557.3875	181.92441	3740.2185	3288.5747	1000.0	371.93054	34.162514	408.04868	198.4906	1640000	0.033024233	998.9198	-6.3509393	0.07934724	1.0
329	3654.233	138.1966	3855.063	3486.9429	1000.0	363.46924	26.011301	393.266	217.18724	1645000	0.045551207	862.5526	-6.3948865	0.10236803	1.0
330	3850.6633	106.14145	4014.3525	3705.3909	1000.0	377.4468	16.596134	406.72897	239.54869	1650000	0.022465391	474.9365	-6.476735	0.083723776	2.0
331	3768.1445	160.84758	4026.805	3530.877	1000.0	386.3288	26.823162	420.23822	235.8536	1655000	-0.022577686	923.4492	-6.472018	0.0765744	9.0
332	3873.7485	121.278915	4066.2642	3693.1677	1000.0	388.16025	23.154337	418.0567	244.29317	1660000	-0.07161758	532.0668	-6.515733	0.03871778	79.0
333	3825.435	114.87551	4019.333	3687.6777	1000.0	391.7538	19.772196	422.96472	285.34378	1665000	-0.031829488	1007.8478	-6.5030518	0.077583864	8.0
334	3752.899	253.88928	4105.514	3420.0427	1000.0	387.19797	33.491768	419.9809	216.3227	1670000	-0.064146	1080.7006	-6.5286527	0.03703415	79.0
335	3783.974	89.45101	3933.9944	3693.728	1000.0	389.3138	28.321499	421.30884	246.41458	1675000	-0.022749526	1118.0978	-6.566475	0.0811023	12.0
336	3789.9165	148.92679	4055.507	3628.1797	1000.0	383.83405	39.32519	419.7221	1.2097752	1680000	-0.066371225	1518.1228	-6.610421	0.027009707	79.0
337	3212.619	1636.328	4137.909	-57.747498	1000.0	329.16266	133.30295	414.53278	-82.06747	1685000	0.007805227	1703.7002	-6.5958977	0.11837483	3.0
338	4031.2925	75.530365	4121.8154	3922.427	1000.0	402.6357	28.414696	437.1792	-27.512136	1690000	-0.059605543	222.4708	-6.6877546	0.024716677	79.0
339	3822.4976	183.43005	4005.5022	3491.0808	1000.0	405.64505	23.440702	441.03937	224.12881	1695000	-0.009908514	773.49817	-6.632522	0.07621443	3.0
340	3760.4758	179.33601	4030.0066	3469.4922	1000.0	393.867	42.18593	436.66556	178.14449	1700000	-0.0076849908	1192.7504	-6.636089	0.07832508	5.0
341	3665.9207	670.84326	4142.501	2341.6987	1000.0	374.2234	77.76671	432.7314	-11.755094	1705000	0.022308104	2451.3545	-6.6534705	0.10617543	1.0
342	3762.2368	204.06648	4097.398	3504.4229	1000.0	383.2448	50.864944	439.94907	91.98111	1710000	0.03357546	1184.1196	-6.6358023	0.09828441	1.0
343	4015.9055	130.81569	4193.755	3848.6162	1000.0	390.70184	20.82961	425.55124	195.18832	1715000	0.051565766	444.12036	-6.685427	0.12885685	1.0
344	3771.929	90.48986	3908.579	3649.5093	1000.0	403.34247	28.062342	434.16367	192.43733	1720000	0.04507016	1085.4722	-6.616682	0.10905514	1.0
345	3849.4106	237.25926	4171.658	3450.1587	1000.0	386.72836	30.855274	417.87393	195.14888	1725000	0.08944166	1305.3616	-6.671683	0.22222236	1.0
346	2370.8647	1578.6237	3784.3083	-111.79897	1000.0	305.8119	127.851814	424.6052	48.287872	1730000	0.082544364	4141.658	-6.540946	0.2663155	1.0
347	3767.3835	228.34409	4057.5762	3466.3	1000.0	360.4126	44.9092	409.82108	114.977974	1735000	0.051132653	1552.3622	-6.679439	0.1104167	1.0
348	3414.3274	212.64348	3607.1355	3019.6624	1000.0	373.5574	50.995296	431.34613	167.79382	1740000	0.027644854	2614.442	-6.6076655	0.076919116	1.0
349	3243.1055	1083.9237	3888.2642	1082.8267	1000.0	316.8996	123.03033	402.09378	-68.95606	1745000	0.04052793	2767.3965	-6.6811657	0.15097545	1.0
350	3705.8503	343.10382	4101.6865	3232.2197	1000.0	373.88126	51.258167	433.46466	110.098656	1750000	0.019129358	2250.224	-6.7193713	0.08191192	2.0
351	3539.4204	248.34758	3832.417	3124.7764	1000.0	372.13776	47.08275	424.38382	155.13092	1755000	-0.012604751	2243.5857	-6.6819205	0.088371396	7.0
352	3569.1692	437.97473	4094.0894	2842.1545	1000.0	364.50995	43.823128	410.24774	161.23207	1760000	-0.013024127	2276.686	-6.6660624	0.09138191	8.0
353	2947.31	1413.9714	4145.843	178.4685	1000.0	311.82947	121.67108	407.54645	-15.42159	1765000	0.041223567	2997.928	-6.642708	0.12770972	2.0
354	3515.691	334.3826	3847.8972	2940.7588	1000.0	354.7777	47.440613	409.60645	82.222466	1770000	0.0844369	2177.9707	-6.6351705	0.21784984	1.0
355	3575.556	295.33878	3977.138	3224.416	1000.0	360.58786	37.55701	405.52682	186.82835	1775000	0.052913636	2557.394	-6.6970773	0.16124392	2.0
356	3495.6968	369.95657	3857.3716	2897.0876	1000.0	364.61334	44.787727	415.424	190.66028	1780000	0.004187355	2702.1785	-6.6604366	0.08988476	4.0
357	3677.0435	184.07068	3992.2422	3441.099	1000.0	363.3717	48.119907	419.40616	170.22093	1785000	-0.034324486	2240.737	-6.7378516	0.07775206	12.0
358	3351.3718	306.51196	3804.857	2950.4302	1000.0	364.52197	47.434177	414.80917	105.68803	1790000	-0.022643298	3165.6914	-6.6491838	0.07940452	8.0
359	3601.231	214.8975	3848.9067	3306.3613	1000.0	357.90244	45.776707	405.3197	148.84192	1795000	0.018592011	2285.6416	-6.738514	0.08547329	2.0
360	3644.3035	364.76324	4086.698	3248.0762	1000.0	367.91254	46.71023	420.8731	206.32333	1800000	-0.017954364	2466.7063	-6.7241406	0.08284741	8.0
361	3376.1333	267.3273	3820.1943	3021.0747	1000.0	361.1201	51.927177	419.03165	160.12936	1805000	-0.023158403	3169.189	-6.6813936	0.08022202	9.0
362	3583.893	190.83768	3913.773	3392.9644	1000.0	357.2001	46.881947	411.90576	159.74858	1810000	-0.035857607	2356.717	-6.7053447	0.08380071	13.0
363	3819.6804	208.10762	4104.2856	3474.628	1000.0	368.75934	36.616817	406.13712	193.42981	1815000	-0.07707739	1360.899	-6.8041406	0.041300245	79.0
364	3198.3335	773.6444	3867.903	1701.2355	1000.0	360.92874	94.0655	432.77112	-5.01245	1820000	0.021378664	3563.015	-6.7179923	0.08209028	1.0
365	2473.2673	1589.0259	3888.851	-424.34027	1000.0	257.3186	179.13008	400.95132	-115.25487	1825000	0.054142565	3851.3872	-6.6882787	0.15031035	1.0
366	3387.229	421.82846	3869.9548	2847.5928	1000.0	339.9071	57.322754	399.85382	83.87007	1830000	0.07095257	2563.9507	-6.714483	0.18011647	1.0
367	3145.1895	808.9975	3953.2026	1726.3162	1000.0	325.50916	107.831795	403.07883	-85.540535	1835000	0.043594923	4063.8032	-6.737887	0.095082395	1.0
368	3260.489	802.7052	3983.0005	1695.3472	1000.0	313.78293	119.35294	411.631	-117.17108	1840000	0.060868017	3232.7007	-6.7696834	0.119148806	1.0
369	3599.3274	139.5072	3856.1946	3482.0012	1000.0	358.94476	47.527355	410.91595	146.5192	1845000	0.05415766	1679.2638	-6.775884	0.0925484	1.0
370	3866.8105	146.50838	4029.684	3621.1096	1000.0	374.37537	30.72556	411.9331	200.09842	1850000	0.048475243	1390.6084	-6.871997	0.10048004	1.0
371	3409.3325	357.59552	3978.3643	2935.3489	1000.0	370.58075	90.875206	434.41248	-70.93747	1855000	0.055553302	3690.3457	-6.815595	0.14316972	1.0
372	3639.836	151.11148	3938.9834	3527.6287	1000.0	360.0226	47.655575	416.08087	159.17235	1860000	0.052154224	1798.894	-6.8291407	0.15585688	1.0
373	3767.8914	210.62338	4164.2036	3601.603	1000.0	379.092	34.883556	419.54617	227.81204	1865000	-0.00015615615	2015.2795	-6.899904	0.0807358	4.0
374	3696.8926	211.50526	4083.9106	3457.5493	1000.0	381.26266	49.945343	438.6233	130.54012	1870000	-0.031634033	1714.1616	-6.863072	0.07845567	10.0
375	3868.9458	313.8265	4113.247	3262.3708	1000.0	384.98468	32.55794	420.90854	225.8006	1875000	-0.022383004	1635.3761	-6.9194703	0.0854676	7.0
376	3699.815	366.8855	4277.5464	3121.5588	1000.0	387.98547	41.27302	434.35336	197.48547	1880000	-0.023286676	1794.2988	-6.9	0.08120176	9.0
377	3611.8354	196.9154	3930.8047	3365.5183	1000.0	380.77625	44.04421	436.84714	145.73848	1885000	0.017509507	1980.584	-6.835375	0.11119385	4.0
378	3381.9019	1076.7971	4114.7627	1277.2867	1000.0	340.2773	115.104225	415.29523	-40.0432	1890000	0.033487953	2871.681	-6.921075	0.116811715	1.0
379	3142.3982	850.63257	3896.9255	1479.7697	1000.0	334.8145	136.1375	432.87402	-107.96098	1895000	0.022419173	3697.084	-6.8033404	0.10584194	3.0
380	3837.3906	318.3322	4278.0996	3421.8562	1000.0	368.68616	48.53202	418.1898	139.88445	1900000	-0.0119835995	1828.9348	-6.9173374	0.07689466	7.0
381	3517.5405	216.04193	3813.3098	3189.811	1000.0	377.87076	56.966503	436.7106	164.24002	1905000	-0.02174767	2466.3867	-6.8067174	0.07640475	8.0
382	3618.4558	438.513	4122.9463	2872.115	1000.0	364.50644	49.152367	418.86108	159.92418	1910000	-0.0029450797	2515.6975	-6.898661	0.09470342	5.0
383	3753.3274	540.99866	4394.8623	2986.3472	1000.0	367.86154	70.842255	423.90143	-57.80214	1915000	-0.015829846	3351.9744	-6.948336	0.07972449	7.0
384	3791.4753	259.68933	4097.18	3321.9124	1000.0	381.86124	51.64051	438.8975	156.3929	1920000	-0.07517315	1851.9662	-6.9436936	0.015186073	79.0
385	3330.3032	1127.7246	4264.3184	1158.6426	1000.0	349.968	119.71597	437.27344	-52.320156	1925000	-0.011594432	3425.6587	-6.9125514	0.082536	6.0
386	3984.018	195.8506	4146.865	3619.2568	1000.0	388.81104	41.34475	447.52985	161.02702	1930000	-0.07214363	1043.5652	-7.0370655	0.031562008	79.0
387	3850.213	489.15497	4233.8037	2905.7302	1000.0	404.8383	40.00729	453.63107	186.06616	1935000	-0.033159375	1878.0219	-7.015511	0.08229245	11.0
388	3368.3203	1250.6813	4374.7656	927.5094	1000.0	341.19696	162.56238	445.387	-129.24968	1940000	-0.076606095	2786.7922	-7.02326	0.050490297	79.0
389	3799.0938	289.26434	4122.699	3357.9133	1000.0	394.11743	43.146774	453.206	182.34462	1945000	-0.053733703	1947.0468	-7.030024	0.08208213	19.0
390	3832.4097	236.1528	4118.651	3552.7188	1000.0	393.60773	42.89526	439.1002	209.13898	1950000	-0.034077283	1289.929	-7.0329404	0.076903746	9.0
391	3950.3645	232.02098	4235.9824	3577.8293	1000.0	404.8744	40.444885	453.19098	208.47093	1955000	-0.07293777	1076.2391	-7.116134	0.039822962	79.0
392	3661.643	300.3891	3938.3125	3118.8677	1000.0	396.0304	46.35704	451.46802	178.11104	1960000	-0.029934887	2540.3535	-7.0379953	0.08502179	8.0
393	3726.7617	493.62347	4223.2173	2777.4695	1000.0	383.81024	54.023304	441.06253	175.34792	1965000	0.036400255	2953.4673	-7.1123633	0.12734307	1.0
394	3654.6528	244.22919	4101.86	3456.9539	1000.0	379.472	64.03112	439.36264	118.03165	1970000	0.035746202	2361.7432	-7.071891	0.080807745	1.0
395	4060.4766	194.54182	4291.862	3779.9712	1000.0	389.7677	36.300564	425.49124	193.39838	1975000	0.031689808	1022.2584	-7.2219954	0.095481396	1.0
396	3486.7095	1078.2834	4235.5815	1344.6167	1000.0	370.1889	127.37736	459.20517	-45.430294	1980000	-0.016784796	2483.6797	-7.1655703	0.08208619	6.0
397	3256.1409	1833.8334	4320.44	-399.77692	1000.0	320.5057	184.0088	442.01187	-168.03699	1985000	-0.0038202289	2011.3925	-7.181539	0.086186625	3.0
398	4040.4949	106.41895	4168.4355	3909.694	1000.0	411.16425	43.51421	455.76224	115.25833	1990000	-0.06600851	819.0068	-7.2615767	0.030286616	79.0
399	3937.2117	309.79868	4322.1104	3622.208	1000.0	413.044	34.095577	443.20267	127.49449	1995000	0.020637173	1314.2327	-7.2145405	0.085540086	1.0
400	3839.9517	100.61707	3977.5427	3727.2317	1000.0	401.40207	38.87894	439.6771	208.70734	2000000	0.0075250715	1849.164	-7.193242	0.07653678	2.0
401	3704.1445	325.85147	4043.853	3082.1067	1000.0	389.1236	44.595665	432.1288	213.85634	2005000	0.022883436	1944.9092	-7.1506515	0.08371812	2.0
402	3812.0364	268.93942	4105.7285	3320.797	1000.0	390.72946	46.687527	443.22278	175.4431	2010000	0.044844598	1905.8596	-7.213867	0.18600816	1.0
403	3608.7427	393.9493	4187.2334	3144.1985	1000.0	384.04254	51.857307	444.3289	138.15318	2015000	0.0038065636	2840.2473	-7.1318016	0.09222579	6.0
404	3784.0474	352.81458	4264.138	3278.7043	1000.0	379.23746	45.873158	432.3611	138.1154	2020000	0.03854353	2140.3523	-7.1631455	0.08111203	1.0
405	3736.2825	175.3652	3983.5615	3558.8032	1000.0	379.23422	44.032314	444.4373	162.94029	2025000	0.040729582	2233.0195	-7.1591687	0.12722701	1.0
406	3986.6985	399.08414	4400.7627	3351.6677	1000.0	392.9598	43.481865	432.36053	180.06265	2030000	0.03928637	1554.4325	-7.2445	0.100563064	1.0
407	3683.4878	525.35443	4262.1465	2721.1196	1000.0	399.2943	47.659042	445.44894	202.61302	2035000	0.048081085	2125.4385	-7.2123585	0.11208433	1.0
408	4123.3027	75.20756	4222.3784	3989.8423	1000.0	406.12067	37.38213	444.54977	214.74904	2040000	0.048043612	842.7713	-7.359123	0.16406564	1.0
409	3741.3875	102.66696	3902.8938	3579.1367	1000.0	403.57812	45.908546	444.89035	203.3312	2045000	-0.0003322135	2580.0671	-7.264455	0.09503803	4.0
410	3939.4604	289.70993	4287.9883	3423.4705	1000.0	392.8464	41.43665	429.80576	207.7642	2050000	0.018875934	1317.3246	-7.2980623	0.077075236	1.0
411	2749.855	1595.3656	3902.3337	-375.18594	1000.0	344.20535	113.7852	440.41785	34.36796	2055000	0.02655517	3913.984	-7.1274047	0.09365838	1.0
412	3730.4	390.86935	4001.351	2953.596	1000.0	357.84006	52.749924	407.38144	91.16254	2060000	0.047882214	2955.3928	-7.18815	0.07710153	1.0
413	3860.9133	101.66238	3948.0547	3724.3503	1000.0	380.25528	48.835255	431.50372	96.90862	2065000	0.03988042	2172.896	-7.288321	0.120627	1.0
414	3954.891	402.84988	4302.0146	3191.5515	1000.0	395.04166	35.34406	433.5508	200.5316	2070000	-0.0124707585	1701.073	-7.321655	0.07509201	6.0
415	3782.6223	283.82498	4152.287	3462.177	1000.0	397.04782	49.192993	451.27914	155.45686	2075000	-0.07603288	2326.2903	-7.3057046	0.035073914	79.0
416	3809.4175	275.00726	4184.705	3426.7495	1000.0	386.18396	41.800232	436.51358	198.79132	2080000	-0.011536942	1935.8572	-7.3323507	0.11420372	5.0
417	3407.7937	857.34454	4265.6816	1808.6285	1000.0	358.79822	111.24261	436.3529	-41.47375	2085000	-0.022882357	3738.5496	-7.2542596	0.094237596	9.0
418	3184.021	1405.6335	4016.8645	387.11374	1000.0	317.10266	156.01656	425.1827	-116.01633	2090000	0.02595506	2977.3115	-7.2728305	0.098751135	1.0
419	3911.8853	95.49659	4048.9792	3780.5405	1000.0	386.8946	52.033745	443.40497	84.06461	2095000	-0.068369955	1970.0304	-7.364533	0.036559816	79.0
420	3609.2688	616.7908	4019.468	2382.7834	1000.0	368.6189	113.237854	441.569	-65.973885	2100000	-0.02777987	2831.334	-7.329004	0.09230073	11.0
421	1996.5476	1831.2015	4019.0574	-171.3296	1000.0	212.16866	224.85484	442.78976	-137.09108	2105000	0.006434418	4567.2466	-7.2552767	0.112819016	2.0
422	3757.5234	218.63928	4052.5747	3489.979	1000.0	361.65005	49.887882	425.695	92.15937	2110000	-0.07237192	2062.163	-7.2721376	0.07873045	50.0
423	3992.018	185.39977	4295.6665	3710.8289	1000.0	397.9804	39.43599	441.72012	205.5569	2115000	-0.07082003	1126.341	-7.432058	0.040412158	79.0
424	3882.5386	191.54927	4229.862	3642.6963	1000.0	406.066	37.866444	451.6582	195.13008	2120000	0.015629064	2170.2468	-7.4239225	0.08221512	1.0
425	3829.241	262.62952	4088.18	3323.497	1000.0	392.0657	62.024414	439.41174	-69.69241	2125000	-0.014007849	3358.3433	-7.4140697	0.1015776	7.0
426	3900.411	281.23126	4197.0005	3400.0046	1000.0	388.8095	50.174313	430.93893	101.644936	2130000	-0.074182615	1722.2604	-7.4484234	0.03849371	79.0
427	3173.704	562.28357	3961.6008	2285.3496	1000.0	354.83316	118.565155	446.74472	-39.692833	2135000	-0.010090387	5078.3066	-7.34282	0.08806259	3.0
428	4145.64	227.5497	4319.5317	3720.7637	1000.0	382.37384	42.275074	430.36694	127.85275	2140000	0.029248899	870.6571	-7.4736	0.0852927	1.0
429	3856.0532	634.18317	4206.152	2590.5278	1000.0	401.82437	98.42207	469.71265	-29.92133	2145000	0.037488617	2570.4597	-7.490665	0.114954636	1.0
430	3181.946	1440.293	4261.703	343.4862	1000.0	330.5738	170.81094	449.2068	-95.99808	2150000	0.047094893	4086.8472	-7.4218874	0.17300615	1.0
431	3173.3262	1001.801	4091.525	1942.7473	1000.0	308.6736	186.01215	445.38525	-147.13829	2155000	0.021288091	4431.5566	-7.4572735	0.085978836	1.0
432	3741.7063	360.3879	4365.467	3318.8545	1000.0	384.4211	49.921486	439.01596	64.547516	2160000	0.026202813	2600.6487	-7.413359	0.11263931	1.0
433	3889.3625	191.41943	4135.018	3636.1648	1000.0	387.0801	41.704285	431.40942	177.78786	2165000	0.023927465	1885.3616	-7.508346	0.08092112	1.0
434	3896.141	162.36684	4116.5396	3637.9238	1000.0	398.32324	48.353695	443.3127	89.21764	2170000	0.0070728697	1794.3208	-7.525164	0.08308703	3.0
435	3549.4526	557.122	4143.837	2516.9907	1000.0	377.48007	102.90233	460.75806	-2.4632013	2175000	0.0044674166	3162.1724	-7.5117397	0.07774639	2.0
436	3853.1577	340.5918	4335.0723	3303.541	1000.0	389.8684	47.893612	462.52942	127.40677	2180000	-0.07388262	1888.4144	-7.508664	0.025285281	79.0
437	3950.327	409.91037	4289.783	3153.9329	1000.0	396.11877	41.72644	438.5737	212.19803	2185000	-0.006633613	2242.6704	-7.5653377	0.11353813	5.0
438	3863.5151	491.46906	4354.7876	3184.8513	1000.0	401.7192	53.828384	452.54843	94.59881	2190000	-0.012896081	2268.102	-7.5712514	0.09061417	6.0
439	3353.6382	1138.7784	4307.669	1147.8842	1000.0	355.2386	133.52524	448.02325	-52.84313	2195000	-0.0083420705	2982.347	-7.5566015	0.09587376	6.0
440	3269.1143	1372.1288	4288.8203	587.3932	1000.0	331.77722	161.06471	447.5615	-116.6256	2200000	0.029746322	2916.1443	-7.5548124	0.11982775	1.0
441	3706.9155	198.8079	3966.9602	3351.6636	1000.0	382.24222	70.652374	452.05505	-45.94253	2205000	0.01838036	3312.498	-7.5237	0.08748699	4.0
442	3714.5325	252.13338	3938.769	3300.6306	1000.0	375.85645	43.080803	419.88614	137.99084	2210000	-0.0008001665	2520.6082	-7.5189743	0.07634043	3.0
443	3383.2656	1416.9918	4330.854	562.27844	1000.0	333.80457	151.81929	429.15103	-90.52929	2215000	-0.00094317104	2452.6711	-7.5958366	0.0794028	2.0
444	3428.0698	302.65976	3733.8577	2858.2307	1000.0	381.9449	61.540733	436.23654	77.883224	2220000	-0.083236985	2953.0881	-7.455816	0.0383831	79.0
445	4050.0872	340.08212	4397.009	3438.9355	1000.0	382.06894	33.362415	417.05258	181.7927	2225000	0.0085214125	1190.3154	-7.6308174	0.07543217	3.0
446	4118.747	158.91927	4364.1274	3966.7012	1000.0	418.1048	34.913605	454.3195	222.95168	2230000	-0.061500646	1103.556	-7.695884	0.027050985	79.0
447	3851.2336	394.9976	4341.728	3222.434	1000.0	409.00323	40.89152	445.8499	203.33702	2235000	-0.034205485	2002.41	-7.6107993	0.08321833	10.0
448	3623.11	355.5458	4034.4187	3058.6787	1000.0	386.31485	63.699303	443.4044	146.8109	2240000	-0.08014425	2818.084	-7.5897336	0.041537244	79.0
449	3777.308	367.91003	4125.609	3090.4248	1000.0	382.4495	51.07895	444.57532	145.19283	2245000	-0.0051378654	2873.7576	-7.6653314	0.09962107	5.0
450	3910.778	189.89185	4172.4517	3699.1802	1000.0	390.15463	60.92415	450.62943	-41.436127	2250000	-0.06999641	2513.7117	-7.730043	0.03962479	79.0
451	3957.2651	268.66663	4249.894	3542.884	1000.0	401.0578	35.38142	442.08557	184.98047	2255000	-0.028540546	1271.911	-7.708883	0.07785776	8.0
452	3017.9734	1021.8304	4359.966	1447.2806	1000.0	334.26367	155.04474	450.68488	-48.680202	2260000	0.009328245	5354.5503	-7.650361	0.07920248	2.0
453	3392.5	301.36945	3797.6675	3026.843	1000.0	348.04626	78.07026	423.52472	76.52738	2265000	-0.026852649	3556.428	-7.5709124	0.07540323	10.0
454	3381.1262	1296.3281	4395.2417	875.086	1000.0	324.74594	132.2673	422.37454	-62.728836	2270000	0.017345043	3731.0183	-7.7094846	0.08045211	1.0
455	3867.2202	180.83725	4160.669	3648.2568	1000.0	382.6873	62.49373	445.87134	91.885185	2275000	0.035863057	1462.4066	-7.7148705	0.08681834	1.0
456	3166.2969	988.0259	4176.5557	1572.8945	1000.0	345.95145	131.35612	442.96194	-31.214264	2280000	0.05890489	4574.833	-7.6463947	0.19538802	1.0
457	3663.7253	446.80957	4218.027	2893.7168	1000.0	364.62894	54.742516	423.57394	127.68633	2285000	0.075476855	2258.0503	-7.659881	0.19713289	1.0
458	3512.4702	1450.0658	4310.856	614.19885	1000.0	343.055	151.9208	438.38037	-130.18134	2290000	0.023678115	2290.9294	-7.7384315	0.09432852	1.0
459	3343.7036	1170.4773	4171.371	1065.6345	1000.0	344.0191	172.8467	454.7647	-129.63383	2295000	0.0092727095	3930.1265	-7.708817	0.09629209	2.0
460	3072.9893	1433.5713	4430.313	298.8059	1000.0	315.73425	176.82707	454.937	-156.20935	2300000	-0.002034037	3826.5376	-7.6692243	0.07605235	2.0
461	3443.7375	508.6819	4388.7397	2869.499	1000.0	347.68594	108.67228	428.1648	-145.39323	2305000	0.0007625294	4416.9634	-7.6325717	0.081938475	4.0
462	3734.9824	346.3832	4201.391	3315.4895	1000.0	363.74915	66.63711	437.14273	45.688454	2310000	0.008260412	2234.5383	-7.650458	0.07843565	4.0
463	3649.0405	372.6469	4263.5396	3269.9668	1000.0	378.02634	68.30387	435.3414	-89.881874	2315000	0.035511907	3357.376	-7.63497	0.12938525	1.0
464	2471.2566	1660.8759	4189.073	-317.38235	1000.0	266.23007	195.05046	441.03348	-140.0338	2320000	0.052197766	5190.7173	-7.6257687	0.18339874	1.0
465	3432.8918	608.52637	4300.5205	2453.665	1000.0	317.1138	155.78386	438.02274	-170.07106	2325000	0.04756282	6010.5728	-7.7027564	0.15700305	1.0
466	3431.3203	874.6868	4360.922	1835.827	1000.0	330.98	141.59125	433.40552	-255.91814	2330000	0.045824364	3580.6936	-7.6829734	0.112755835	1.0
467	3886.4868	470.62177	4336.9136	3137.9995	1000.0	385.379	52.9144	441.67883	44.35733	2335000	0.013111121	2465.829	-7.72115	0.09104724	4.0
468	2997.797	1156.4382	4101.2603	813.66284	1000.0	335.66855	142.51358	466.14883	-81.133446	2340000	0.009826018	4735.7725	-7.61544	0.100277774	2.0
469	3435.1235	513.7129	4081.0745	2758.82	1000.0	353.98093	57.57249	439.5992	120.706894	2345000	-0.0039818776	3429.9385	-7.5936923	0.100790374	4.0
470	2119.1785	1286.3481	3875.8616	216.32555	1000.0	233.43346	188.23615	434.80246	-80.09154	2350000	0.015128664	5272.1934	-7.5932007	0.08210886	2.0
471	3333.9316	976.86584	4031.6636	1394.2006	1000.0	291.59332	139.39711	400.57895	-120.00044	2355000	0.02934214	3198.5256	-7.699587	0.08013246	1.0
472	2758.0173	1778.2072	4143.751	-649.99274	1000.0	270.93164	199.01646	433.81644	-149.71384	2360000	0.052871533	3929.2112	-7.658967	0.19768104	1.0
473	1857.8256	1486.0801	3792.32	464.5671	1000.0	186.4545	224.8401	433.4146	-132.0284	2365000	0.027471539	4321.2	-7.6285357	0.12791757	1.0
474	4068.4219	193.23251	4295.0845	3734.1492	1000.0	345.7742	29.795443	390.39944	123.20612	2370000	-0.0010894707	1209.4799	-7.7506742	0.08434628	4.0
475	2725.4746	1063.2177	3818.5618	902.35657	1000.0	301.50003	192.82402	449.51718	-140.58682	2375000	0.006685215	4463.257	-7.5756826	0.103953674	3.0
476	3850.7637	398.65677	4221.9673	3216.6938	1000.0	364.33725	48.84774	410.16202	60.213417	2380000	-0.012481589	2725.178	-7.6941624	0.080569245	5.0
477	2022.9867	1809.0541	3818.3381	-697.5902	1000.0	235.94585	206.74362	445.49448	-92.90853	2385000	0.026979653	3800.7808	-7.5605593	0.12102824	1.0
478	2682.1658	1594.4224	4019.0632	133.38638	1000.0	257.72488	189.88455	428.90125	-111.582855	2390000	0.023646604	4643.095	-7.6326947	0.1149044	1.0
479	3378.0903	677.6984	4229.1123	2618.754	1000.0	326.02386	149.46895	428.23843	-127.558044	2395000	0.026445556	4882.001	-7.6176343	0.09254264	1.0
480	3260.833	605.16235	3624.4548	2052.5984	1000.0	332.80356	140.64983	443.80582	-120.185425	2400000	0.04741094	3771.235	-7.618956	0.11891524	1.0
481	3369.1797	647.9822	4123.1562	2198.1846	1000.0	333.5504	133.01663	424.02618	-138.8266	2405000	0.052346606	3194.9	-7.597928	0.17338504	1.0
482	3130.9883	1512.6486	4064.8376	111.883736	1000.0	313.61102	171.68523	438.4502	-112.724625	2410000	0.051599175	2978.3843	-7.632163	0.21997112	1.0
483	3943.7808	298.004	4324.612	3595.5078	1000.0	397.8941	46.31638	449.02948	26.235516	2415000	0.0093898345	1629.4252	-7.664689	0.0852567	3.0
484	3753.957	325.5669	4293.521	3294.482	1000.0	397.99506	55.701702	462.3994	154.56227	2420000	0.033920262	2304.412	-7.592999	0.09947759	1.0
485	3733.9485	429.1473	4397.6226	3135.9036	1000.0	384.48474	54.009716	441.2416	45.794247	2425000	0.032117553	2364.745	-7.6523385	0.08428094	1.0
486	3517.4304	1226.1959	4387.0845	1096.7092	1000.0	356.01105	135.1274	443.6629	-58.073544	2430000	0.04929369	3073.6855	-7.6715	0.20677505	1.0
487	3966.4097	211.56094	4365.318	3763.1602	1000.0	401.6523	45.474926	445.81616	130.8126	2435000	0.035711735	1185.634	-7.6605234	0.13780102	1.0
488	3935.6792	237.20728	4205.9688	3499.0042	1000.0	406.5016	59.651722	462.89676	-86.29439	2440000	0.060268946	2764.8533	-7.639614	0.15957034	1.0
489	3289.6914	1169.2196	4386.4146	1133.7782	1000.0	343.97873	147.28502	446.4212	-76.02407	2445000	0.07318605	3756.7915	-7.6629095	0.1650915	1.0
490	3314.7024	572.2265	3882.7214	2269.1033	1000.0	358.4182	91.61707	459.94547	-148.06981	2450000	0.085962765	4355.8394	-7.5215983	0.24237867	1.0
491	3021.4297	1250.7705	4150.628	856.26105	1000.0	286.6808	171.01039	419.67294	-95.7807	2455000	0.09025586	3932.028	-7.7347174	0.30629247	1.0
492	3126.298	1108.0093	4345.7075	1032.3888	1000.0	324.5871	151.27878	462.7179	-109.66403	2460000	0.03000102	3493.762	-7.7024937	0.09700012	1.0
493	3455.7969	348.8801	3856.3008	2866.5635	1000.0	358.87354	74.041985	432.1865	-4.696047	2465000	0.019836958	3543.78	-7.6575217	0.07799932	1.0
494	3608.8906	453.12466	4312.9375	3109.7766	1000.0	355.45462	83.91274	441.30536	-74.61532	2470000	0.049463823	3655.5425	-7.718817	0.12094202	1.0
495	3388.0383	303.99002	3853.9578	3036.3308	1000.0	361.7119	75.843605	433.5441	31.910719	2475000	0.07489762	3590.4712	-7.647751	0.12521592	1.0
496	2991.7385	1124.7279	4124.6294	941.79974	1000.0	319.1364	141.7499	443.09863	-74.84497	2480000	0.066222385	4984.09	-7.72692	0.28449547	1.0
497	2615.3816	1317.7351	3663.0989	42.111607	1000.0	273.12326	160.38274	428.99652	-99.35858	2485000	0.025855584	4893.041	-7.671563	0.09667502	2.0
498	3487.2644	655.4493	4012.7976	2314.945	1000.0	320.05862	108.2632	404.363	-128.6348	2490000	0.008934707	4496.6694	-7.8113127	0.104071446	3.0
499	2785.1733	844.3158	3911.5466	1676.8024	1000.0	284.0055	172.76312	439.40372	-139.98859	2495000	0.0018955298	5840.09	-7.7169905	0.08190506	4.0
500	2981.6519	1829.1674	4139.5884	-652.7343	1000.0	273.33813	180.44263	418.56427	-132.72676	2500000	0.013559618	2597.35	-7.806003	0.09396215	2.0
501	3418.8804	477.42508	4038.606	2680.4514	1000.0	370.5204	70.68206	455.43027	64.10675	2505000	-0.003407684	4782.5537	-7.730632	0.110060304	5.0
502	2879.3267	1133.5652	4032.8608	740.4736	1000.0	298.6653	150.07855	442.52487	-90.97491	2510000	0.022553407	4210.92	-7.7404656	0.075491086	2.0
503	2832.709	1676.3097	4386.4683	-370.8588	1000.0	279.30026	174.20009	438.2155	-113.09097	2515000	0.04587503	4126.074	-7.7703032	0.12056704	1.0
504	3797.5063	275.47662	4221.1313	3407.001	1000.0	375.20056	67.8294	448.8754	15.063583	2520000	0.05817328	3047.9287	-7.835158	0.20686513	1.0
505	3820.0305	288.156	4248.5684	3420.414	1000.0	386.6725	51.875195	444.41336	104.441	2525000	0.033242796	2263.3618	-7.8180795	0.08927933	1.0
506	3704.772	323.64838	4117.651	3119.0974	1000.0	389.71887	52.34604	449.5249	164.20912	2530000	0.031342503	1884.016	-7.7813654	0.08308088	1.0
507	3716.3687	382.56323	4016.9668	3019.4556	1000.0	388.23874	45.096382	437.8528	146.1053	2535000	0.0493713	2319.866	-7.786089	0.13573061	1.0
508	3658.8638	659.2606	4333.2925	2394.5974	1000.0	389.36087	56.799477	460.42416	150.26561	2540000	0.04331297	3175.6108	-7.789744	0.10838396	1.0
509	3735.0305	370.74765	4401.6104	3349.0505	1000.0	386.16144	73.10988	473.29156	138.52281	2545000	0.044703923	2844.728	-7.8521624	0.13285571	1.0
510	3867.9941	310.68024	4262.943	3363.7036	1000.0	392.1463	57.690765	444.83615	103.50083	2550000	-0.032000244	2313.0566	-7.9326954	0.07904475	12.0
511	3540.054	678.34753	4242.9546	2376.733	1000.0	388.77554	56.931553	456.26004	146.74	2555000	-0.022099476	3937.455	-7.827817	0.081293635	5.0
512	3204.0989	425.6444	3782.2537	2508.7844	1000.0	349.3206	90.073265	441.81	113.36844	2560000	-0.017839938	4455.129	-7.727475	0.0943104	7.0
513	3998.0188	316.44388	4332.372	3415.4648	1000.0	369.683	55.8328	416.67596	124.48494	2565000	-0.0041907285	2275.3513	-7.966283	0.09353984	5.0
514	3819.9285	222.39072	4023.764	3420.3352	1000.0	393.37714	63.614025	449.92044	102.249664	2570000	-0.037180938	3000.1484	-7.949289	0.075243555	12.0
515	2952.5789	1568.5247	4041.9834	-146.26363	1000.0	312.6085	169.26642	448.90475	-104.18611	2575000	-0.002966049	3032.3113	-7.8711705	0.09143963	4.0
516	3697.123	132.40775	3881.445	3517.315	1000.0	380.2349	70.40259	439.63354	-16.69674	2580000	-0.024505805	3055.006	-7.948537	0.07610752	7.0
517	3360.0933	331.91675	3871.1074	2971.419	1000.0	365.71185	76.30675	450.72507	69.75265	2585000	-0.01281629	3577.7192	-7.818439	0.07880067	6.0
518	3272.3972	1692.5452	4450.3057	-92.96273	1000.0	325.46695	145.52303	441.3653	-50.117905	2590000	0.044248812	2434.2373	-7.9937677	0.10907581	3.0
519	3399.36	626.9553	3997.9983	2209.3218	1000.0	373.29886	109.75989	456.65176	-114.33607	2595000	0.043785375	3908.4568	-7.8785625	0.13078237	1.0
520	3267.0125	272.9827	3740.024	2899.206	1000.0	353.94064	59.10547	433.90714	83.42847	2600000	0.029024668	3848.1328	-7.827289	0.08036528	1.0
521	3949.7207	254.13837	4322.911	3555.4111	1000.0	382.42926	57.48294	440.46994	106.6034	2605000	0.02046687	1870.5225	-7.984185	0.08644781	1.0
522	3382.2864	786.1933	3908.999	1821.3752	1000.0	364.06744	132.18187	458.10123	-99.50056	2610000	0.007853668	3810.2473	-7.929471	0.08347686	3.0
523	3576.4805	317.28662	4012.6565	3136.8325	1000.0	374.0696	64.87999	455.66788	135.48491	2615000	0.020677252	3452.9197	-7.881975	0.09108953	3.0
524	3797.2036	241.3913	4133.6567	3389.1665	1000.0	375.3384	51.02995	429.28848	153.56386	2620000	0.0059136855	2526.3145	-7.9197235	0.09990059	4.0
525	3631.1343	443.00333	4365.2295	3152.0027	1000.0	388.94263	68.93898	457.69592	127.82258	2625000	-0.04547345	2942.9253	-7.915302	0.080415346	14.0
526	2513.42	1309.4812	3800.3499	67.4238	1000.0	291.5825	172.56999	451.16263	-113.857796	2630000	-0.018236594	5109.729	-7.80993	0.08472564	7.0
527	4086.515	213.16039	4410.604	3753.4463	1000.0	354.53165	43.111855	398.45404	117.99495	2635000	-0.0613426	1349.7019	-8.051181	0.03496085	79.0
528	3742.0942	334.96533	4251.933	3335.408	1000.0	402.60657	46.399715	453.0479	211.30864	2640000	-0.045098443	2561.6611	-7.955875	0.077212125	13.0
529	3568.6655	668.62274	4166.648	2293.9712	1000.0	369.58926	100.85381	441.94464	-77.06565	2645000	-0.012075303	4160.1934	-7.9798765	0.094044894	5.0
530	2814.1477	1703.3384	4317.156	-302.40286	1000.0	281.41656	197.31848	439.45438	-186.14375	2650000	0.020051029	4011.1855	-8.064485	0.07956801	1.0
531	3802.86	401.31854	4437.361	3228.736	1000.0	384.56918	58.560272	440.92233	60.572197	2655000	-0.002667668	2397.3145	-7.9806905	0.07525843	5.0
532	3595.9758	516.6451	4287.98	2707.7827	1000.0	378.21234	74.5086	448.26718	-69.846695	2660000	0.003648428	4127.9653	-7.9718328	0.08835073	4.0
533	3773.0952	274.0092	4138.366	3425.425	1000.0	368.7462	81.323875	429.28497	-79.27256	2665000	0.012524981	3582.413	-8.027108	0.09082627	2.0
534	3667.9446	295.09805	4050.2349	3332.8047	1000.0	382.1485	55.391674	457.0108	68.01672	2670000	0.03373913	3256.4695	-7.9328594	0.14288759	1.0
535	3594.7493	669.6461	4327.929	2398.7327	1000.0	364.551	51.394424	422.3315	118.962364	2675000	-0.00848788	4821.367	-7.9192142	0.083106436	5.0
536	3423.2554	420.81882	4040.8276	2917.4534	1000.0	358.45068	84.33734	450.12064	23.012615	2680000	-0.07772709	5132.2954	-7.9220233	0.08065639	44.0
537	3926.0786	271.71698	4246.6978	3603.2815	1000.0	377.70798	57.699028	441.88278	123.24636	2685000	-0.06572507	2240.4321	-8.052728	0.079724856	44.0
538	4012.0952	386.64655	4418.6265	3340.2048	1000.0	408.04266	52.011585	468.9763	155.90416	2690000	-0.062233046	1496.9615	-8.082406	0.037210472	79.0
539	3758.125	315.69574	4210.97	3324.2507	1000.0	402.4989	66.70552	468.96198	-44.587887	2695000	-0.041416142	3621.1096	-8.054021	0.0759328	14.0
540	3191.2402	764.9878	3891.6733	1708.9968	1000.0	340.4568	134.43602	443.73843	-76.3411	2700000	-0.022736866	4309.123	-7.9863796	0.079388656	6.0
541	3235.853	567.1835	3761.6157	2527.7783	1000.0	329.49844	120.69642	432.46094	-138.35977	2705000	-0.0027645181	4220.3677	-7.9602103	0.07896821	4.0
542	3789.5789	393.2378	4171.813	3061.738	1000.0	360.0137	58.024307	423.1021	32.25708	2710000	-0.0238271	1941.2876	-8.037494	0.08004383	7.0
543	3644.8547	389.6858	4094.7883	3179.1729	1000.0	393.3942	61.10768	456.61832	159.80086	2715000	0.004677357	2595.933	-7.9709454	0.12034315	4.0
544	2743.121	836.889	3944.2422	1388.7335	1000.0	322.90826	134.144	442.80948	-102.83898	2720000	0.043798994	5064.7305	-7.9251704	0.12709825	1.0
545	3760.2473	531.42725	4326.559	2909.1567	1000.0	363.6861	76.00049	434.18912	74.17486	2725000	0.0399039	3026.2017	-8.004464	0.088320605	1.0
546	3348.9446	1081.118	4117.4375	1208.3467	1000.0	340.17096	156.42023	452.44135	-195.6386	2730000	0.03532676	3413.0344	-8.019059	0.0921018	1.0
547	3858.4265	361.4588	4386.474	3283.9219	1000.0	382.02542	58.34406	442.63126	100.54353	2735000	0.051695876	1922.0754	-8.052526	0.14927231	1.0
548	3634.3762	734.57446	4231.833	2187.7332	1000.0	380.59534	114.3982	460.16943	-115.82842	2740000	0.0041241273	3009.7744	-8.033086	0.089334145	2.0
549	3805.9395	430.02664	4317.226	3153.7732	1000.0	392.221	69.91595	455.09027	-3.2782238	2745000	0.00623878	2934.0083	-8.041295	0.07832665	3.0
550	3279.3782	568.4734	4186.959	2626.0225	1000.0	346.58517	142.41179	458.69144	-152.13232	2750000	-0.009999728	5329.7866	-8.033734	0.10271223	5.0
551	3616.1265	418.3819	4212.1895	3001.3909	1000.0	362.06235	73.96505	430.4937	-86.95033	2755000	-0.02864981	4427.4014	-7.9876876	0.076052524	8.0
552	3788.5012	445.54407	4294.4795	2992.3018	1000.0	364.51224	69.86082	430.97638	14.610971	2760000	-0.07209279	2857.6882	-8.078813	0.060936023	79.0
553	3865.2876	251.02202	4313.519	3606.3074	1000.0	392.13724	54.321205	446.09235	165.33142	2765000	-0.068333074	1727.9476	-8.100106	0.047743328	79.0
554	2958.401	1788.3201	4226.6753	-562.23315	1000.0	339.066	134.95757	446.9031	-12.207198	2770000	0.011656285	3115.879	-8.11522	0.07534802	3.0
555	4026.401	134.69118	4203.01	3819.8755	1000.0	398.4725	50.17718	451.65192	92.87981	2775000	0.03355915	1219.7218	-8.1629	0.14224555	1.0
556	3610.0789	630.0293	4323.097	2554.378	1000.0	386.108	108.57908	463.7531	-80.21177	2780000	-0.0013859612	3731.0337	-8.139253	0.09621544	2.0
557	3723.9968	859.6988	4347.3735	2041.5681	1000.0	366.568	138.18419	444.9352	-113.850624	2785000	-0.02708443	2456.7114	-8.20638	0.080446064	9.0
558	2987.1135	1937.4883	4198.7373	-859.91614	1000.0	310.55206	204.14313	463.30487	-143.59877	2790000	-0.003452944	1546.5664	-8.159091	0.080928445	3.0
559	4110.709	305.787	4409.6284	3527.388	1000.0	424.3818	49.862583	465.07162	78.12618	2795000	0.016865911	1178.6694	-8.187759	0.09704355	1.0
560	3121.489	1597.9795	4285.5786	51.571976	1000.0	339.21756	184.56949	459.91928	-139.73068	2800000	-0.00019370079	3295.9924	-8.148119	0.07803041	2.0
561	3490.5454	1449.0463	4421.7065	606.8684	1000.0	341.8502	178.3106	454.6957	-138.64891	2805000	-0.050984483	2150.0776	-8.229225	0.075457856	38.0
562	3980.5417	410.12277	4392.8984	3374.0679	1000.0	413.00082	56.57976	467.36575	64.85929	2810000	-0.0661647	1811.4714	-8.189378	0.039584093	79.0
563	3998.4468	255.07292	4360.9995	3614.2556	1000.0	413.23688	48.607098	452.7266	123.01627	2815000	-0.033671346	1486.385	-8.183059	0.07717591	10.0
564	3031.3677	1738.6715	4395.5845	-335.07416	1000.0	329.01764	180.71484	458.3665	-102.43525	2820000	-0.020421313	3100.7317	-8.176858	0.08443553	4.0
565	3758.2605	655.30023	4364.8047	2539.1777	1000.0	394.9031	95.42553	473.61533	-113.8817	2825000	-0.066389784	4537.7046	-8.163235	0.056082062	79.0
566	3512.4036	989.36334	4502.4478	2287.822	1000.0	342.1554	172.23083	461.93723	-164.75131	2830000	-0.059907325	4587.1514	-8.233922	0.05242865	79.0
567	4189.221	294.0753	4459.2324	3730.603	1000.0	403.506	59.853313	458.71677	21.173893	2835000	-0.05764912	1462.5546	-8.229764	0.026098628	79.0
568	3596.0278	258.61133	4008.047	3238.0103	1000.0	402.1743	57.635933	464.6356	168.74666	2840000	-0.003678966	3124.9988	-8.099139	0.08423965	3.0
569	3796.9644	821.23145	4443.255	2189.7388	1000.0	369.5298	130.48457	454.34375	-110.14136	2845000	0.009193767	2417.2056	-8.21065	0.102350324	1.0
570	3172.1035	1780.4193	4265.328	-357.5066	1000.0	326.4647	199.91519	477.61154	-133.8232	2850000	-0.010007905	3958.564	-8.217012	0.09268596	3.0
571	2523.1328	1604.2804	4380.892	56.08697	1000.0	240.6944	245.11005	455.38315	-166.54881	2855000	-0.017218031	4227.8374	-8.244524	0.07882229	8.0
572	3427.0425	1651.7529	4451.3496	144.00452	1000.0	320.6036	180.5243	439.82056	-141.18149	2860000	-0.00024392776	2131.598	-8.228154	0.081622645	4.0
573	4267.8037	238.06044	4434.703	3795.9658	1000.0	424.64124	33.910145	459.95932	67.953026	2865000	0.021354083	971.5415	-8.216021	0.11725742	1.0
574	3912.1675	440.7822	4209.365	3060.431	1000.0	402.60495	121.58835	463.78778	-120.86412	2870000	-0.016487423	2324.0244	-8.216721	0.07943165	8.0
575	3529.8804	1160.3998	4428.8647	1327.3704	1000.0	354.24396	175.14691	454.02048	-135.26263	2875000	-0.015913203	4109.0464	-8.294785	0.07593236	6.0
576	4120.2	321.9588	4461.584	3588.1821	1000.0	411.39862	48.10271	449.42053	18.973688	2880000	0.0022426948	1158.0037	-8.272216	0.09015162	2.0
577	4200.0674	170.09523	4491.2046	4021.0417	1000.0	425.0172	76.15714	466.3799	-112.32484	2885000	-0.024646793	2356.4592	-8.329528	0.07812404	10.0
578	3499.127	960.0195	4191.4697	1616.4467	1000.0	371.5797	148.13953	468.11624	-133.77632	2890000	-0.016044458	3115.9585	-8.244482	0.07575305	4.0
579	3061.834	1724.7964	4502.3433	323.3061	1000.0	300.74854	222.7134	465.181	-125.35886	2895000	0.0027011386	3446.2368	-8.354679	0.09810312	3.0
580	3842.2476	547.39026	4349.3765	2882.4036	1000.0	386.4647	131.5066	469.63806	-173.85626	2900000	0.0073538595	2760.6597	-8.283675	0.104029775	3.0
581	4220.8413	174.46538	4474.6704	4015.2285	1000.0	422.18256	46.2475	469.43622	88.814575	2905000	0.011755152	876.862	-8.328628	0.08480813	3.0
582	3867.923	669.51843	4392.33	2569.9714	1000.0	406.97937	114.79213	484.76694	-106.69745	2910000	0.0034589963	2602.9	-8.266183	0.083046705	2.0
583	2860.3496	1653.3433	4394.111	563.5811	1000.0	291.1723	228.18726	467.1042	-170.28166	2915000	0.0038251674	3538.9824	-8.296219	0.08851367	2.0
584	2483.6997	1912.3434	4209.9614	-831.82245	1000.0	252.32034	233.88106	473.687	-272.98364	2920000	0.009708766	3009.448	-8.232712	0.08556489	1.0
585	4256.6406	129.36119	4486.9526	4136.3604	1000.0	414.80515	49.268696	463.58466	35.064156	2925000	-0.053592842	370.43887	-8.299865	0.04019946	79.0
586	3554.534	1320.6094	4408.3276	945.7423	1000.0	376.82474	167.39146	478.72397	-92.758545	2930000	-0.01833684	3218.7595	-8.283133	0.078212395	6.0
587	4066.345	350.48166	4468.9604	3665.5288	1000.0	415.43463	46.8166	464.3882	125.3786	2935000	-0.0005457237	1133.054	-8.284688	0.07728336	2.0
588	1923.3678	2187.0818	4131.3027	-707.27264	1000.0	220.84492	243.91884	468.57898	-123.68306	2940000	0.0266901	4278.479	-8.29054	0.15947464	1.0
589	3151.5713	904.30365	4333.1235	2241.2202	1000.0	303.95493	206.9353	477.89587	-141.40471	2945000	0.021167139	5287.9683	-8.292519	0.117967345	1.0
590	3233.2153	1157.2355	4245.331	1573.7255	1000.0	298.7412	201.57419	447.02768	-227.2371	2950000	0.015503864	3760.0664	-8.339958	0.08382588	1.0
591	3026.0728	1930.7395	4236.486	-819.6243	1000.0	311.4268	202.41368	480.97208	-129.24648	2955000	0.018602958	1823.9908	-8.311844	0.09996669	1.0
592	4135.329	162.90802	4334.6523	3900.2566	1000.0	419.29343	64.93136	473.32477	-77.21588	2960000	0.009765075	866.9416	-8.333045	0.08846014	3.0
593	2542.306	1975.6473	4323.9473	-784.24774	1000.0	304.60516	193.81448	470.75793	-55.196983	2965000	0.025283251	3255.3057	-8.352315	0.13549474	1.0
594	2570.598	1294.3788	3651.5234	495.58994	1000.0	275.5002	202.35532	458.3834	-124.79872	2970000	0.04072428	4967.035	-8.285939	0.13143516	1.0
595	2983.946	1990.8501	4267.385	-916.62897	1000.0	283.78223	193.2031	437.30377	-118.045135	2975000	0.03250431	2147.048	-8.374589	0.17486858	1.0
596	3530.8945	1137.5116	4388.5405	1345.8274	1000.0	352.6393	170.2503	457.9571	-141.01253	2980000	0.021736935	4376.7	-8.429012	0.078240626	1.0
597	3265.144	1747.4327	4430.3984	-208.69409	1000.0	320.6211	192.10225	462.43988	-182.83093	2985000	0.012901712	2187.5989	-8.437838	0.11017074	1.0
598	3185.3574	1500.5214	4447.642	344.84418	1000.0	336.89035	196.17372	480.82214	-126.664764	2990000	0.0033825561	3915.6655	-8.428182	0.092779756	3.0
599	4100.35	275.86386	4412.891	3592.1077	1000.0	398.7418	60.219795	452.13535	-46.053074	2995000	-0.05723506	1008.1744	-8.46283	0.024073124	79.0
600	2558.929	1754.3457	3996.6946	-586.9621	1000.0	294.8564	209.92511	464.6607	-90.44537	3000000	-0.011166577	5591.552	-8.424332	0.0864865	4.0
