Epoch	AverageEpRet	StdEpRet	MaxEpRet	MinEpRet	AverageTestEpRet	StdTestEpRet	MaxTestEpRet	MinTestEpRet	EpLen	TestEpLen	TotalEnvInteracts	AverageQ1Vals	StdQ1Vals	AverageQ2Vals	StdQ2Vals	LossPi	LossQ	Time
1	20.194458	3.549431	49.9325	11.757206	59.319256	3.183844	64.045265	52.049767	12.072464	40.0	4999	10.065841	6.6374936	10.0660305	6.6378493	-11.430961	0.2340447	32.67100763320923
2	20.092558	3.0356684	31.982103	10.860958	62.02602	10.022481	74.303276	26.829443	11.681499	39.95	9999	21.230661	10.965117	21.230444	10.96476	-23.537043	0.31823182	65.61004567146301
3	95.342026	23.605497	139.74475	11.026531	108.992935	3.1534824	113.1296	101.811005	62.0625	72.85	14999	33.884293	14.720986	33.884293	14.718925	-36.763523	1.4332577	107.01077103614807
4	112.94449	13.237758	148.7844	88.759224	132.97963	15.9889965	158.41432	106.858116	70.169014	74.9	19999	43.711613	17.773945	43.711636	17.77117	-46.492012	1.2421656	143.2656683921814
5	129.14604	16.795048	156.9573	96.58908	122.93001	11.701518	147.70964	104.63854	74.29412	69.05	24999	50.918613	20.88184	50.918858	20.878714	-53.567024	1.6375616	184.29613590240479
6	146.29305	121.53326	921.23456	80.79171	437.46954	347.33994	863.7956	128.65277	104.145836	455.15	29999	56.577812	23.599678	56.578094	23.597473	-59.117958	1.8878361	234.13842940330505
7	169.26588	25.558771	231.38261	107.20897	191.43794	19.451746	226.98438	157.16232	93.37736	101.2	34999	59.69278	25.370134	59.693142	25.367018	-62.045277	1.8661119	270.8930835723877
8	190.69405	21.53102	236.20236	140.97305	209.82478	19.710697	240.15231	167.82071	105.541664	117.95	39999	61.67158	26.326654	61.671833	26.324326	-63.889492	1.824406	312.81883001327515
9	259.48077	55.751617	399.9557	141.50787	332.32568	47.687458	459.27417	250.79012	154.75	191.15	44999	63.52415	26.638142	63.524418	26.636131	-65.60307	1.7851514	351.70318150520325
10	246.46214	41.351868	350.7151	187.49464	313.9621	57.486233	453.32062	214.04263	143.08571	194.1	49999	65.47737	26.67411	65.47757	26.672165	-67.35566	1.8095039	395.79407358169556
11	580.43665	309.10388	1186.5924	246.99797	1043.8428	139.80563	1231.1748	896.34625	413.36365	1000.0	54999	67.45575	26.807669	67.45608	26.805222	-69.2065	1.7961098	445.11143350601196
12	945.6184	420.6113	1540.1829	307.8656	742.0675	350.63306	1434.7905	331.14383	682.0	444.3	59999	70.35105	26.880936	70.3513	26.878435	-72.06804	1.7695667	492.60507702827454
13	1037.9294	431.99088	1633.6775	392.1235	1379.8088	305.45743	1548.9362	264.78632	622.0	959.45	64999	73.38143	27.288017	73.38157	27.286358	-74.9802	1.8150394	544.2377316951752
14	1480.1846	71.00527	1593.8081	1403.1453	1520.5845	108.13693	1637.1613	1266.6171	1000.0	1000.0	69999	77.018555	27.93636	77.01879	27.934278	-78.62009	1.8542101	595.6563086509705
15	1481.6564	76.623085	1600.3896	1377.5071	1648.4299	20.353796	1667.2954	1589.1997	1000.0	1000.0	74999	80.96801	28.769659	80.96808	28.768566	-82.532425	1.8106338	644.3755831718445
16	1608.046	36.378593	1648.3451	1543.0784	1660.6439	29.56471	1697.0685	1596.0354	1000.0	1000.0	79999	84.87374	29.660389	84.87386	29.659054	-86.37635	1.7986826	693.1552708148956
17	1251.8867	571.22943	1675.069	247.51682	1734.7474	24.917429	1774.1895	1665.0656	757.1667	1000.0	84999	88.6363	30.364187	88.63642	30.363321	-90.15824	1.7487594	746.1624276638031
18	1665.8445	49.973557	1731.7012	1612.2471	1760.8845	25.775179	1822.5002	1692.5056	1000.0	1000.0	89999	92.186066	31.004974	92.18614	31.004225	-93.700424	1.7790854	796.1124179363251
19	1673.2825	19.770947	1702.2961	1642.1483	1584.3235	16.85336	1623.1743	1548.8268	1000.0	1000.0	94999	95.58257	31.572563	95.58269	31.571547	-97.02224	1.7526207	844.9159398078918
20	1663.8975	5.450919	1671.3146	1657.2656	1731.5729	45.122932	1828.3533	1645.7211	1000.0	1000.0	99999	98.98145	31.961391	98.981544	31.960224	-100.40931	1.8422433	894.6025397777557
21	1663.4597	10.637141	1673.1199	1642.8676	1635.0157	20.77594	1668.1185	1588.8334	1000.0	1000.0	104999	102.13187	32.366844	102.13206	32.365845	-103.544586	1.8263434	948.0529983043671
22	1667.7268	22.663616	1707.9592	1637.7607	1674.406	29.436962	1713.7042	1610.7837	1000.0	1000.0	109999	105.17137	32.60714	105.17145	32.606163	-106.54965	1.7622002	996.7452759742737
23	1677.3643	29.649042	1717.2094	1643.4924	1699.4197	23.473503	1739.9119	1637.567	1000.0	1000.0	114999	107.947716	32.907524	107.94766	32.9069	-109.29505	1.7405152	1045.7695136070251
24	1187.1934	463.06192	1733.4031	536.4713	1798.6458	12.166591	1822.3483	1769.1945	679.5714	1000.0	119999	110.653984	33.09041	110.654	33.09003	-112.00233	1.7972391	1096.688657283783
25	1549.2181	338.8388	1769.631	838.97626	1778.0254	10.530055	1795.1373	1751.9114	875.6667	1000.0	124999	112.8642	33.44707	112.86437	33.445602	-114.124176	1.8285359	1148.6641356945038
26	1762.4519	17.400232	1785.8723	1737.2537	1790.509	23.487133	1814.7896	1726.401	1000.0	1000.0	129999	114.590485	33.85598	114.59056	33.854904	-115.8204	1.8985201	1197.4450492858887
27	1776.2881	18.035137	1798.9913	1745.4001	1739.5289	13.392797	1763.5955	1714.8514	1000.0	1000.0	134999	116.2677	34.027927	116.26775	34.02724	-117.46875	1.8349652	1246.4128353595734
28	1744.5642	10.397419	1754.0497	1726.2549	1730.6731	13.71755	1751.8788	1697.8665	1000.0	1000.0	139999	117.9028	34.12255	117.90292	34.12171	-119.08165	1.8113017	1298.6508140563965
29	1609.3909	303.99405	1769.36	1001.60284	1736.9987	13.904538	1760.7239	1709.2855	914.4	1000.0	144999	119.543465	34.121418	119.54365	34.120884	-120.65323	1.8224914	1349.385428905487
30	1775.3961	17.916546	1805.7744	1754.3901	1783.7878	15.855516	1814.4783	1756.0435	1000.0	1000.0	149999	121.20677	34.14697	121.2067	34.14595	-122.3505	1.7481211	1398.0347616672516
31	1649.6123	279.90012	1798.0917	1024.286	1826.8076	10.041791	1840.8832	1801.0115	930.0	1000.0	154999	122.92877	34.082226	122.9288	34.082127	-124.11745	1.6844715	1447.2206954956055
32	1802.5876	17.977818	1827.6982	1772.9602	1853.5222	8.169544	1867.5212	1838.3043	1000.0	1000.0	159999	124.5632	34.07007	124.56324	34.06935	-125.654076	1.6393495	1500.738882780075
33	1808.017	14.685909	1825.4058	1780.8922	1849.972	9.938692	1864.0923	1829.2289	1000.0	1000.0	164999	126.15014	34.06307	126.1502	34.062378	-127.21505	1.6138479	1550.2147676944733
34	1585.896	434.94965	1813.6593	716.10803	1788.5437	384.7357	1901.6393	112.26545	879.8	953.7	169999	127.67017	34.09818	127.670135	34.097755	-128.69843	1.6605363	1599.078049659729
35	1810.6013	9.38825	1825.1367	1796.2332	1866.8762	10.494038	1889.8192	1850.1553	1000.0	1000.0	174999	129.16008	34.064514	129.16017	34.064125	-130.23074	1.6964515	1649.4504466056824
36	1816.0037	16.118574	1836.0018	1788.5581	1898.5326	10.707022	1917.5929	1876.6489	1000.0	1000.0	179999	130.46602	34.09806	130.46622	34.097492	-131.4726	1.7378012	1702.1586532592773
37	1845.9652	14.996278	1867.8175	1830.0515	1772.7565	11.447098	1800.7694	1757.8357	1000.0	1000.0	184999	131.76614	34.062096	131.76628	34.061543	-132.7907	1.7245773	1750.9969115257263
38	1822.0771	21.404451	1864.5637	1806.7434	1837.8591	13.400467	1861.1866	1808.8539	1000.0	1000.0	189999	132.96774	34.072037	132.96788	34.07109	-133.94028	1.6479192	1799.9759781360626
39	1843.794	15.643842	1873.7462	1830.8683	1851.3795	10.228059	1869.7426	1833.9329	1000.0	1000.0	194999	134.14561	34.09265	134.14563	34.09247	-135.0705	1.5781798	1851.6992313861847
40	1853.791	11.147296	1866.6979	1837.069	1853.5603	7.135534	1869.7437	1840.7335	1000.0	1000.0	199999	135.32841	34.019547	135.32861	34.01843	-136.2485	1.5932939	1903.054795742035
41	1859.5195	10.53216	1879.3748	1849.1864	1387.9949	728.1119	1870.1671	149.39413	1000.0	748.45	204999	136.52759	33.824074	136.5277	33.82379	-137.48169	1.5621518	1952.0060830116272
42	1859.7369	14.17258	1885.1965	1845.377	1885.8328	9.161223	1906.2745	1869.6589	1000.0	1000.0	209999	137.72113	33.695953	137.72122	33.695915	-138.63416	1.6341461	2001.0758275985718
43	1852.4695	12.320191	1876.1615	1842.5212	1889.8093	11.341754	1912.685	1863.9198	1000.0	1000.0	214999	139.0434	33.46452	139.04361	33.464104	-139.93707	1.6738311	2054.034806728363
44	1648.5259	526.79297	1896.955	470.69418	1856.1842	12.004024	1873.5796	1830.5554	874.8333	1000.0	219999	140.18681	33.315716	140.18687	33.315514	-141.0496	1.7229292	2104.221348285675
45	1886.2969	7.0412498	1895.0602	1875.162	1931.2054	7.2285266	1945.1278	1916.616	1000.0	1000.0	224999	141.25	33.26111	141.25008	33.260906	-142.08977	1.7819816	2153.060393333435
46	1884.1979	19.789612	1915.5309	1853.9948	1943.7139	10.305911	1958.9149	1921.3871	1000.0	1000.0	229999	142.17415	33.216103	142.17427	33.21573	-143.03665	1.6946251	2202.7773315906525
47	1882.9252	12.625144	1901.3539	1865.9668	1921.0598	13.916073	1943.049	1891.0754	1000.0	1000.0	234999	143.10686	32.99545	143.10701	32.994656	-143.98566	1.6523371	2256.1444911956787
48	1888.984	21.329672	1907.4532	1849.2776	1989.2129	11.457229	2012.8856	1968.0942	1000.0	1000.0	239999	143.93791	32.957	143.93802	32.956375	-144.7537	1.6580094	2304.9935364723206
49	1903.5211	8.140431	1914.405	1892.1217	1952.1068	13.451058	1978.6246	1934.0919	1000.0	1000.0	244999	144.76808	32.80989	144.7682	32.80947	-145.61522	1.7436316	2353.992198228836
50	1921.9564	13.920142	1947.2015	1907.7058	1994.8132	10.621377	2021.6317	1977.6938	1000.0	1000.0	249999	145.62616	32.6808	145.62628	32.68025	-146.45946	1.576452	2405.1878502368927
51	1642.8057	706.3873	1970.9722	63.4793	1955.1589	9.948209	1973.753	1933.3124	839.5	1000.0	254999	146.41205	32.529175	146.41216	32.529236	-147.21146	1.6835492	2457.285660266876
52	1968.9014	13.248164	1980.7229	1943.2545	2005.4619	15.063169	2028.1814	1974.3191	1000.0	1000.0	259999	147.36804	32.45023	147.36812	32.449867	-148.159	1.671689	2506.164160966873
53	1970.1709	9.509337	1983.6776	1954.7714	1876.919	386.16226	2010.5404	269.37393	1000.0	939.55	264999	148.29364	32.3903	148.29387	32.389294	-149.10095	1.6694195	2555.134167432785
54	1972.9207	21.312239	2003.1448	1943.6274	1978.7034	8.281097	1991.1635	1963.1879	1000.0	1000.0	269999	149.0356	32.35245	149.03561	32.351963	-149.76492	1.5510323	2607.4228348731995
55	1985.7664	11.207277	2007.2587	1975.1589	1958.6462	434.5864	2068.952	64.6128	1000.0	952.6	274999	149.70724	32.43282	149.70721	32.432888	-150.43578	1.5530154	2658.194899559021
56	1831.4579	382.64792	2013.4161	976.0537	1998.9672	6.0978603	2012.5553	1981.8508	916.1667	1000.0	279999	150.52934	32.278168	150.5293	32.277554	-151.31697	1.5673037	2707.2775535583496
57	1992.6941	6.9040337	2005.323	1986.0013	2028.8225	9.605958	2050.2898	2013.7596	1000.0	1000.0	284999	151.38646	32.13836	151.38649	32.13767	-152.1709	1.5942492	2756.512058734894
58	2002.0297	10.056339	2017.217	1990.075	2086.5286	9.457854	2101.6145	2065.9458	1000.0	1000.0	289999	152.15549	32.2169	152.15561	32.21621	-152.90532	1.4816903	2810.1098325252533
59	1682.8479	637.26074	2017.1348	408.43622	2017.781	14.759822	2048.3025	1990.8842	843.0	1000.0	294999	153.03986	32.087917	153.03996	32.08757	-153.81718	1.6736754	2859.5111169815063
60	1494.7006	800.67505	2009.3429	86.905045	1967.8336	7.482395	1978.9138	1948.5308	752.1429	1000.0	299999	153.8862	31.899906	153.88637	31.899649	-154.62358	1.7747014	2908.387627363205
61	1978.3375	15.101635	2001.3833	1963.5349	1985.8474	13.432996	2013.795	1961.9342	1000.0	1000.0	304999	154.73404	31.750843	154.73413	31.750362	-155.50743	1.7843242	2958.7460041046143
62	1977.4951	8.808945	1987.5143	1961.7246	2042.5641	9.547506	2059.9934	2026.1777	1000.0	1000.0	309999	155.58511	31.714117	155.5852	31.713486	-156.32039	1.8037391	3011.55104970932
63	1775.9559	477.5164	2015.1376	708.67267	187.82028	61.961002	327.37177	143.41669	893.6667	105.65	314999	156.25594	31.76253	156.25601	31.761986	-157.00282	1.8407855	3049.139248609543
64	1998.8627	9.104188	2016.3325	1991.2421	1929.5105	16.256887	1955.099	1904.8632	1000.0	1000.0	319999	157.0297	31.670279	157.02986	31.669678	-157.73987	2.0813565	3099.313674926758
65	2010.6982	25.197544	2043.7306	1976.3008	2009.7488	54.681202	2047.6548	1778.8983	1000.0	993.55	324999	157.63765	31.837185	157.6377	31.836294	-158.35127	1.8699125	3152.288806915283
66	1514.9591	686.2796	2014.5522	321.92148	1994.1819	8.494938	2002.0812	1972.0222	763.6667	1000.0	329999	158.28783	31.723646	158.2879	31.723053	-158.949	1.9682574	3201.1154820919037
67	1605.0283	632.6099	2043.2639	312.531	2018.0264	11.669464	2039.355	1991.979	802.5	1000.0	334999	158.7931	31.75559	158.79312	31.754839	-159.5483	2.1598544	3249.958874464035
68	1882.412	288.0537	2037.6552	1239.3607	2053.815	9.426493	2085.9521	2041.6163	937.0	1000.0	339999	159.41394	31.568901	159.41399	31.567764	-160.107	2.0269685	3301.371438264847
69	2018.2826	12.203008	2041.7991	2007.4396	1079.5483	641.1127	2044.6934	243.1379	1000.0	535.5	344999	159.83754	31.47877	159.83762	31.478455	-160.51935	2.2982523	3352.9377324581146
70	1648.3663	629.4485	2036.852	314.82852	529.8098	274.28714	1295.3578	160.72937	817.5	269.1	349999	160.41467	31.255821	160.41483	31.255157	-161.05957	2.285564	3396.7153463363647
71	2039.0035	9.068318	2051.4424	2024.7819	1958.4186	11.065575	1981.5741	1928.8718	1000.0	1000.0	354999	161.10152	31.123978	161.1016	31.122784	-161.77245	2.2635493	3446.2835755348206
72	2042.1062	16.322014	2057.8667	2015.2201	1973.8756	16.085733	1995.6674	1931.8135	1000.0	1000.0	359999	161.69217	30.969223	161.69229	30.968603	-162.37462	2.9121904	3499.782876253128
73	2005.5032	16.722528	2022.0876	1976.2213	2048.5386	6.5432167	2060.2278	2038.7776	1000.0	1000.0	364999	162.19873	30.814434	162.199	30.81339	-162.8926	3.418353	3548.8739478588104
74	993.15344	966.0542	2062.3047	28.494884	486.163	805.01874	2074.8691	30.572983	503.2	276.85	369999	162.36667	30.769693	162.36649	30.7692	-163.02452	3.6534991	3597.933999300003
75	1773.3268	579.4015	2066.8713	478.43756	2063.9348	19.612675	2094.6921	2032.1455	874.6667	1000.0	374999	162.74074	30.703466	162.7409	30.702398	-163.43323	2.6078417	3648.7964017391205
76	2053.6514	16.946756	2073.9043	2032.9552	2096.8433	10.00304	2111.7024	2076.9612	1000.0	1000.0	379999	163.14227	30.803308	163.1424	30.802883	-163.7873	2.5927606	3701.1921162605286
77	2062.939	43.70122	2109.2205	1979.8232	2144.3687	13.750667	2168.3577	2119.2534	990.4	1000.0	384999	163.42003	30.863443	163.42012	30.863361	-164.02547	2.5680213	3750.0557022094727
78	1890.651	368.44495	2083.306	1154.076	2165.985	15.710016	2200.6963	2127.5334	912.4	1000.0	389999	163.91971	30.759274	163.91983	30.759594	-164.53879	2.5115387	3799.0632662773132
79	1810.4813	666.20544	2116.7668	320.8384	2135.483	8.592872	2151.8179	2123.456	860.1667	1000.0	394999	164.32039	30.895464	164.32063	30.894623	-164.95427	2.8868144	3851.2570040225983
80	2091.3862	22.054968	2121.3743	2059.6692	2059.7385	12.180861	2080.3665	2029.3942	1000.0	1000.0	399999	164.7143	30.758085	164.71425	30.758928	-165.36055	3.5707452	3902.384354829788
81	1887.5948	456.1389	2109.2327	868.83856	2117.7437	17.507921	2157.1008	2086.0098	904.5	1000.0	404999	165.10576	30.54845	165.10591	30.54857	-165.72955	3.3160422	3951.4243743419647
82	1730.1293	538.8943	2122.0728	750.55035	2037.2168	444.48557	2177.6414	101.507095	828.0	953.8	409999	165.47565	30.196093	165.47572	30.195858	-166.09367	3.3396099	4000.4389543533325
83	1456.1656	897.4259	2118.6262	163.72958	1816.4666	558.57574	2066.8071	141.57986	711.3333	909.7	414999	165.80658	30.437523	165.80681	30.436012	-166.51974	4.7801533	4053.5264983177185
84	915.71875	772.7079	2057.947	137.0703	768.88074	8.671635	781.8356	751.79736	621.7778	1000.0	419999	166.43344	30.745802	166.4336	30.744215	-167.26147	5.6160817	4104.568510055542
85	495.77594	309.71756	791.0982	35.214066	778.9655	4.6039577	787.69214	773.97736	648.75	1000.0	424999	167.12894	31.055405	167.12932	31.054455	-167.84236	4.1937766	4154.598769903183
86	738.84247	258.36862	896.5182	227.92557	323.46698	419.18234	1883.1213	145.99248	840.0	245.65	429999	166.73871	31.059679	166.7387	31.059786	-167.33694	3.338343	4204.41096663475
87	1774.6855	454.58383	2042.94	872.61597	2070.391	16.418386	2121.8904	2045.6464	1000.0	1000.0	434999	166.2446	31.460249	166.24487	31.460289	-166.81552	3.5873945	4257.903953552246
88	2068.674	20.684511	2098.8108	2046.3575	1883.408	577.02423	2102.5728	132.03688	1000.0	915.85	439999	165.73676	32.05745	165.73709	32.05713	-166.32771	4.627238	4307.373850822449
89	2037.2893	16.982918	2061.0068	2020.7179	2113.4976	20.874378	2145.021	2073.357	1000.0	1000.0	444999	165.54202	31.946611	165.54228	31.946684	-166.21288	4.820397	4356.367146253586
90	1690.5348	361.24594	2073.0632	1174.3173	2093.3635	87.6232	2170.029	1767.1858	809.5	984.75	449999	165.21582	31.985535	165.21614	31.986109	-165.8726	4.9895573	4406.755636930466
91	1398.8041	720.00415	2111.2522	257.83148	2040.9309	381.03683	2201.8313	525.24225	677.125	940.75	454999	164.95267	31.803576	164.95296	31.80301	-165.66528	6.372217	4459.624626398087
92	1935.7018	365.83652	2138.4607	1119.6488	2112.516	16.065495	2162.7695	2082.528	921.6667	1000.0	459999	165.09094	31.243944	165.09088	31.245842	-165.7803	5.6548877	4508.460139989853
93	2136.9749	22.960352	2168.8503	2097.4211	2175.6523	18.159374	2203.3445	2141.0989	1000.0	1000.0	464999	165.53137	30.748133	165.53163	30.74823	-166.13562	4.4934916	4557.394371271133
94	1898.1207	366.35138	2141.714	1168.185	2095.566	150.92722	2183.5247	1621.2463	920.4	978.6	469999	166.29138	29.312084	166.29207	29.311285	-167.03493	5.9110565	4608.778432369232
95	1141.604	715.56335	2134.616	290.59473	1839.2988	692.8863	2263.8408	129.74203	543.1111	832.2	474999	167.64813	27.615555	167.64806	27.616886	-168.22787	3.7928202	4660.213892459869
96	1151.0769	850.34924	2173.8308	277.51608	2089.9158	288.15982	2224.0466	1026.0162	546.3	953.15	479999	167.48308	28.961893	167.48323	28.963594	-168.0307	4.982454	4708.937359571457
97	2134.6768	35.237137	2190.0103	2086.147	2154.4844	6.9006724	2165.7344	2143.3809	1000.0	1000.0	484999	167.31328	29.795958	167.31337	29.79712	-167.9322	5.647664	4757.933752536774
98	2110.1184	39.37693	2154.414	2049.69	2048.7659	519.1159	2249.4346	138.10208	1000.0	927.2	489999	166.98418	29.945677	166.98444	29.94676	-167.58546	7.2190967	4810.677572011948
99	1772.3303	756.426	2160.2673	259.57883	2088.6675	282.10614	2183.472	862.3314	830.0	971.4	494999	166.55714	30.085001	166.55724	30.08693	-167.17944	7.1824455	4860.919355392456
100	1872.5645	576.9141	2157.9502	583.3724	2221.8987	14.672936	2243.804	2175.1245	881.5	1000.0	499999	166.95053	29.552887	166.95073	29.554222	-167.65376	6.2327037	4909.779482126236
101	1527.9818	798.67694	2161.03	86.14395	2085.2651	18.609446	2116.4404	2052.5217	717.0	1000.0	504999	167.72495	29.54631	167.72504	29.547703	-168.37398	5.9968143	4959.478328704834
102	984.2531	1023.75024	2137.4333	22.574835	21.01586	6.6015563	32.12645	5.49119	505.27274	36.9	509999	167.79533	29.81836	167.79533	29.821033	-168.52173	8.292906	5000.188861846924
103	131.13184	283.35156	1085.8899	12.876379	805.3711	1.7570735	808.66626	801.72076	137.03125	1000.0	514999	168.63904	30.174553	168.6394	30.174639	-169.32645	6.266379	5049.993926525116
104	897.8296	526.9801	1913.7266	112.402306	1376.8806	819.67395	1967.329	98.60129	849.6667	737.0	519999	168.82867	30.970564	168.82875	30.974243	-169.43207	5.6633816	5099.7255272865295
105	1474.0662	873.2167	2102.4585	88.891655	1960.8281	585.31104	2190.0203	182.79416	743.7143	913.2	524999	168.12695	31.438704	168.12724	31.438595	-168.6894	5.0466304	5153.247128009796
106	2085.7524	44.476948	2171.1082	2049.8884	2053.644	430.55396	2184.0896	180.37552	1000.0	955.95	529999	168.11087	31.625189	168.11107	31.626682	-168.66486	5.3056364	5202.224662780762
107	2073.8958	88.65782	2145.7498	1899.3408	1967.7168	451.6956	2194.877	408.25305	978.4	912.55	534999	167.97935	31.938454	167.97925	31.94086	-168.58737	6.040791	5251.150746583939
108	2111.046	26.043013	2140.677	2079.5305	2085.138	445.7452	2223.3308	144.00822	1000.0	954.25	539999	168.26561	32.03988	168.2658	32.040962	-168.7986	4.56046	5301.949910640717
109	2034.4623	186.77328	2142.4417	1661.2256	703.30566	485.9487	2226.4292	166.46992	962.8	328.2	544999	168.95616	31.740011	168.9562	31.741474	-169.58731	5.3991685	5354.298663377762
110	2143.9216	10.352284	2159.2078	2130.2205	2167.147	176.20215	2234.8835	1401.2998	1000.0	982.6	549999	169.26775	31.506145	169.2678	31.507631	-169.87883	5.684996	5402.972770690918
111	1775.8647	608.2299	2176.553	524.9081	2224.7927	75.41516	2273.67	1907.7186	828.3333	993.35	554999	169.33812	31.441725	169.3383	31.443148	-169.967	6.468475	5452.056102752686
112	2112.7954	33.672604	2146.8193	2048.3833	2202.0728	20.993425	2231.9216	2163.056	1000.0	1000.0	559999	169.40292	31.289162	169.40308	31.290287	-169.99557	5.4688053	5504.082577943802
113	2119.4146	58.53285	2203.6099	2024.0011	2189.0073	190.46791	2266.0452	1361.6548	988.2	981.05	564999	169.80325	31.256674	169.8032	31.257689	-170.38788	5.444908	5555.268620491028
114	1625.527	718.7281	2176.362	210.6624	2098.4114	361.11334	2219.4597	526.59515	762.1429	963.05	569999	169.83217	31.379864	169.83224	31.38176	-170.44528	6.267965	5604.138125896454
115	2132.6594	28.758612	2159.2485	2080.5579	2021.024	403.66812	2195.3555	442.66452	1000.0	938.9	574999	170.2542	31.299534	170.2545	31.299686	-170.81772	5.1205072	5653.136236906052
116	2091.4736	75.24656	2167.5486	1948.6127	2132.0732	280.97488	2238.7769	924.9288	990.2	967.8	579999	170.78008	31.174417	170.78009	31.17651	-171.33725	4.74307	5706.275879383087
117	2183.7612	38.603695	2240.2063	2123.1646	2170.6045	326.87982	2272.6526	747.4333	1000.0	967.65	584999	171.44977	31.121115	171.45001	31.122189	-171.96977	4.1108875	5756.20498919487
118	2169.0486	18.882257	2192.61	2135.0132	2201.0308	9.522035	2216.1707	2176.1387	1000.0	1000.0	589999	171.96475	31.163048	171.96475	31.16413	-172.50821	4.038476	5805.1023778915405
119	1870.379	621.3034	2181.561	481.86014	2193.3657	14.151958	2225.374	2171.4724	876.0	1000.0	594999	172.32896	31.421906	172.32909	31.423729	-172.88913	4.3016653	5855.027082681656
120	2108.1785	106.63674	2192.7488	1898.9479	2004.6492	535.39966	2249.8708	310.6041	978.2	904.35	599999	172.7548	31.58633	172.75519	31.586967	-173.27538	4.2084517	5908.299508571625
121	2169.476	27.145752	2187.9885	2116.5867	2275.992	15.313352	2305.2473	2248.5964	1000.0	1000.0	604999	173.33557	31.445877	173.33542	31.44923	-173.84515	4.1951914	5957.158215045929
122	2139.5942	21.641657	2178.1096	2113.679	2178.309	19.667944	2206.56	2132.4404	1000.0	1000.0	609999	173.69286	31.544334	173.6929	31.545835	-174.22202	3.8948655	6006.040390253067
123	2164.7864	23.125551	2190.219	2127.0994	2146.377	171.58214	2212.8445	1400.5991	1000.0	983.0	614999	174.04567	31.747952	174.04578	31.749018	-174.58774	3.9690828	6057.169895887375
124	1522.0566	586.31464	2118.9128	862.763	2096.9985	226.72556	2174.5378	1127.4996	728.6667	973.15	619999	174.50272	31.635094	174.50264	31.63665	-175.02852	4.1325026	6109.1160089969635
125	2121.6375	36.712822	2161.1245	2055.4866	2065.1516	249.64047	2159.5486	979.28564	1000.0	973.2	624999	174.982	31.570053	174.9822	31.571898	-175.52466	4.1693707	6157.824864864349
126	2189.0066	21.422018	2219.2263	2152.4075	2249.9983	18.704582	2289.2563	2219.2427	1000.0	1000.0	629999	175.41913	31.714457	175.41936	31.716349	-175.99008	4.2321224	6206.937952041626
127	2128.533	150.36761	2235.8677	1796.132	2240.357	16.333284	2268.6282	2213.8513	970.1667	1000.0	634999	175.94624	31.570063	175.94623	31.571468	-176.47017	4.0271072	6259.203254938126
128	2193.7668	18.813402	2213.0806	2160.3232	2180.0486	15.537263	2204.1018	2148.5525	996.0	1000.0	639999	176.45236	31.302094	176.45244	31.302958	-177.0071	3.8889813	6310.0845079422
129	2166.4038	35.521706	2226.8936	2120.7405	2243.3406	15.068953	2269.3645	2218.4036	1000.0	1000.0	644999	176.74713	31.332975	176.74716	31.334044	-177.28896	4.3472695	6358.93777513504
130	2203.447	10.477852	2220.0232	2189.2502	2261.9585	10.58091	2283.4353	2244.1826	1000.0	1000.0	649999	177.07805	31.212137	177.07788	31.215094	-177.6323	4.041837	6408.030330181122
131	1904.4215	556.50354	2217.9487	793.14435	2224.7605	141.14085	2294.3464	1661.6724	871.8	982.35	654999	177.55058	31.139675	177.55055	31.140915	-178.04463	3.8874195	6461.380069732666
132	2209.7512	36.605816	2248.436	2145.0688	2275.315	15.439206	2296.22	2243.2976	1000.0	1000.0	659999	178.19672	30.829645	178.19678	30.831253	-178.69188	3.8418698	6510.995540380478
133	2197.9053	31.511974	2232.501	2148.729	2225.6108	14.523838	2256.7356	2203.7566	1000.0	1000.0	664999	178.5573	30.897194	178.55736	30.89972	-179.09766	3.8262367	6559.893224239349
134	2206.309	26.811962	2232.9146	2167.355	2335.6704	10.839867	2359.8867	2309.892	1000.0	1000.0	669999	178.98946	30.802374	178.98956	30.802477	-179.45895	4.010236	6609.926285028458
135	2189.1265	22.815578	2229.1748	2167.4866	2254.3394	17.926487	2296.774	2221.4902	1000.0	1000.0	674999	179.34026	30.778587	179.34023	30.77922	-179.86015	3.9906077	6662.768930673599
136	2200.9302	26.05419	2234.9517	2165.8474	2273.903	18.996922	2321.1777	2242.0845	1000.0	1000.0	679999	179.72714	30.824076	179.72734	30.824442	-180.2287	3.5229523	6711.693157911301
137	2199.629	24.103504	2231.951	2173.7407	2083.1099	60.13293	2218.8274	1975.0515	1000.0	1000.0	684999	179.99269	30.755938	179.99269	30.75636	-180.46939	4.070789	6760.650071144104
138	2030.752	453.0683	2257.403	1018.6162	2366.4119	24.116512	2406.5598	2326.3535	912.1667	1000.0	689999	180.1759	30.86332	180.1757	30.865261	-180.63762	3.804064	6811.905887365341
139	1894.6626	549.391	2226.5276	704.9233	2280.7505	20.505432	2320.5706	2216.773	859.0	1000.0	694999	180.55156	30.609993	180.55173	30.610115	-181.0807	3.5712585	6863.7325937747955
140	2215.246	10.2348	2224.906	2198.7563	2215.028	11.11673	2236.0222	2192.1326	1000.0	1000.0	699999	180.89851	30.542734	180.8985	30.544577	-181.4102	4.1124716	6912.570123434067
141	1821.3207	610.38727	2220.805	532.6408	2262.1516	21.819962	2312.0825	2226.3394	833.6667	1000.0	704999	181.15341	30.694593	181.15341	30.696978	-181.67442	4.0349584	6961.372084617615
142	1686.6318	794.6965	2222.7466	167.21654	2180.94	16.243713	2207.5386	2140.4233	763.3333	1000.0	709999	181.53664	30.492382	181.53671	30.492643	-182.01685	4.0888953	7013.764169931412
143	1921.8662	658.641	2237.1653	449.5979	2302.1416	73.92707	2357.4585	1993.282	868.8333	992.25	714999	181.9939	30.377605	181.99376	30.378677	-182.50336	3.7432852	7064.202649116516
144	2217.7134	22.240522	2257.585	2198.4233	2326.7808	11.727259	2349.2395	2300.7915	1000.0	1000.0	719999	182.51346	30.243254	182.51385	30.243307	-182.9998	3.745448	7113.018359899521
145	2250.118	22.925337	2281.7205	2222.6853	2236.397	23.229263	2289.9312	2194.7292	1000.0	1000.0	724999	182.81848	30.072899	182.81856	30.075264	-183.30553	4.233307	7162.155286312103
146	2254.728	13.040566	2277.9246	2240.0364	2309.1375	14.834142	2336.9158	2281.795	1000.0	1000.0	729999	183.06927	30.147089	183.06909	30.148508	-183.5965	4.2448645	7215.488486766815
147	2269.231	17.2397	2295.3945	2250.0225	2249.9722	20.001923	2290.5747	2210.173	1000.0	1000.0	734999	183.4613	30.067755	183.46136	30.067726	-183.91205	3.950303	7265.041243553162
148	2122.4355	219.36473	2256.5735	1685.2263	2171.3403	374.26202	2280.7642	542.2066	954.2	963.25	739999	183.78761	30.05554	183.78764	30.055088	-184.2636	4.2995906	7313.872616291046
149	2269.488	14.151914	2281.0515	2242.642	2290.4265	10.753786	2306.8386	2270.2458	1000.0	1000.0	744999	183.96118	30.156399	183.96135	30.157183	-184.4423	4.2142744	7364.3122889995575
150	2273.326	14.798341	2301.5793	2259.0938	2250.5808	22.091167	2290.5212	2211.8955	1000.0	1000.0	749999	184.1526	30.151632	184.15268	30.154287	-184.6285	3.9262633	7417.050269126892
151	1702.6866	851.4878	2252.7634	278.72223	2199.4246	354.68555	2316.3154	655.6929	763.7143	965.7	754999	184.40404	30.04989	184.40414	30.052034	-184.86879	3.9138355	7465.778704166412
152	2250.6274	27.394012	2300.3381	2225.389	2269.0645	14.427951	2295.513	2242.3074	1000.0	1000.0	759999	184.58998	29.91439	184.59018	29.917074	-184.99728	4.3024955	7514.713578939438
153	1880.1373	803.4163	2272.8518	84.83738	2267.9907	15.39165	2297.7126	2238.3813	842.0	1000.0	764999	184.93117	29.881538	184.93137	29.88393	-185.39893	4.129919	7566.329432964325
154	2223.4414	18.09008	2251.7017	2205.545	2198.4739	103.96941	2254.0935	1753.83	1000.0	990.55	769999	185.41466	29.90288	185.41481	29.905344	-185.81834	4.025791	7617.829993963242
155	2235.2932	33.370625	2264.946	2177.0708	2336.387	14.055977	2369.2903	2299.1526	1000.0	1000.0	774999	185.87415	29.877365	185.87389	29.881895	-186.3423	3.782685	7666.6742968559265
156	2239.9126	5.2832136	2245.5417	2232.1252	2217.6218	187.54126	2318.1887	1608.6768	1000.0	974.85	779999	186.3302	29.70912	186.33047	29.710728	-186.7708	4.06999	7715.6469123363495
157	2251.3987	21.483538	2278.01	2221.267	2153.5151	324.23074	2265.008	743.16504	1000.0	967.8	784999	186.71812	29.737448	186.71805	29.739693	-187.19548	4.044145	7768.258085727692
158	2231.2383	29.311306	2270.189	2192.0613	2086.377	383.80908	2230.982	476.88834	1000.0	951.5	789999	186.90164	29.688997	186.90178	29.69211	-187.36719	3.880893	7818.579596042633
159	1785.8091	639.2964	2251.169	590.09436	2219.6187	243.57463	2301.1309	1159.5056	808.0	976.4	794999	187.08023	29.63303	187.08017	29.637442	-187.52922	4.050035	7867.325956583023
160	2214.0518	16.767437	2233.9832	2190.7378	2221.748	24.5749	2274.0059	2175.273	1000.0	1000.0	799999	187.21263	29.823639	187.21245	29.827423	-187.67888	4.5622077	7916.655777215958
161	2208.1765	7.752195	2216.1804	2194.128	2312.8716	18.81849	2345.961	2269.2656	1000.0	1000.0	804999	187.31813	29.914423	187.31833	29.916828	-187.78352	4.087131	7969.978764057159
162	2224.9285	26.482843	2269.2104	2190.2114	2280.0552	22.299263	2314.0374	2233.1711	1000.0	1000.0	809999	187.48636	29.887207	187.48613	29.890768	-187.9498	4.280579	8019.303842544556
163	2231.2664	31.260632	2268.307	2174.9705	2302.6353	16.900362	2332.362	2266.1516	1000.0	1000.0	814999	187.73752	29.728226	187.73775	29.72887	-188.18675	4.7639065	8068.102479219437
164	2219.8289	41.34394	2276.397	2151.187	2113.5852	422.88882	2243.531	271.5221	1000.0	957.5	819999	187.8053	29.758009	187.80495	29.761713	-188.29485	4.7892957	8118.736764907837
165	2195.7156	19.425377	2219.254	2173.1616	2268.6711	12.733857	2297.0925	2245.88	1000.0	1000.0	824999	187.92279	29.69839	187.92282	29.701584	-188.40105	4.824304	8171.193533182144
166	1825.6493	500.63156	2230.952	801.61926	2320.9385	15.586552	2347.2966	2278.5696	829.6667	1000.0	829999	188.29663	29.336403	188.29666	29.33985	-188.75055	4.0181885	8219.989033460617
167	1709.3041	788.96185	2254.4966	168.24208	2228.1206	20.517279	2262.6677	2179.4238	770.6667	999.55	834999	188.45062	29.373276	188.45053	29.378096	-188.91011	4.0265455	8268.90529513359
168	1927.4575	625.1556	2224.0723	530.6743	2121.551	278.43176	2239.0676	999.77295	875.0	964.3	839999	188.38872	29.67308	188.3887	29.677666	-188.7819	4.095959	8320.835510730743
169	2237.269	20.904417	2265.188	2202.9949	2210.9155	27.138905	2262.8665	2169.059	1000.0	1000.0	844999	188.53564	29.639763	188.53564	29.642794	-188.88364	4.0400963	8371.956672668457
170	2219.8655	18.833399	2234.1003	2183.676	2229.337	22.760994	2268.48	2185.3354	1000.0	1000.0	849999	188.73636	29.570456	188.73645	29.573402	-189.1894	4.242312	8420.689699172974
171	2242.5112	12.923044	2255.4077	2223.6724	2011.6879	443.4543	2184.943	197.25658	1000.0	940.2	854999	188.70523	29.785666	188.70523	29.788599	-189.17545	4.7674956	8469.69156074524
172	2212.702	21.8335	2248.7288	2183.6743	1999.6224	433.00104	2200.4937	406.06735	1000.0	926.45	859999	188.82457	29.76998	188.82462	29.771832	-189.29271	4.7434015	8522.715991735458
173	2210.3284	39.60105	2269.169	2158.8062	2194.782	24.681234	2260.6963	2150.6372	1000.0	1000.0	864999	189.191	29.400677	189.191	29.403292	-189.58238	3.8684616	8572.327448606491
174	2214.983	39.82248	2264.0342	2170.505	2267.6562	20.188627	2305.9893	2224.498	1000.0	1000.0	869999	189.42929	29.187828	189.42937	29.189766	-189.82707	4.108215	8621.09430885315
175	2224.4243	30.755926	2256.1255	2172.9888	2269.4653	18.814058	2307.0005	2225.7415	1000.0	1000.0	874999	189.51213	29.30005	189.5122	29.302525	-189.9075	4.567768	8671.082617282867
176	2239.949	27.042553	2281.4712	2211.6248	2333.6948	15.495296	2367.3481	2311.0112	1000.0	1000.0	879999	189.73247	29.288692	189.73235	29.290596	-190.19977	4.4653935	8723.991193771362
177	1979.956	565.0095	2266.5762	718.13684	2184.1665	94.62709	2222.5579	1774.5487	890.5	990.85	884999	189.75536	29.418957	189.75543	29.420557	-190.15775	4.226231	8772.6683344841
178	1821.5143	719.2026	2208.399	384.3912	2077.3699	222.62157	2198.295	1250.9617	837.8	967.65	889999	189.77406	29.469362	189.77371	29.472029	-190.21068	4.194263	8821.463664770126
179	1693.0754	722.6061	2207.8472	491.76047	2180.6318	24.886806	2233.2295	2138.513	783.5714	1000.0	894999	189.90434	29.457623	189.9047	29.458866	-190.38188	4.5143633	8872.81617641449
180	2190.1895	24.994896	2227.7761	2159.1748	2216.5435	25.74795	2266.4922	2164.3813	1000.0	1000.0	899999	190.053	29.37611	190.05286	29.376379	-190.48605	4.2961154	8924.29359793663
181	2171.5764	37.10327	2224.2727	2125.3499	2243.679	82.650604	2310.4978	1899.1599	1000.0	992.9	904999	190.16606	29.090399	190.16597	29.09404	-190.53918	4.3273	8973.111397504807
182	2226.4321	36.15333	2285.8757	2188.1873	2312.7915	22.155693	2345.1853	2252.2273	1000.0	1000.0	909999	190.27191	29.08369	190.27196	29.086002	-190.69263	4.528074	9021.917824268341
183	2052.3643	312.1272	2273.03	1432.8024	2086.6162	251.67784	2193.8513	1013.2279	934.4	970.75	914999	190.30516	29.070179	190.305	29.07363	-190.6863	3.915503	9074.580525159836
184	2187.0994	36.032265	2249.053	2144.7463	2182.4917	172.6718	2250.725	1433.1698	1000.0	982.85	919999	190.38564	29.151533	190.38554	29.153126	-190.7752	3.7981277	9124.682995796204
185	2216.7559	30.339178	2249.4626	2163.431	2281.0247	17.855816	2311.845	2246.36	1000.0	1000.0	924999	190.4802	29.14297	190.48006	29.145407	-190.88858	4.510873	9173.463085651398
186	2067.0916	295.4528	2228.9607	1407.6051	2279.557	15.682146	2303.8894	2244.9565	940.3333	1000.0	929999	190.62631	29.103973	190.62634	29.10725	-191.05531	4.2289033	9223.026671886444
187	2218.9546	22.229029	2249.7922	2186.2825	2187.729	307.84686	2298.0154	848.47064	1000.0	969.75	934999	190.67926	29.141464	190.67908	29.146194	-191.0565	4.644336	9276.29216337204
188	2192.2695	30.212141	2238.7546	2144.058	2280.7278	12.832876	2311.0935	2256.0593	1000.0	1000.0	939999	190.5962	29.351954	190.59622	29.357132	-191.01347	4.8122516	9325.037656545639
189	2211.68	21.169449	2232.27	2175.5522	2262.1755	25.69101	2300.1685	2198.038	1000.0	998.7	944999	190.74524	29.174822	190.74504	29.1802	-191.1771	4.4785686	9373.81748509407
190	1981.0139	425.77545	2237.8394	1130.9596	2206.3901	74.97647	2251.3708	1889.7806	904.0	993.5	949999	190.89395	28.811829	190.89394	28.814262	-191.30139	4.4784064	9424.691735744476
191	2225.2	27.029278	2271.5547	2190.76	2249.935	16.96051	2289.6536	2218.5388	1000.0	1000.0	954999	190.79634	29.028368	190.79643	29.030136	-191.19113	5.040943	9476.701866149902
192	2242.1077	22.420774	2271.2136	2213.3	2308.742	12.936464	2325.1191	2273.2036	1000.0	1000.0	959999	190.93477	28.955925	190.93448	28.958939	-191.36325	3.8869622	9525.534502506256
193	2235.4607	15.199952	2252.491	2213.664	2135.6555	125.46745	2225.579	1603.004	1000.0	987.7	964999	191.2863	28.513342	191.28624	28.515854	-191.66992	4.0164146	9574.438445806503
194	2202.9688	28.959877	2237.6301	2153.1328	2220.5278	19.590246	2264.9453	2180.6213	1000.0	1000.0	969999	191.36517	28.623692	191.36519	28.624163	-191.76198	4.2136583	9626.485691308975
195	2178.6626	33.775345	2232.2559	2142.101	2281.9265	15.923344	2309.272	2254.1807	1000.0	1000.0	974999	191.52834	28.73005	191.52818	28.733912	-191.9536	4.4682994	9677.15079498291
196	1971.3936	586.1186	2270.5857	661.86084	2230.4485	132.24057	2313.111	1665.1912	886.1667	987.55	979999	191.7962	28.581383	191.7963	28.585472	-192.16452	4.615212	9725.821010828018
197	1933.4648	649.63544	2295.1619	634.9053	2150.0625	430.29196	2300.7134	283.74594	862.8	954.75	984999	192.11604	28.335049	192.11618	28.339087	-192.50356	4.81787	9774.815160274506
198	2225.2234	48.886864	2265.3596	2135.5835	2201.7495	41.284943	2259.6138	2106.7568	1000.0	1000.0	989999	192.21886	28.396984	192.21867	28.401798	-192.58778	4.0448985	9828.11853837967
199	1834.7979	666.04987	2216.4246	366.3114	2169.9722	22.024134	2205.003	2121.0125	848.1667	1000.0	994999	192.42474	28.335499	192.42474	28.339941	-192.79057	3.6801703	9877.519198656082
200	2175.3425	14.201715	2192.314	2152.455	2140.3325	79.92949	2202.6145	1811.84	1000.0	991.9	999999	192.4409	28.54881	192.44075	28.549557	-192.81572	3.9856727	9926.264749288559
