Epoch	AverageEpRet	StdEpRet	MaxEpRet	MinEpRet	AverageTestEpRet	StdTestEpRet	MaxTestEpRet	MinTestEpRet	EpLen	TestEpLen	TotalEnvInteracts	AverageQ1Vals	StdQ1Vals	AverageQ2Vals	StdQ2Vals	LossPi	LossQ	Time
1	17.84081	16.666224	173.32985	4.876351	38.55472	1.0425926	40.50941	36.730408	21.229788	21.9	4999	5.616296	3.9174888	5.616327	3.9196172	-6.2874055	0.1136472	35.00986862182617
2	18.074232	14.396736	103.05595	3.0370646	39.181946	0.88624877	40.469734	37.0853	21.982378	22.35	9999	20.897814	10.2694845	20.897943	10.277374	-22.934841	1.3230015	80.88599157333374
3	185.0125	35.583675	216.00105	49.659943	208.41557	0.9681509	209.51682	206.37636	84.15254	90.75	14999	53.390114	25.888058	53.390606	25.899405	-57.52421	9.558725	127.3488655090332
4	204.92	35.175953	232.77628	19.717197	228.01517	1.4958061	231.7037	225.66959	90.10714	98.95	19999	86.33	32.155266	86.32935	32.173035	-90.23316	9.517727	177.9658591747284
5	233.65091	110.87957	392.9353	10.535799	384.48376	107.5063	538.9634	197.61269	97.92157	147.25	24999	110.70354	35.6336	110.702675	35.63899	-114.84508	19.144041	224.92370915412903
6	300.17252	87.9545	417.9736	148.68306	357.40277	30.10532	399.02988	321.5945	119.80488	139.05	29999	130.72615	39.83205	130.72728	39.829006	-134.76581	28.540472	275.17451906204224
7	315.2351	75.94616	432.1001	64.335625	431.99063	39.27597	494.43417	324.60648	142.97144	193.15	34999	146.71646	44.873978	146.71663	44.87829	-150.93121	30.425106	322.0696122646332
8	476.5508	106.833694	627.97375	132.67986	342.0789	195.63719	573.3933	125.31195	169.53334	147.95	39999	159.41946	50.75932	159.41928	50.755985	-163.33534	30.162516	373.30764746665955
9	494.88416	183.15463	981.7632	133.96524	670.42175	324.95795	1115.6631	161.62605	183.2963	251.95	44999	170.25343	56.445477	170.25285	56.472233	-174.15886	36.236164	422.05369424819946
10	613.77686	180.49469	1002.9692	282.39465	561.5859	56.208607	664.84814	472.7906	214.95653	183.4	49999	180.16783	61.656757	180.16667	61.685616	-183.88068	41.37	473.0420491695404
11	571.35754	138.3133	871.1027	244.77602	449.55826	16.14381	469.59393	422.44693	192.92308	152.0	54999	186.17343	65.815674	186.17393	65.834595	-189.41628	37.839123	519.6197555065155
12	486.09628	65.18708	608.3329	378.34103	573.4749	9.158627	597.61444	558.34	165.66667	190.25	59999	189.5491	68.49338	189.55153	68.50974	-192.71733	36.296143	570.667512178421
13	569.0806	68.683846	695.61194	409.18372	721.2521	59.013565	905.64465	675.56244	189.46153	233.1	64999	193.5615	71.10993	193.56291	71.126335	-196.95483	33.336174	617.2362456321716
14	685.39185	125.2042	1238.2747	548.3771	573.5336	4.7220507	579.23083	561.9517	222.78261	200.85	69999	197.04184	72.708664	197.04237	72.73051	-200.0592	31.785337	668.2142827510834
15	801.55334	254.81592	1239.6234	433.20865	1018.6162	50.58545	1122.0154	958.0532	293.375	326.2	74999	198.66707	72.57282	198.66695	72.59545	-201.34744	32.987236	716.0322022438049
16	917.1798	370.02655	1479.0009	249.30617	287.97397	5.3112345	297.48877	273.85294	315.2353	134.2	79999	199.9188	70.4021	199.91798	70.42362	-202.29573	37.08085	766.555712223053
17	758.1357	275.89493	1241.112	263.57098	952.05554	213.09149	1481.9279	713.58215	251.25	292.6	84999	200.24251	69.039734	200.24232	69.06941	-202.56677	33.98084	814.0523912906647
18	866.9678	466.21475	2000.7614	247.48676	559.2314	418.01062	1304.7316	274.80573	285.29413	207.3	89999	200.97888	68.248474	200.97906	68.26878	-203.31337	31.405262	866.125114440918
19	596.29663	535.0968	2068.642	227.67776	246.94348	8.961184	268.9868	220.03595	219.86957	122.55	94999	202.27795	67.551094	202.27792	67.577736	-204.32635	33.498196	912.6630752086639
20	601.0826	556.43695	2425.115	179.20891	1591.2932	523.0161	3283.1033	1030.8276	220.25	482.85	99999	203.53226	66.9368	203.53319	66.952354	-205.41168	34.5315	967.9573793411255
21	1168.12	656.0749	2393.7544	265.8663	730.02637	235.94537	1492.8767	284.80722	401.5	287.3	104999	204.62735	66.309	204.62752	66.33345	-206.51234	32.088825	1016.4953005313873
22	757.94635	399.67007	1617.6797	227.27525	902.2414	532.6194	1895.1385	264.10443	277.41177	314.9	109999	205.57329	65.68093	205.57294	65.70469	-207.32344	33.1533	1069.9838967323303
23	1460.5979	638.6931	2614.7415	309.5033	301.5774	1.6991019	304.48895	298.9293	471.63635	142.1	114999	205.844	64.92692	205.84357	64.94593	-207.57957	29.666348	1117.011682510376
24	1516.5424	883.2875	3098.6494	48.453064	1166.2179	206.51813	1978.6654	1053.5941	505.4	374.45	119999	207.11624	63.775974	207.11612	63.8019	-208.9092	30.38266	1170.2578678131104
25	1948.7427	750.9395	3149.5957	1057.3324	3090.9043	193.28378	3250.9792	2473.5042	621.875	964.55	124999	208.71602	62.638016	208.71567	62.660248	-210.4563	29.060785	1220.7950839996338
26	2363.152	971.939	3256.2488	1046.0638	984.1805	17.796537	1026.7362	935.74084	727.5	298.9	129999	211.39845	61.331894	211.39862	61.345657	-212.9807	27.448275	1271.5815093517303
27	1216.7576	676.78534	3210.2778	797.0714	893.2316	22.255816	956.9495	865.28064	372.7143	276.05	134999	213.90656	60.34703	213.90633	60.362778	-215.4499	26.31438	1319.5480036735535
28	1813.6337	816.7182	3137.782	1003.18726	1461.8789	241.47337	2207.4678	1067.9982	567.44446	472.15	139999	216.1056	59.639587	216.1059	59.654922	-217.5828	26.090408	1372.2193012237549
29	1938.3656	730.2442	3098.1655	1009.87964	3126.1172	171.80867	3240.0981	2599.9124	610.5	980.2	144999	217.9814	59.528545	217.98125	59.54151	-219.50412	24.12288	1424.1214649677277
30	1903.9587	881.516	3254.5154	531.8392	2804.5886	531.4373	3285.6936	1745.3433	584.55554	860.9	149999	219.5694	59.918846	219.5692	59.93526	-220.94507	23.47539	1476.8125669956207
31	2487.0925	978.2307	3212.0532	973.6161	2774.4922	379.11914	3092.8542	1556.3911	778.3333	922.15	154999	220.98448	60.231583	220.98535	60.246796	-222.28915	22.573315	1531.4632022380829
32	2565.0222	1044.3206	3331.188	572.2397	3016.856	571.57886	3370.2915	1584.4896	786.1429	915.3	159999	222.82138	60.610367	222.82175	60.62031	-224.0398	22.074139	1586.0629043579102
33	2421.6323	994.9764	3336.3694	1170.7173	2299.9033	1056.2784	3304.325	539.33124	729.7143	709.45	164999	224.99887	60.82008	224.99925	60.82841	-226.1406	21.288057	1641.1165735721588
34	1437.4733	899.28937	3326.2449	819.81354	2967.0857	786.02985	3384.6326	1109.7745	431.81818	880.75	169999	227.06815	61.37014	227.06786	61.38023	-228.21948	20.849043	1692.6985654830933
35	2624.3894	974.0009	3326.6084	1176.9453	3336.858	5.639065	3347.7295	3325.7046	781.1667	1000.0	174999	229.27638	61.80175	229.2762	61.809757	-230.44037	21.130943	1745.7204554080963
36	2217.1401	1119.6315	3347.1523	850.76965	3306.9702	6.2931905	3314.2622	3293.4282	664.0	1000.0	179999	231.86842	61.90161	231.86845	61.90854	-232.92363	20.77283	1800.1684951782227
37	2409.634	1062.0884	3366.409	1020.5842	2756.7659	985.66254	3283.4153	13.017182	713.8571	848.15	184999	234.3136	62.04637	234.3143	62.053288	-235.34747	21.032644	1851.5159904956818
38	2570.7637	1079.6516	3366.3955	951.5547	3285.3657	7.41676	3313.15	3276.3682	764.3333	1000.0	189999	236.59445	62.183838	236.59413	62.193142	-237.66035	20.281895	1906.8238551616669
39	3320.407	18.481462	3338.6782	3288.0144	3341.102	7.957323	3354.778	3324.9136	1000.0	1000.0	194999	239.1987	62.112106	239.1986	62.120598	-240.3007	19.471668	1957.634009361267
40	3350.8477	18.741882	3382.7615	3324.6985	3380.6382	16.505201	3405.528	3337.2827	1000.0	1000.0	199999	241.86133	62.4156	241.86203	62.42394	-242.8931	19.342194	2012.9701147079468
41	2065.3552	1289.24	3359.6638	609.73944	3336.5918	4.282848	3347.0674	3330.0159	616.25	1000.0	204999	244.566	62.81962	244.56648	62.82564	-245.61896	19.489088	2064.442234516144
42	2258.844	1116.6438	3391.6406	799.4438	2585.061	1380.7607	3397.9893	189.04442	676.25	774.25	209999	246.87918	63.2459	246.87938	63.24925	-247.96577	19.404594	2119.33731174469
43	2431.8442	1436.9131	3423.895	155.11198	2973.8286	989.45825	3405.4563	191.03452	738.5714	885.05	214999	248.84045	63.55974	248.84093	63.56764	-249.83714	19.675713	2171.324471950531
44	2595.2847	1118.7513	3433.843	898.85236	3477.1177	16.146843	3502.6816	3446.532	763.1667	1000.0	219999	250.75203	63.825092	250.75232	63.829136	-251.6498	19.351065	2223.5930268764496
45	3380.9858	18.718775	3407.7063	3353.0742	3329.6406	8.035719	3345.4744	3319.0796	1000.0	1000.0	224999	252.68324	64.20985	252.68362	64.217155	-253.62683	18.167364	2277.7945923805237
46	3290.0886	192.59492	3415.2192	2906.6943	3326.5977	5.677422	3338.235	3318.623	966.4	1000.0	229999	254.9051	64.36321	254.90546	64.36639	-255.85957	17.998655	2328.998233318329
47	3370.162	18.857067	3396.4814	3342.0496	3418.618	3.208657	3425.2163	3413.053	1000.0	1000.0	234999	257.17352	64.30955	257.17413	64.31172	-258.0409	17.255924	2384.8361468315125
48	3403.0222	23.928461	3431.8433	3361.2756	3457.0618	4.658212	3467.7786	3449.413	1000.0	1000.0	239999	259.1089	64.18398	259.10944	64.185265	-259.91516	18.1024	2438.4614510536194
49	3306.8274	277.07974	3507.038	2692.8372	3454.532	2.6754913	3459.7007	3450.427	958.8333	1000.0	244999	260.7272	64.434494	260.7281	64.43833	-261.67194	18.209288	2492.0645656585693
50	2779.953	791.8831	3425.688	1670.2318	1241.6339	1648.8737	3492.8992	26.750866	805.2	367.35	249999	262.2385	64.73849	262.2394	64.742424	-263.17975	17.700712	2545.4907381534576
51	1399.7653	1614.3461	3474.8762	18.718552	3438.6145	12.829724	3464.558	3414.3079	414.42856	1000.0	254999	263.848	64.779305	263.84814	64.78174	-264.66742	18.78912	2596.736717939377
52	3432.0742	34.908413	3480.2124	3387.6775	3520.821	10.6527605	3546.965	3510.1113	1000.0	1000.0	259999	265.5178	64.73261	265.51868	64.742256	-266.30124	19.05966	2652.70898771286
53	3447.3347	11.310432	3461.2798	3430.7727	2058.0547	770.4041	3566.8184	1484.9128	1000.0	570.15	264999	266.99384	64.685974	266.99435	64.68887	-267.8319	18.190746	2702.858593940735
54	3205.0435	276.33295	3439.8296	2707.6633	3492.4185	3.3720818	3498.816	3485.8577	923.8	1000.0	269999	268.1364	64.75928	268.13693	64.76139	-268.87192	17.446075	2758.214765548706
55	3426.7258	18.738657	3460.5918	3407.033	3446.0093	4.599477	3455.4258	3435.5928	1000.0	1000.0	274999	269.58484	64.43051	269.58487	64.43125	-270.4484	17.083452	2808.919659137726
56	3454.8613	11.130004	3476.2751	3446.6497	3504.7935	3.2140963	3511.3552	3500.7683	1000.0	1000.0	279999	270.741	64.60569	270.74164	64.608925	-271.6334	16.539896	2864.395172595978
57	3458.357	43.015266	3534.0422	3405.8914	3461.8481	5.4828534	3470.7258	3446.147	1000.0	1000.0	284999	272.02673	64.64757	272.02734	64.65173	-272.77155	16.204416	2915.8440222740173
58	3291.3425	318.17413	3469.306	2655.3232	3516.4207	2.6440358	3521.7385	3510.467	950.8	1000.0	289999	273.04773	64.85913	273.0483	64.85589	-273.73785	16.343695	2969.963568210602
59	3455.2437	11.658291	3475.3828	3440.6829	3463.6133	7.689664	3476.9175	3447.479	1000.0	1000.0	294999	274.11752	64.80539	274.11752	64.8081	-274.75906	16.036276	3022.6978414058685
60	3440.5845	12.474949	3455.8699	3423.9688	3550.186	6.014324	3559.809	3536.1619	1000.0	1000.0	299999	275.06702	64.774055	275.06717	64.77219	-275.80344	15.006892	3074.568471431732
61	3435.7827	14.882476	3456.1436	3415.1736	3475.1477	4.0324106	3481.3157	3466.977	1000.0	1000.0	304999	276.06674	64.93864	276.06757	64.93852	-276.84094	15.936906	3129.6409034729004
62	3434.7944	15.329328	3455.6592	3417.9395	3457.6626	3.6640196	3464.6863	3451.8794	1000.0	1000.0	309999	277.21802	64.703636	277.21826	64.70158	-277.85275	15.991236	3181.066793680191
63	3246.5793	418.24918	3451.336	2311.9944	3491.69	4.0694847	3498.323	3484.6538	940.8333	1000.0	314999	278.30896	64.72476	278.3095	64.72444	-278.98413	15.207357	3236.5139207839966
64	3426.5793	19.804071	3447.743	3389.0308	3496.768	4.558388	3506.5835	3487.0837	1000.0	1000.0	319999	279.39215	64.48428	279.3925	64.48487	-280.15955	14.832225	3287.5153460502625
65	3431.4446	31.371098	3459.6458	3370.3132	3475.9727	10.9102	3494.4639	3441.8408	1000.0	1000.0	324999	280.81326	64.16282	280.8135	64.16281	-281.46436	14.094717	3342.5587105751038
66	3432.6226	19.879707	3463.7864	3406.1833	3537.9485	5.195199	3546.5408	3523.767	1000.0	1000.0	329999	281.93076	64.0439	281.93097	64.04784	-282.59277	14.354238	3394.04554104805
67	3436.391	8.996455	3447.752	3420.3167	3433.0215	5.4374847	3442.299	3424.5269	1000.0	1000.0	334999	283.02234	63.91003	283.0229	63.910744	-283.59216	15.085172	3448.0780131816864
68	2906.2576	880.3621	3461.404	1074.3826	3480.8833	3.3245966	3488.5393	3475.7988	840.6667	1000.0	339999	284.1463	63.686684	284.14624	63.687572	-284.8419	14.312122	3503.338833093643
69	3433.5757	15.974171	3454.389	3409.3054	3502.4758	7.0226474	3514.0686	3488.9175	1000.0	1000.0	344999	285.17645	63.37261	285.1766	63.376102	-285.82315	13.885882	3558.233604669571
70	3452.4133	16.424742	3481.268	3431.9114	3511.7742	4.9143763	3519.572	3502.7727	1000.0	1000.0	349999	285.98914	63.488453	285.9892	63.48922	-286.58716	13.487936	3612.616200685501
71	3427.485	11.464644	3441.9553	3409.2517	935.59863	18.568895	973.06555	894.6783	1000.0	262.2	354999	287.03296	63.258553	287.03326	63.260654	-287.63434	14.175977	3664.324807405472
72	3457.3784	26.200388	3504.2563	3424.9321	3382.8042	391.24512	3492.0415	1677.8326	1000.0	975.95	359999	288.05862	62.906303	288.05896	62.90788	-288.60425	13.347441	3715.635124206543
73	2647.199	1146.4636	3483.6992	1013.1212	2249.6458	1297.6357	3532.955	709.0593	765.0	644.4	364999	288.9229	62.962124	288.92297	62.965584	-289.43915	13.561197	3771.090871810913
74	3416.127	34.18949	3452.6487	3367.619	3475.1323	19.897966	3504.218	3443.3838	1000.0	1000.0	369999	289.9431	62.759144	289.94348	62.759457	-290.58133	12.445006	3821.957666873932
75	3447.0083	31.22446	3489.7595	3398.0823	3532.268	3.0894916	3536.45	3525.1433	1000.0	1000.0	374999	290.91626	62.648754	290.91626	62.647346	-291.36984	12.832513	3876.8288571834564
76	3453.6997	16.491318	3479.859	3434.7249	3553.052	5.2424784	3567.2087	3544.592	997.2	1000.0	379999	291.7329	62.652897	291.7329	62.65201	-292.1295	12.409613	3932.503964662552
77	3449.3364	35.219845	3483.986	3384.8105	2757.401	969.6429	3502.0542	1258.7614	1000.0	796.35	384999	292.66644	62.43462	292.667	62.434944	-293.1592	11.873533	3983.873927116394
78	3453.8882	22.837345	3485.1829	3418.4224	3441.9653	12.331289	3468.155	3416.9204	1000.0	1000.0	389999	293.55325	62.340588	293.55325	62.341652	-294.20526	11.84898	4039.2047157287598
79	3464.3254	11.539337	3485.1108	3449.9104	3024.8765	582.76483	3388.1965	1586.3596	1000.0	902.0	394999	294.1365	62.41245	294.1369	62.41337	-294.59094	11.937457	4089.840653181076
80	3456.608	21.338892	3484.954	3423.7388	3517.0132	2.9520328	3522.522	3511.0303	1000.0	1000.0	399999	294.7433	62.14035	294.74338	62.141117	-295.18	12.376867	4144.932054042816
81	2974.8508	668.38885	3487.933	1919.2762	3543.8862	6.5424786	3559.4036	3526.9028	860.1667	1000.0	404999	295.31824	61.818836	295.31802	61.821075	-295.74603	11.662287	4196.775986194611
82	3465.3062	26.428787	3504.1555	3431.431	2437.7695	1080.8976	3536.0034	1235.8394	1000.0	699.6	409999	295.7028	61.96212	295.70297	61.962837	-296.13797	11.736035	4250.2860696315765
83	3471.9993	11.657547	3489.5652	3458.2473	3547.056	4.358186	3556.6487	3537.9385	1000.0	1000.0	414999	296.2892	61.728176	296.28906	61.731045	-296.7838	11.255555	4304.04087471962
84	3490.2156	13.317163	3515.2053	3476.8396	3378.2007	460.47964	3552.3342	1699.9755	1000.0	960.15	419999	296.74808	61.84848	296.74854	61.849106	-297.1394	11.729453	4355.329765081406
85	3050.2834	914.69434	3509.5183	1006.59955	3543.5027	4.275261	3550.1587	3536.3567	880.8333	1000.0	424999	297.01947	61.850983	297.0194	61.85222	-297.4363	10.957072	4410.788160562515
86	3467.6707	10.010133	3479.0417	3451.009	3548.4663	9.749597	3563.69	3529.1138	1000.0	1000.0	429999	297.57327	61.63881	297.57336	61.640484	-297.9543	10.688959	4462.127010583878
87	3170.123	607.92615	3497.3184	1954.6913	742.9872	475.80795	1667.1211	386.0785	911.6	253.6	434999	298.2257	61.438053	298.22586	61.44151	-298.7423	11.462141	4515.6639993190765
88	2711.172	1171.6425	3493.2266	387.69754	2749.0017	1022.03424	3515.5288	1326.3065	789.1667	788.6	439999	298.64505	61.59868	298.6454	61.598915	-299.1481	11.036613	4566.048423051834
89	3492.2031	14.756277	3515.724	3479.3362	3369.6824	390.88818	3473.2913	1666.2596	1000.0	974.95	444999	299.27533	61.169376	299.27585	61.169025	-299.66113	11.292362	4621.177113056183
90	3468.7944	16.959675	3501.1802	3454.6885	3477.918	3.6968908	3486.2576	3468.6433	1000.0	1000.0	449999	299.85272	61.052074	299.85266	61.057457	-300.30576	10.99885	4672.17826962471
91	3480.6035	12.847124	3502.1682	3464.0396	3487.2258	7.1978793	3496.3174	3467.1436	1000.0	1000.0	454999	300.52463	60.748676	300.52484	60.75243	-300.87238	10.291838	4726.084801673889
92	3475.25	7.8546233	3487.8586	3463.1973	3388.3452	322.57095	3477.725	1982.8025	1000.0	979.75	459999	300.87735	60.72701	300.8775	60.730236	-301.22223	10.664013	4780.182200431824
93	3476.289	10.892285	3493.083	3463.3687	3560.4688	7.6735992	3578.8901	3550.579	1000.0	1000.0	464999	301.6471	60.169525	301.64682	60.174454	-302.12354	9.941836	4833.98301243782
94	3486.6362	9.331553	3503.0935	3475.026	3497.6672	5.104568	3504.5405	3485.0554	1000.0	1000.0	469999	302.29956	59.817795	302.29984	59.81453	-302.69284	11.3765745	4889.2053825855255
95	3489.6797	11.149658	3508.315	3475.8694	3571.8164	5.033813	3580.5488	3560.6536	1000.0	1000.0	474999	302.74823	59.687622	302.74835	59.686787	-303.20694	10.307197	4939.609329938889
96	3084.1777	868.4999	3491.468	1142.679	3501.9512	8.955529	3521.9622	3488.2937	893.1667	1000.0	479999	303.35507	59.552914	303.35516	59.555923	-303.8044	10.302598	4994.771241188049
97	3467.349	9.535899	3480.6802	3453.373	3506.2983	3.808882	3515.9387	3500.2185	1000.0	1000.0	484999	303.86414	59.52409	303.8643	59.527077	-304.26318	9.900953	5047.028074502945
98	3465.737	30.12819	3498.6973	3424.4265	3508.6836	4.4731865	3517.479	3502.4673	1000.0	1000.0	489999	304.48282	59.265293	304.4829	59.264366	-304.85898	10.426506	5099.9027988910675
99	3471.1887	13.486295	3494.391	3453.9126	3570.179	5.4486694	3579.3982	3557.5483	1000.0	1000.0	494999	304.951	59.187504	304.95178	59.18517	-305.298	9.660768	5153.9696271419525
100	3473.9329	29.803446	3510.456	3422.4556	3385.6355	422.80673	3518.1426	1556.2043	1000.0	973.5	499999	305.33554	59.237034	305.3358	59.23808	-305.7185	9.941127	5204.675161361694
101	3490.7488	14.229578	3516.518	3475.3281	3551.6606	6.549895	3560.157	3534.8115	1000.0	1000.0	504999	305.6121	59.203262	305.6123	59.20218	-306.03046	9.59847	5260.382212400436
102	3484.6555	17.28675	3510.4805	3457.0776	3489.3035	6.5146737	3500.7422	3476.412	1000.0	1000.0	509999	306.1615	58.986156	306.16193	58.983627	-306.5567	10.092473	5311.786740779877
103	3483.2969	9.141971	3496.3323	3473.6958	3583.7085	5.4420285	3598.3901	3575.377	1000.0	1000.0	514999	306.7215	58.679245	306.7216	58.68032	-307.05228	9.701811	5367.084949493408
104	3509.7266	17.194883	3534.0378	3491.2783	3582.3984	3.7993507	3589.6785	3574.9216	1000.0	1000.0	519999	307.16974	58.74988	307.16956	58.75226	-307.6438	9.071833	5417.729974031448
105	3503.6238	13.855815	3516.123	3477.5195	3511.3223	4.232473	3519.6353	3504.0425	1000.0	1000.0	524999	307.64453	58.5807	307.6447	58.58158	-308.0372	9.134717	5472.899861335754
106	3507.8042	9.987696	3518.8745	3489.094	3558.8984	5.951523	3570.3372	3548.0457	1000.0	1000.0	529999	308.1548	58.533535	308.15524	58.533466	-308.54715	10.25428	5524.343754053116
107	3519.3203	8.501656	3534.4004	3508.5942	3575.5964	7.7167234	3584.8809	3562.2488	1000.0	1000.0	534999	308.84756	58.326065	308.84714	58.328922	-309.14325	9.198545	5578.444091081619
108	3521.6843	5.2292495	3530.7998	3515.6292	3634.334	13.872859	3654.8916	3612.5586	1000.0	1000.0	539999	309.3542	58.264904	309.35434	58.266598	-309.69324	9.284539	5632.004600048065
109	3513.0925	12.366968	3523.61	3491.2288	3570.289	16.55012	3609.701	3544.7336	1000.0	1000.0	544999	310.0607	58.00478	310.06064	58.005615	-310.4553	8.922986	5683.52700138092
110	3527.8062	8.886755	3538.712	3514.2947	3589.9019	8.202531	3603.6833	3571.4321	1000.0	1000.0	549999	310.5225	58.050697	310.52258	58.04794	-310.9212	9.290882	5738.770008802414
111	3523.366	12.854387	3536.9167	3500.0366	2526.3533	1229.2046	3584.0144	944.49347	1000.0	726.75	554999	310.98862	57.929394	310.98895	57.927944	-311.2852	9.198117	5790.238139629364
112	3523.5562	14.394197	3543.2708	3501.8247	3576.5598	9.36454	3591.3538	3561.9104	1000.0	1000.0	559999	311.53583	57.34867	311.5358	57.35024	-311.9348	9.349988	5846.063218593597
113	3499.1978	33.77417	3552.1772	3463.1814	3605.987	4.8516355	3616.76	3597.2927	1000.0	1000.0	564999	311.873	57.224987	311.87326	57.223515	-312.1682	9.375047	5896.823696374893
114	3198.9333	622.76227	3518.9597	1953.4698	764.05225	991.56476	3607.8674	303.4633	911.2	244.3	569999	312.63626	56.866306	312.6364	56.86793	-312.9817	9.348255	5951.392333507538
115	2548.956	1233.6443	3531.9995	924.4487	3590.604	11.464453	3619.7053	3573.6055	731.75	1000.0	574999	313.20816	56.718666	313.20844	56.719803	-313.4924	9.711974	6003.268717050552
116	3527.0854	6.003832	3534.2983	3518.442	3618.3938	5.894748	3630.3374	3609.152	1000.0	1000.0	579999	313.4573	56.82228	313.45737	56.82339	-313.75964	9.831476	6055.5633907318115
117	3500.3054	26.789639	3536.1523	3462.6694	3585.8032	4.8923535	3597.0815	3578.4878	991.8	1000.0	584999	313.6768	56.75324	313.6772	56.749928	-314.0457	8.735912	6110.206221818924
118	3124.6914	698.978	3544.774	1737.2231	3587.629	5.6523876	3596.999	3579.3123	883.8	1000.0	589999	313.88065	56.84852	313.8807	56.849697	-314.1929	9.137209	6161.530425071716
119	1535.4496	1435.2731	3529.0137	16.473272	3262.434	1024.741	3626.0474	183.54988	437.0	909.15	594999	313.96365	57.17472	313.9637	57.17553	-314.34464	9.463759	6216.825257539749
120	2869.518	1180.836	3552.9124	194.30658	3609.9395	9.4978	3636.9585	3590.6782	816.8571	1000.0	599999	314.01346	57.302036	314.0136	57.30627	-314.29648	9.836013	6267.248116970062
121	3531.0325	15.716062	3542.9602	3500.2166	3426.116	656.83453	3670.0486	1455.8503	1000.0	941.55	604999	314.13028	57.293575	314.13	57.29563	-314.4025	10.2448845	6322.787462234497
122	3543.3452	14.69949	3567.0967	3527.6753	3610.2227	5.4674	3619.8037	3595.5554	1000.0	1000.0	609999	314.18942	57.43687	314.18936	57.43865	-314.49066	9.394689	6374.376822471619
123	3515.525	15.511028	3533.1587	3492.9856	3573.0793	3.7318122	3581.1729	3565.5242	1000.0	1000.0	614999	314.4708	57.197144	314.4709	57.196346	-314.69635	9.454988	6428.772754907608
124	3531.7007	15.814705	3558.4731	3513.8013	3598.3657	4.7937026	3606.97	3590.5117	1000.0	1000.0	619999	314.52585	57.020596	314.5259	57.019165	-314.8279	8.88785	6480.514454364777
125	3525.8745	18.466696	3541.7468	3493.9846	2643.3865	1120.5856	3558.5408	804.0903	1000.0	760.05	624999	314.54114	56.837772	314.54092	56.84025	-314.76395	9.318875	6534.990946531296
126	3517.9136	18.385227	3551.5105	3497.5793	3562.0574	4.786201	3569.526	3550.7886	1000.0	1000.0	629999	314.46783	57.036373	314.46774	57.03494	-314.7181	8.578689	6590.33983874321
127	3505.099	23.09991	3537.6453	3466.5205	3541.8613	4.561041	3549.1494	3534.9287	1000.0	1000.0	634999	314.58383	56.78376	314.58417	56.78513	-314.90375	10.0648575	6641.777007102966
128	3519.8445	11.358297	3532.6326	3499.8735	3565.164	4.5302124	3576.4402	3555.7664	1000.0	1000.0	639999	314.7716	56.67252	314.77158	56.677067	-315.0304	9.968916	6696.847104072571
129	3514.8608	10.30372	3529.611	3502.92	3610.7766	5.6156435	3621.6746	3600.6682	1000.0	1000.0	644999	315.00778	56.507523	315.00824	56.506756	-315.35245	8.931875	6747.86453461647
130	3504.9	14.222603	3527.0125	3490.4048	3567.062	3.7912867	3577.8835	3561.0598	1000.0	1000.0	649999	315.2629	56.18488	315.2632	56.185646	-315.4464	8.51151	6801.429518938065
131	3520.2375	9.354805	3530.4207	3508.0369	3575.2554	6.750818	3590.4807	3563.7786	1000.0	1000.0	654999	315.34677	56.12797	315.3469	56.13199	-315.59314	8.921635	6854.757619857788
132	3534.1665	12.72719	3551.8572	3518.3923	3588.2292	5.4296947	3597.0813	3577.2441	1000.0	1000.0	659999	315.68954	55.75889	315.6895	55.75726	-316.0115	8.79495	6906.7487778663635
133	3540.418	9.541821	3553.6392	3526.0522	3557.437	9.029183	3568.2297	3537.455	1000.0	1000.0	664999	315.9666	55.53317	315.96658	55.532433	-316.1994	8.646569	6961.965784788132
134	3524.0637	16.487438	3546.0476	3495.0242	3560.425	5.731712	3570.0405	3549.3816	1000.0	1000.0	669999	316.31396	55.201828	316.31448	55.197723	-316.6818	8.498411	7012.585234165192
135	3521.4153	10.510325	3534.596	3506.133	3590.4292	2.9236302	3598.8704	3585.044	1000.0	1000.0	674999	316.5474	55.395172	316.54718	55.39862	-316.77042	8.88643	7067.845462322235
136	3538.6992	16.039974	3565.2317	3517.7766	3428.1626	393.03973	3527.4712	1715.1288	1000.0	975.3	679999	316.87503	55.238285	316.87534	55.238796	-317.09668	8.303413	7118.591208696365
137	3534.556	12.745602	3546.3083	3510.3596	3533.679	3.3392131	3539.974	3527.4517	1000.0	1000.0	684999	317.12817	54.952137	317.12808	54.95829	-317.37656	8.681255	7174.677612066269
138	3520.4473	14.307348	3538.0676	3494.9482	3586.2915	2.8683338	3591.6487	3581.467	1000.0	1000.0	689999	317.32632	54.975624	317.3264	54.978752	-317.62204	8.297658	7225.380906581879
139	3533.6243	12.922823	3556.43	3519.3413	3545.8684	5.360867	3554.7363	3532.2874	1000.0	1000.0	694999	317.714	54.84751	317.71384	54.847984	-317.97836	8.702761	7279.433341026306
140	3516.9702	25.826508	3553.5093	3481.7686	3589.3008	4.6349373	3600.7092	3583.0176	1000.0	1000.0	699999	318.1562	54.61013	318.15625	54.61214	-318.3875	8.387891	7332.029309272766
141	3537.0864	10.369314	3554.8523	3524.795	3592.382	3.9618945	3598.7375	3586.2256	1000.0	1000.0	704999	318.53723	54.691845	318.53754	54.69116	-318.7376	8.76438	7384.12513589859
142	3556.274	9.434255	3574.2532	3547.6272	3576.3372	2.5251138	3581.0999	3570.367	1000.0	1000.0	709999	318.903	54.54555	318.9033	54.543324	-319.18332	8.08261	7439.183260202408
143	3521.1587	13.956988	3540.477	3502.1196	3610.7944	7.188169	3624.043	3593.1084	1000.0	1000.0	714999	319.18707	54.539425	319.1869	54.538826	-319.36176	7.871943	7489.718049764633
144	3545.4048	22.39517	3570.3645	3507.1682	3605.4797	4.465204	3614.1978	3593.3481	1000.0	1000.0	719999	319.30225	54.742363	319.3023	54.739788	-319.5302	8.642919	7545.021890640259
145	3542.3892	16.287382	3557.4207	3514.4858	3616.8164	8.525925	3640.891	3605.9583	1000.0	1000.0	724999	319.70026	54.593464	319.70016	54.591908	-319.94955	8.340709	7595.576482534409
146	3535.5972	13.963388	3552.206	3509.7644	3562.1243	3.6617339	3568.803	3555.3552	1000.0	1000.0	729999	319.89056	54.557472	319.89084	54.563255	-320.1254	8.269218	7651.0181221961975
147	3550.1418	4.7360077	3555.9817	3542.6812	3599.461	3.4837265	3605.5488	3594.4648	1000.0	1000.0	734999	320.33636	54.218357	320.3363	54.220078	-320.57074	7.9933453	7702.267595767975
148	3558.1445	17.782606	3571.0579	3524.2854	3621.0098	3.7962246	3627.3296	3612.3071	1000.0	1000.0	739999	320.61044	54.37232	320.6104	54.370773	-320.8273	7.5750947	7756.864160060883
149	3533.1626	16.812904	3555.8037	3504.546	3580.8972	4.3636513	3586.888	3569.9536	1000.0	1000.0	744999	320.9476	54.217213	320.94778	54.215477	-321.07605	7.284568	7808.452863454819
150	3525.618	14.454144	3543.6252	3500.2957	3592.9805	5.6299963	3600.516	3581.7466	1000.0	1000.0	749999	321.2603	54.025597	321.26044	54.02769	-321.37854	7.251855	7861.328359603882
151	3546.0298	9.967864	3562.53	3533.6938	3591.276	4.788241	3601.0232	3584.822	1000.0	1000.0	754999	321.4468	53.88851	321.44714	53.886055	-321.67026	7.4655	7915.081300735474
152	3563.7668	18.375782	3592.4546	3536.8462	3524.213	20.165815	3568.6787	3500.089	1000.0	1000.0	759999	321.76465	53.722343	321.76465	53.718006	-321.9885	7.9099984	7966.60929441452
153	3545.414	20.350756	3578.6396	3520.6125	3579.8477	4.6266823	3590.3594	3573.4248	1000.0	1000.0	764999	322.08932	53.67319	322.08917	53.676647	-322.33905	7.6182	8021.762762784958
154	3552.9133	20.445312	3583.3267	3519.6497	3609.517	4.457984	3617.54	3599.2761	1000.0	1000.0	769999	322.24176	53.730423	322.24216	53.726063	-322.4029	7.3995643	8072.374744415283
155	3552.3071	14.107229	3571.879	3535.1943	3576.8137	14.130548	3595.205	3538.6116	1000.0	1000.0	774999	322.5513	53.514034	322.5515	53.512707	-322.71295	7.602445	8128.015450716019
156	3542.2473	19.572197	3566.1592	3506.5024	3616.7747	5.3858337	3629.349	3605.1318	1000.0	1000.0	779999	322.779	53.49984	322.7792	53.502514	-322.96985	7.3813953	8178.5491461753845
157	3558.6907	9.717401	3575.7676	3548.743	3573.7969	3.930088	3579.7427	3565.0967	1000.0	1000.0	784999	323.06076	53.486874	323.0607	53.48803	-323.2176	7.285094	8234.515304327011
158	3536.9265	11.978795	3550.0322	3518.203	3591.104	25.010687	3615.4624	3518.5693	1000.0	1000.0	789999	323.36728	53.218136	323.36734	53.219715	-323.6342	7.5199656	8285.37810921669
159	3541.1062	9.756826	3555.0957	3524.893	3569.9707	6.0446796	3581.0693	3556.655	1000.0	1000.0	794999	323.74255	53.121613	323.74277	53.12103	-323.92383	7.2024484	8339.050285577774
160	3252.4988	602.9888	3559.1394	2046.6107	3639.226	4.990919	3649.541	3626.359	918.6	1000.0	799999	324.16284	53.015865	324.1624	53.018787	-324.49625	7.369744	8392.211595773697
161	3561.6274	16.51209	3584.46	3539.1997	3613.784	5.0163884	3623.213	3606.1824	1000.0	1000.0	804999	324.61002	52.739445	324.61017	52.742268	-324.83386	7.372424	8444.595541477203
162	2960.7585	1319.1724	3588.548	11.9611225	3660.765	11.244389	3674.2134	3636.8296	835.6667	1000.0	809999	324.94894	52.82505	324.94894	52.82196	-325.1313	7.183214	8500.754160165787
163	3574.48	17.629126	3595.6143	3548.4033	3634.7983	7.1012263	3645.2976	3622.795	1000.0	1000.0	814999	325.36685	52.54421	325.36694	52.542065	-325.49786	6.7751884	8551.683187484741
164	3550.9517	20.424438	3572.9302	3520.0476	3652.1628	8.718302	3673.1758	3630.2385	1000.0	1000.0	819999	325.5217	52.62624	325.52185	52.62692	-325.69147	7.571005	8607.24211716652
165	3559.567	11.050758	3573.0515	3543.8184	3613.7344	5.1807218	3625.423	3606.2563	1000.0	1000.0	824999	325.7292	52.474117	325.72934	52.476093	-325.89975	7.356236	8658.395698785782
166	3557.0513	14.238371	3569.2847	3536.7017	2182.0884	1202.7949	3544.5737	1023.14886	1000.0	635.7	829999	325.93964	52.468567	325.9398	52.46609	-326.1596	7.444167	8712.549410820007
167	3550.0825	16.187346	3566.3638	3519.7844	3595.42	4.1902657	3605.7188	3588.494	1000.0	1000.0	834999	326.14774	52.365593	326.14758	52.363483	-326.38916	7.1627064	8765.716428995132
168	3559.4934	5.3453684	3565.174	3550.2803	3642.6929	7.458549	3655.7573	3629.091	1000.0	1000.0	839999	326.46796	52.126312	326.468	52.12797	-326.6493	6.825785	8818.207907438278
169	3558.81	9.164204	3574.1372	3545.662	3589.4224	4.8204417	3596.5178	3580.6973	1000.0	1000.0	844999	326.86258	51.833263	326.8622	51.833355	-327.17944	7.0144787	8872.576860666275
170	3560.4758	10.724453	3580.8147	3550.732	3642.0103	6.492419	3653.7888	3629.218	1000.0	1000.0	849999	327.1539	51.6979	327.1541	51.694733	-327.33447	6.7581797	8923.684811353683
171	2965.6865	1316.8014	3579.8418	21.482641	3635.7754	7.182961	3648.9646	3626.1106	836.6667	1000.0	854999	327.45084	51.69635	327.4508	51.69571	-327.59317	7.163579	8979.073033571243
172	3559.1367	13.095681	3581.277	3541.0195	3638.0632	4.1045713	3645.9507	3630.466	1000.0	1000.0	859999	327.7661	51.7384	327.76584	51.740604	-327.9604	7.192728	9030.256866693497
173	3555.1304	20.45982	3580.2615	3518.5103	3563.7688	7.885958	3576.0864	3550.8755	1000.0	1000.0	864999	327.97626	51.891052	327.97595	51.89221	-328.24026	7.528725	9085.920877456665
174	3555.5652	13.019586	3576.1128	3537.8325	3651.9363	5.4292026	3663.6943	3641.8862	1000.0	1000.0	869999	328.3351	51.461628	328.3351	51.466393	-328.5942	6.7301908	9136.849727392197
175	3571.7515	37.392097	3615.1829	3504.6743	3625.8257	6.3263383	3636.1514	3610.1875	1000.0	1000.0	874999	328.7111	51.27618	328.7112	51.276627	-328.9113	7.3309283	9191.0143430233
176	3572.8274	11.292304	3590.0547	3559.2383	3628.6414	4.412331	3638.1228	3621.908	1000.0	1000.0	879999	329.00974	51.038437	329.0099	51.03995	-329.23456	7.247036	9243.437338113785
177	3559.293	21.112436	3597.667	3539.4827	3606.6316	7.4392757	3616.1558	3583.193	1000.0	1000.0	884999	329.1174	51.057365	329.11752	51.055725	-329.2717	7.3640165	9295.712514400482
178	3541.9048	33.05729	3578.4453	3480.963	3594.3352	7.8965693	3609.6704	3580.3076	1000.0	1000.0	889999	329.2031	51.019726	329.20312	51.023346	-329.41605	6.880768	9350.720311641693
179	2975.3733	1298.0281	3569.5608	72.94704	3652.434	5.1001515	3659.3267	3639.1843	840.5	1000.0	894999	329.37402	50.732906	329.3737	50.729237	-329.5214	6.716405	9401.685542345047
180	3562.661	13.156592	3581.9736	3547.4045	3659.1772	5.351158	3670.6785	3649.0276	1000.0	1000.0	899999	329.3995	50.637825	329.39944	50.635742	-329.5592	7.1476064	9456.970492362976
181	3555.9844	21.230028	3575.5266	3524.64	3653.9739	4.9910975	3663.7607	3644.8489	1000.0	1000.0	904999	329.55786	50.427795	329.55777	50.432365	-329.59186	7.4178376	9507.761479139328
182	3559.1196	14.5211935	3580.3503	3542.0132	3643.8352	4.845351	3656.1367	3636.2014	1000.0	1000.0	909999	329.72845	50.23126	329.72842	50.229733	-329.92734	7.005797	9563.851129293442
183	3548.868	26.54214	3574.1592	3500.3252	3602.6392	7.544021	3611.583	3581.387	1000.0	1000.0	914999	329.79474	50.294888	329.79486	50.296757	-330.02197	7.304433	9616.481525659561
184	3573.474	10.595456	3588.6216	3559.8357	3645.2454	4.8562202	3655.199	3636.0771	1000.0	1000.0	919999	329.94388	50.096798	329.94397	50.08849	-330.1189	7.086753	9668.543110609055
185	3558.7222	18.318787	3576.7207	3523.681	3610.4185	3.878957	3617.4343	3602.7507	1000.0	1000.0	924999	330.07675	49.869595	330.07654	49.868816	-330.25775	7.841803	9723.21501326561
186	3576.6453	16.321283	3603.9	3557.6638	3648.9368	6.01276	3660.7551	3641.0054	1000.0	1000.0	929999	330.2841	49.690334	330.28403	49.693596	-330.52222	6.0234604	9774.01184463501
187	3583.2312	8.67211	3599.1897	3572.6646	3578.3809	4.5211663	3584.0195	3567.8481	1000.0	1000.0	934999	330.5822	49.728333	330.58228	49.729385	-330.81952	7.5171156	9829.906166553497
188	3578.789	18.320751	3598.1821	3549.6128	3636.6055	5.9191194	3646.7957	3627.3433	1000.0	1000.0	939999	330.7478	49.65551	330.7478	49.658844	-330.96674	6.867096	9880.433742046356
189	3459.7505	221.2012	3591.2366	3018.6672	3654.0571	8.289588	3666.734	3636.0168	964.8	1000.0	944999	330.71057	49.773487	330.7107	49.77267	-330.89926	6.7614126	9935.771589756012
190	3559.6062	24.025892	3584.1338	3514.4746	3595.1245	10.635701	3617.162	3573.342	1000.0	1000.0	949999	330.78607	49.66776	330.7859	49.667927	-330.9855	6.755901	9986.135158777237
191	3550.979	22.332533	3579.264	3513.1987	1288.12	109.84078	1462.7117	1116.2751	1000.0	373.5	954999	330.75912	49.719315	330.759	49.719444	-330.9413	6.680903	10037.971911668777
192	3561.6328	15.406062	3579.1968	3538.7363	3614.5535	6.8932047	3628.5454	3603.919	1000.0	1000.0	959999	330.96414	49.83958	330.96414	49.843475	-331.09064	6.482952	10093.303562641144
193	3568.886	14.44383	3592.191	3547.3115	3646.274	5.5164247	3656.7214	3638.1196	1000.0	1000.0	964999	330.98907	49.93442	330.9892	49.932976	-331.18164	6.1645436	10147.740776062012
194	3567.9023	22.09521	3609.8577	3549.6338	3569.9363	3.6156745	3577.8223	3561.2517	1000.0	1000.0	969999	331.1067	49.69142	331.1064	49.691788	-331.26	6.4777584	10202.287967205048
195	3564.7312	14.44179	3577.6372	3536.6338	3616.6382	4.065503	3627.0334	3610.337	1000.0	1000.0	974999	331.12997	49.590446	331.12997	49.590763	-331.27795	6.6422467	10257.520073652267
196	2917.8945	986.5557	3568.1445	966.2542	3609.9785	9.789302	3627.397	3585.2021	828.0	1000.0	979999	331.1815	49.3734	331.1814	49.379013	-331.3682	6.419917	10309.320793390274
197	3565.814	5.562244	3570.7087	3556.166	3628.1382	6.0259123	3640.7637	3618.1577	1000.0	1000.0	984999	331.26913	49.54331	331.26923	49.54394	-331.4048	6.4782996	10365.427463531494
198	3574.898	15.477682	3600.2703	3552.558	3630.571	4.5508137	3638.3992	3619.7363	1000.0	1000.0	989999	331.29846	49.429317	331.2987	49.432007	-331.4391	6.479934	10416.176969766617
199	3567.1707	14.437151	3586.3145	3548.9448	3631.7585	3.5290215	3640.4395	3625.483	1000.0	1000.0	994999	331.35138	49.53023	331.35132	49.533337	-331.43304	5.9341197	10470.658767938614
200	3559.3035	33.068478	3595.781	3497.957	3599.8892	5.4112887	3610.721	3591.1301	1000.0	1000.0	999999	331.60278	49.10596	331.60297	49.10528	-331.7748	6.1955967	10522.713647603989
