Epoch	AverageEpRet	StdEpRet	MaxEpRet	MinEpRet	AverageTestEpRet	StdTestEpRet	MaxTestEpRet	MinTestEpRet	EpLen	TestEpLen	TotalEnvInteracts	AverageQ1Vals	StdQ1Vals	AverageQ2Vals	StdQ2Vals	LossPi	LossQ	Time
1	19.840502	3.1773264	32.190212	3.6499054	72.98089	4.886325	83.73085	64.65839	11.890215	45.7	4999	9.831781	6.568921	9.830986	6.5676327	-11.155012	0.2281247	32.72319412231445
2	19.66067	2.9782903	29.136648	4.3658557	80.94899	4.3155775	91.85366	71.97368	11.664335	59.8	9999	20.175163	10.633627	20.175299	10.631662	-22.271261	0.29535532	65.88769817352295
3	105.23578	82.00009	766.321	58.771458	118.05754	3.0197713	124.43073	113.370255	71.840576	67.65	14999	31.188515	13.616142	31.18909	13.610823	-33.835358	1.5218233	107.07017660140991
4	125.87814	10.191588	158.23753	105.86351	123.84884	6.5753927	135.44115	109.861305	69.55556	70.75	19999	40.574783	16.370335	40.5749	16.368612	-43.216305	1.0499341	143.1355903148651
5	128.80888	13.412665	159.74677	98.970345	154.67917	7.137256	168.39308	142.98874	72.04348	79.85	24999	48.87238	18.827744	48.87236	18.826115	-51.460995	1.3444004	184.11153173446655
6	153.48438	52.12823	494.58655	91.23594	182.28976	17.689045	208.31497	150.77405	85.60345	98.9	29999	55.380543	21.103245	55.380363	21.101648	-57.853764	1.6598766	221.1955921649933
7	266.13367	133.56891	620.7192	118.302605	338.74487	54.275986	443.0529	212.51633	160.65517	201.8	34999	60.37435	22.904806	60.374138	22.903265	-62.66459	1.9888592	262.73362731933594
8	700.49164	366.39432	1627.4004	313.71353	585.0343	488.3572	1972.3564	154.87393	482.27274	299.05	39999	65.36558	23.69437	65.3654	23.693338	-67.531364	2.1458719	313.2409813404083
9	1032.5127	443.92978	1678.9222	299.65387	502.2995	186.21593	806.4383	204.37646	630.375	351.75	44999	70.70304	24.569286	70.70291	24.567825	-72.77614	2.1215107	361.76645374298096
10	1018.8924	374.3441	1487.7365	514.9373	1332.126	430.80206	1610.0055	402.2445	661.1429	851.95	49999	76.37678	25.934542	76.37662	25.932848	-78.405785	2.401264	410.1543984413147
11	993.54285	555.66364	1808.408	204.25677	1664.7867	314.99524	1904.7806	537.2371	527.1	907.1	54999	81.62237	27.429836	81.62194	27.430265	-83.59915	2.6065052	463.104544878006
12	1853.4993	22.898857	1878.7537	1816.4575	1878.8744	474.1502	2106.999	420.7801	1000.0	920.95	59999	87.42042	29.164783	87.4202	29.165642	-89.41511	2.4146101	512.0124614238739
13	1876.5176	36.52746	1911.1031	1807.9681	1794.6038	10.848546	1815.8997	1772.6349	1000.0	1000.0	64999	93.77491	30.601126	93.77468	30.601748	-95.73036	2.3927224	560.4037623405457
14	1816.0375	31.598717	1858.4681	1765.5043	1743.0364	13.475334	1770.7308	1720.3109	1000.0	1000.0	69999	100.03908	31.899065	100.03887	31.899769	-101.96692	2.4357712	610.5770490169525
15	1789.7207	45.96838	1828.4996	1699.9176	1604.8385	11.541132	1632.2577	1587.4802	1000.0	1000.0	74999	105.7025	32.997963	105.70235	32.99837	-107.6401	2.4582753	662.5104813575745
16	1849.517	66.92763	1917.1984	1732.2227	1879.7197	13.548775	1912.8091	1847.3351	1000.0	1000.0	79999	110.99518	33.714954	110.99506	33.715282	-112.8175	2.5547657	710.9311504364014
17	1655.0035	569.10736	1952.6267	517.33936	1966.0629	70.43835	2004.4932	1668.8121	851.2	991.4	84999	115.90454	34.390697	115.904366	34.390537	-117.65883	2.596053	759.4997866153717
18	1881.2523	228.5529	2051.2146	1383.0793	2062.9114	14.521036	2102.2952	2039.6602	946.3333	1000.0	89999	120.530785	34.976143	120.53055	34.976166	-122.26398	2.6900213	811.2016735076904
19	2017.0608	23.270605	2046.5842	1987.6191	1917.2737	13.228421	1940.6458	1889.7231	1000.0	1000.0	94999	124.76615	35.41429	124.76613	35.41439	-126.433685	2.6978488	861.5860152244568
20	1999.97	26.392662	2031.1088	1964.0425	2128.9478	22.828537	2160.1477	2077.1514	1000.0	1000.0	99999	128.69615	35.50418	128.69586	35.50431	-130.37383	2.6025908	909.7467103004456
21	1856.1703	279.8606	2029.7307	1298.7487	2004.4213	16.811289	2030.4147	1977.679	909.8	1000.0	104999	132.10817	35.64488	132.10806	35.645027	-133.75418	2.555857	958.6663789749146
22	1679.0931	458.21387	2013.8564	886.28296	2139.2107	100.62385	2200.9006	1714.0343	841.3333	989.55	109999	135.27907	35.88333	135.2789	35.883366	-136.82088	2.5410848	1011.6369411945343
23	1929.998	241.87877	2089.8447	1447.9945	1983.2074	12.884426	2007.1874	1961.6324	938.4	1000.0	114999	138.00917	36.2717	138.00911	36.271446	-139.48347	2.6369193	1060.0290114879608
24	2024.0026	18.919132	2045.7393	1992.4585	1981.2576	360.18192	2091.2747	413.29187	1000.0	960.65	119999	140.65575	36.511982	140.6558	36.51181	-142.17923	2.7338119	1108.3270471096039
25	1826.267	450.4027	2059.6638	819.79675	2148.5608	17.064737	2179.485	2105.3987	902.3333	1000.0	124999	143.19225	36.62987	143.1921	36.629894	-144.67586	2.6937666	1158.8658776283264
26	1851.6884	293.34424	2032.9982	1213.5068	2049.3218	123.7908	2110.9338	1514.5243	924.6667	986.7	129999	145.41539	36.737103	145.41527	36.73713	-146.82274	2.7613995	1210.167810201645
27	2025.9902	54.45614	2111.0747	1966.5508	2243.1208	16.038048	2274.0767	2215.1526	1000.0	1000.0	134999	147.30676	36.8319	147.3068	36.832603	-148.63208	2.750842	1258.6327509880066
28	1920.1951	281.29944	2085.834	1359.126	2032.055	207.12929	2098.1643	1129.9967	936.2	977.65	139999	149.22784	36.61104	149.22774	36.611385	-150.54514	2.713152	1307.0909385681152
29	2005.8727	114.81251	2081.9458	1778.4408	2116.5608	9.168749	2130.593	2099.2715	974.6	1000.0	144999	150.86618	36.358463	150.86617	36.35845	-152.13866	2.8036878	1359.4218063354492
30	1692.1504	509.29263	2081.8171	943.0211	2101.9004	213.37282	2179.037	1173.7035	825.8333	977.05	149999	152.24922	36.38899	152.24924	36.388313	-153.4619	2.80584	1409.0004467964172
31	1972.2559	128.68149	2101.9146	1726.9349	1929.2797	228.15248	2006.9646	938.2816	973.2	972.4	154999	153.36938	36.570374	153.3693	36.57034	-154.54706	2.7990382	1457.2319033145905
32	2001.4866	22.339842	2042.3365	1981.6913	1972.8933	227.7427	2042.938	981.35333	1000.0	973.4	159999	154.43958	36.587673	154.4396	36.586864	-155.61504	3.0124722	1506.5756931304932
33	1870.2568	217.01051	2021.1271	1389.5862	1930.7162	105.09688	1992.8572	1500.063	934.8333	984.65	164999	155.44212	36.421356	155.44203	36.421444	-156.59172	3.0541394	1559.0498106479645
34	1947.3881	34.973923	1981.7069	1880.9232	1902.2955	15.323554	1929.4576	1873.1698	993.8	1000.0	169999	156.14893	36.494217	156.14867	36.49413	-157.2635	3.0167234	1607.3315443992615
35	1961.0339	34.8659	2002.9941	1917.4272	1852.8835	246.16049	1949.78	843.78955	1000.0	960.65	174999	157.09639	36.387302	157.09637	36.386566	-158.16635	3.1229243	1655.6579241752625
36	1953.7386	30.972227	2012.6797	1928.5306	2070.604	11.696344	2093.9912	2053.3604	1000.0	1000.0	179999	158.10628	36.04773	158.10632	36.046665	-159.15765	3.1048949	1706.964322090149
37	1976.1208	38.72347	2018.3923	1927.6549	2102.6423	10.388811	2122.9163	2078.646	1000.0	1000.0	184999	159.04463	35.90352	159.04454	35.902	-160.09653	2.9262614	1757.6916382312775
38	2007.4197	12.642623	2029.6827	1990.7285	2072.448	11.089297	2090.7441	2053.0376	1000.0	1000.0	189999	160.068	35.579414	160.06787	35.57869	-161.08058	2.9875019	1806.1181874275208
39	1843.0107	334.79507	2057.0955	1179.8909	2155.7837	10.428492	2176.0803	2138.795	913.4	1000.0	194999	161.0677	35.36232	161.06763	35.361557	-162.07208	2.816588	1854.6546642780304
40	1396.3926	642.0691	2056.4792	427.02335	2068.0308	21.277452	2097.5425	2005.2806	694.2857	1000.0	199999	161.77792	35.325207	161.77785	35.324203	-162.73778	2.8862188	1907.5798063278198
41	1570.7842	631.0153	2036.4255	604.685	1876.3984	482.22235	2064.8708	419.74164	783.0	922.5	204999	162.45465	35.25398	162.4544	35.253666	-163.3701	2.8298407	1956.3925168514252
42	1764.1488	527.912	2036.6981	584.3205	1962.7422	172.53676	2067.378	1412.609	885.8333	973.7	209999	162.94983	35.27963	162.94995	35.278847	-163.88942	2.9333699	2004.7434947490692
43	2018.3656	20.049702	2053.6887	1999.4019	2111.1506	20.465042	2140.5938	2060.7473	1000.0	1000.0	214999	163.60786	34.85224	163.60785	34.85084	-164.56218	2.9708085	2054.893209218979
44	1893.4633	203.7478	2010.097	1486.3774	1963.7727	22.409885	2008.8761	1927.0363	945.2	1000.0	219999	164.41264	34.281563	164.41258	34.279007	-165.35394	3.027946	2106.6891644001007
45	2038.1194	10.101062	2054.1016	2025.3738	2040.458	63.463245	2088.6162	1772.5569	1000.0	992.5	224999	165.16866	34.008255	165.16869	34.007156	-166.01302	3.017502	2155.021575689316
46	2052.6184	8.995358	2063.4016	2041.0862	2040.1985	13.719784	2064.086	2014.6625	1000.0	1000.0	229999	165.84612	33.78546	165.84598	33.784737	-166.68982	2.8677778	2203.3316276073456
47	1963.3365	151.21259	2050.2036	1626.9841	2201.484	19.861673	2242.621	2161.5286	970.8333	1000.0	234999	166.58322	33.462868	166.5832	33.46147	-167.46175	2.8196995	2255.3061792850494
48	1667.7219	777.5202	2092.2012	113.38964	1978.6404	357.63904	2108.2463	442.80273	815.8	955.4	239999	167.25533	33.28372	167.25514	33.283733	-168.03587	2.8438203	2305.318659543991
49	1741.7485	607.2153	2061.1863	386.09933	2139.97	9.933293	2161.643	2120.7832	865.8333	1000.0	244999	167.7085	33.554607	167.70866	33.555557	-168.54317	2.8279483	2353.684718608856
50	2080.1436	14.861009	2105.5303	2060.7224	2208.7505	16.159554	2242.452	2170.1045	1000.0	1000.0	249999	168.32298	33.629276	168.32274	33.628105	-169.14107	2.7785635	2402.8330578804016
51	1294.392	889.4246	2107.1555	154.69414	522.5882	432.0568	2053.8457	151.39844	630.1111	270.8	254999	168.91919	33.621265	168.91922	33.62024	-169.74188	2.8353136	2455.6652545928955
52	1208.3252	883.085	2109.3748	151.23999	2140.2065	17.30196	2178.9546	2105.2593	586.125	1000.0	259999	169.3183	33.612823	169.31842	33.61115	-170.1028	2.859655	2503.9552001953125
53	1681.1605	647.0676	2130.8875	383.42984	2143.5571	11.099779	2163.583	2125.0774	804.8333	1000.0	264999	169.58618	33.683403	169.58614	33.682278	-170.34523	2.9630647	2552.4004395008087
54	2087.3713	13.517552	2114.1611	2078.2466	2084.3386	20.422802	2128.5771	2047.2906	1000.0	1000.0	269999	169.78894	33.751095	169.78886	33.749687	-170.4935	3.0992727	2603.360776424408
55	1594.8175	640.3698	2076.2427	302.3136	1838.5898	410.7553	2064.6375	764.09326	774.1429	901.65	274999	170.1581	33.554775	170.15834	33.55293	-170.87921	3.1230528	2654.3304550647736
56	2102.866	49.204903	2152.5427	2013.5629	2146.1533	13.425228	2177.6953	2117.8115	1000.0	1000.0	279999	170.60999	33.38212	170.6099	33.37933	-171.35164	3.1423945	2702.5660638809204
57	2089.4712	32.765686	2149.6675	2049.7017	2123.2642	13.283478	2149.3	2090.8474	1000.0	1000.0	284999	170.96046	33.38583	170.96048	33.383068	-171.66283	2.9974587	2751.072697162628
58	2042.8317	87.34562	2110.336	1872.6135	2177.019	10.772595	2202.9348	2159.0312	981.2	1000.0	289999	171.4322	33.29452	171.43202	33.29349	-172.10182	3.0331302	2803.757698535919
59	2137.6426	42.156067	2204.7888	2084.1519	2226.376	17.75619	2253.3037	2197.5916	1000.0	1000.0	294999	171.93431	32.88381	171.93443	32.88193	-172.67412	2.9413166	2852.9603638648987
60	2147.1675	19.40555	2164.1035	2110.9202	2180.6416	324.21204	2284.172	769.1372	1000.0	969.15	299999	172.49786	32.46921	172.49783	32.467587	-173.20978	2.8384528	2901.2352352142334
61	2171.563	31.344007	2200.1016	2111.938	2203.3494	14.073526	2227.5854	2173.1416	1000.0	1000.0	304999	173.13988	32.10321	173.13988	32.10246	-173.80682	2.7333016	2951.1516330242157
62	2165.7527	35.0916	2220.4978	2120.3438	2257.108	15.292331	2278.5781	2228.3198	1000.0	1000.0	309999	173.52773	32.353542	173.52783	32.35134	-174.20708	2.77723	3003.4316680431366
63	2198.2927	22.110437	2235.8088	2172.7502	2280.062	17.835371	2309.9495	2245.7302	1000.0	1000.0	314999	174.25337	32.0029	174.25348	32.00011	-174.8915	2.63525	3051.7141406536102
64	2220.1226	40.52638	2273.2275	2160.548	2365.254	22.70426	2403.2278	2319.8398	1000.0	1000.0	319999	174.94916	31.80833	174.9491	31.806648	-175.61049	2.5948515	3100.093309879303
65	2278.5786	16.238358	2307.159	2259.1365	2248.5786	11.164361	2271.0479	2229.938	1000.0	1000.0	324999	175.76634	31.582514	175.76656	31.581316	-176.46733	2.4893608	3151.6498925685883
66	2269.97	41.012497	2320.0354	2209.4639	2365.0269	37.511852	2409.6196	2286.328	1000.0	1000.0	329999	176.6145	31.353573	176.61455	31.353611	-177.28285	2.3989835	3201.956871986389
67	2268.5898	33.087994	2310.7566	2219.2935	2289.5955	14.524835	2305.1594	2244.6277	1000.0	1000.0	334999	177.29408	31.438734	177.29391	31.438786	-177.9709	2.4166024	3250.284510612488
68	1932.1729	823.49133	2313.4268	91.00438	2343.5593	13.570588	2367.2651	2323.9177	842.1667	1000.0	339999	178.24054	31.250862	178.24057	31.249434	-178.90587	2.4101415	3299.012400865555
69	1999.3411	671.2185	2364.5237	657.4017	2247.3018	154.36896	2328.683	1586.9462	857.4	985.35	344999	179.1555	31.092693	179.15567	31.092085	-179.84074	2.4418852	3352.111562013626
70	2317.543	27.795675	2347.473	2269.4048	2394.7854	14.349003	2419.1675	2366.2815	1000.0	1000.0	349999	179.98164	30.916748	179.98166	30.915934	-180.628	2.518449	3400.8074202537537
71	1970.7404	692.39954	2400.8054	394.40707	2366.0396	11.804702	2385.0784	2346.4507	839.7143	1000.0	354999	180.6973	30.914234	180.69727	30.913157	-181.3597	2.3252711	3449.093214035034
72	1806.1805	664.74994	2358.9639	475.89478	2266.091	22.43332	2309.024	2219.4387	776.0	1000.0	359999	181.46564	31.078857	181.46567	31.078293	-182.14735	2.7578454	3499.5127210617065
73	2283.9016	101.76668	2368.2798	2090.7146	2354.8599	347.49475	2468.3416	844.5172	984.2	968.1	364999	182.45844	30.57577	182.45847	30.575388	-183.07513	2.7444508	3551.0681178569794
74	2331.4966	29.198566	2365.2996	2285.23	2346.0415	23.576195	2381.5872	2298.366	1000.0	1000.0	369999	183.17407	30.763517	183.17387	30.763212	-183.77582	2.982348	3599.3672292232513
75	2328.9968	18.099716	2360.4392	2308.3345	2329.4758	372.41074	2449.3718	708.38947	1000.0	965.35	374999	183.77858	31.208332	183.7786	31.207056	-184.36412	2.8975515	3647.6714129447937
76	1800.0511	764.5936	2342.4275	482.2858	2382.9146	152.5519	2472.4521	1733.6613	776.8333	986.15	379999	184.54128	31.17712	184.54144	31.176712	-185.17848	2.7017984	3699.902228832245
77	2245.7605	149.64479	2344.4949	1915.2078	1307.0424	782.4336	2277.673	325.21558	972.3333	583.1	384999	185.27768	30.914368	185.27754	30.913988	-185.90926	2.777375	3749.5845279693604
78	2033.5586	610.3309	2363.8042	813.23944	2357.4644	25.300241	2398.2122	2298.0854	870.8	1000.0	389999	185.69586	31.191256	185.69576	31.191591	-186.27644	2.9792485	3797.9467554092407
79	2311.1934	16.321205	2328.2903	2281.9316	2448.6763	16.951294	2478.8262	2413.7515	1000.0	1000.0	394999	186.21101	31.150629	186.21092	31.150606	-186.77783	2.9406087	3847.383338689804
80	2325.308	11.268412	2342.2942	2313.6738	2400.4001	15.36871	2422.7468	2375.3494	1000.0	1000.0	399999	186.51158	31.453709	186.5117	31.453903	-187.10924	2.9173687	3900.004768371582
81	2319.802	24.789328	2362.3455	2287.9849	2270.8247	354.7754	2398.393	726.9526	1000.0	965.8	404999	186.84036	31.448467	186.84016	31.448303	-187.4378	3.0670824	3948.4129045009613
82	2328.3228	20.855713	2362.2944	2297.6956	2358.7434	19.580542	2409.391	2324.9517	1000.0	1000.0	409999	187.18	31.292854	187.17989	31.293167	-187.74074	3.0091105	3996.817056655884
83	2321.0269	30.374828	2351.1113	2264.2852	2264.2485	12.893355	2280.3223	2239.1921	1000.0	1000.0	414999	187.48576	31.280617	187.48563	31.28027	-188.06848	3.1908095	4047.90283870697
84	1857.8745	804.07635	2348.8765	144.1501	2179.0303	15.852039	2218.5598	2162.0989	799.0	1000.0	419999	187.80505	31.280422	187.80495	31.279736	-188.3088	2.921468	4098.748893737793
85	2253.7678	65.40931	2320.7578	2141.1624	2340.4363	18.242899	2372.7651	2302.8647	987.8	1000.0	424999	188.17012	31.357502	188.17026	31.356335	-188.75835	3.2749546	4146.924946546555
86	2298.484	43.989708	2339.0793	2219.6353	1999.9974	566.76733	2356.6545	149.4141	1000.0	892.8	429999	188.54802	31.251755	188.54813	31.250452	-189.0859	3.2330694	4195.480991601944
87	2337.7844	21.114807	2376.5745	2316.5593	2390.9038	20.028696	2424.302	2344.1665	1000.0	1000.0	434999	189.04915	31.033669	189.04912	31.032877	-189.63686	2.978174	4248.503018856049
88	1989.5449	750.4334	2378.6162	314.31525	2428.0142	23.42966	2460.8276	2370.1052	859.1667	1000.0	439999	189.5165	30.745464	189.51642	30.746382	-189.99939	3.3049765	4297.532425165176
89	2064.12	592.3763	2373.0027	741.77704	2404.3508	21.112316	2443.4465	2356.5857	890.3333	1000.0	444999	189.78822	30.944159	189.78828	30.94311	-190.30492	3.0822575	4345.798591852188
90	2357.1787	31.97502	2404.939	2311.9885	2333.546	17.393223	2374.9243	2292.733	1000.0	1000.0	449999	190.13077	30.794964	190.13089	30.794096	-190.65518	3.0731728	4396.016537189484
91	2082.3767	511.74863	2443.1926	966.66626	2321.8616	468.24527	2502.0242	744.88184	883.0	938.15	454999	190.3402	30.96762	190.34015	30.967112	-190.86182	3.1564453	4447.83398771286
92	2364.363	25.123503	2400.3904	2325.9438	2415.9893	16.236816	2447.5078	2384.5154	1000.0	1000.0	459999	190.71779	30.852896	190.71759	30.853565	-191.25017	3.4214113	4496.175306081772
93	2350.5312	51.535164	2389.8257	2250.1147	2363.108	27.003605	2403.6475	2305.5742	1000.0	1000.0	464999	191.13133	30.684265	191.13127	30.6841	-191.64868	3.1547785	4544.515312671661
94	1982.4763	538.31726	2393.83	1008.7618	2374.3853	25.425352	2421.8914	2317.219	850.6	1000.0	469999	191.52243	30.694721	191.52258	30.693201	-192.02121	3.4199703	4596.387880086899
95	2368.983	20.876595	2399.859	2337.7114	2401.4292	321.42947	2505.2083	1001.59686	1000.0	970.95	474999	191.94109	30.527699	191.94106	30.527594	-192.50165	3.1003375	4646.357838869095
96	2385.8071	12.575214	2398.4656	2365.7568	2427.3416	23.783363	2463.703	2373.803	1000.0	1000.0	479999	192.1742	30.527218	192.17432	30.526163	-192.7052	3.1522813	4694.61243891716
97	1910.6896	768.07025	2396.346	349.46478	2443.5884	24.108816	2484.1453	2411.1987	806.4286	1000.0	484999	192.52098	30.489862	192.52087	30.489176	-192.99268	3.4068766	4743.6073977947235
98	2060.9033	616.9647	2395.803	827.56195	2197.1836	368.73352	2391.706	871.0865	871.2	948.6	489999	192.78406	30.582523	192.78426	30.582104	-193.29633	3.2201042	4796.3536014556885
99	2391.306	24.819248	2416.0623	2345.2434	2385.8462	17.890013	2420.942	2358.9792	1000.0	1000.0	494999	193.0482	30.641691	193.04828	30.640316	-193.53383	3.0668097	4844.591317176819
100	2188.6833	468.1348	2426.665	1143.3495	2444.436	17.285864	2483.3728	2416.7178	914.8333	1000.0	499999	193.31018	30.679466	193.31001	30.680298	-193.77322	3.3342443	4892.917815446854
101	2380.3657	14.11201	2408.2224	2370.634	2457.828	22.264713	2491.8337	2394.7524	1000.0	1000.0	504999	193.6643	30.639093	193.66429	30.637909	-194.18211	3.2958245	4943.7913274765015
102	2396.4214	32.134357	2437.9753	2346.967	2434.841	17.78053	2475.08	2402.6125	1000.0	1000.0	509999	194.09856	30.493097	194.09862	30.492796	-194.59987	3.0406883	4994.5468509197235
103	2383.7898	27.8454	2426.1106	2352.8455	2464.823	10.2218275	2487.7007	2445.2498	1000.0	1000.0	514999	194.53412	30.340122	194.53403	30.339642	-195.03467	3.2333405	5042.779800415039
104	2370.5347	37.367683	2405.3386	2317.86	2360.111	19.314674	2396.7344	2323.2222	1000.0	1000.0	519999	195.10243	30.27993	195.10283	30.278547	-195.56274	3.1220396	5091.058162689209
105	2366.8018	15.1577835	2392.9426	2349.9395	2546.5933	14.537486	2578.4724	2519.6062	1000.0	1000.0	524999	195.49812	30.246613	195.49803	30.245523	-196.03925	3.266672	5143.923389196396
106	2403.606	17.83935	2435.1633	2382.2244	2470.267	17.008324	2502.4265	2439.105	1000.0	1000.0	529999	195.89014	30.014647	195.89024	30.01383	-196.35664	3.0827827	5193.004661798477
107	2408.7104	10.1831875	2424.3628	2396.2615	2387.6274	16.253233	2411.3635	2351.4275	1000.0	1000.0	534999	196.31424	29.900503	196.31412	29.900356	-196.77707	2.970651	5241.329471826553
108	2394.618	13.372016	2415.6843	2377.3633	2379.461	13.6324005	2404.1055	2356.2163	1000.0	1000.0	539999	196.73012	29.973982	196.73006	29.974363	-197.21594	2.8610039	5291.28617310524
109	2403.1277	17.402342	2421.7324	2375.8022	2418.1157	17.85111	2463.5703	2387.0847	1000.0	1000.0	544999	197.2613	29.873528	197.26135	29.872856	-197.7306	3.0641382	5343.001989364624
110	2157.4934	541.6264	2436.3079	951.8153	2466.1294	13.898561	2494.0852	2435.243	890.6667	1000.0	549999	197.67186	29.882828	197.6719	29.881666	-198.11096	3.1000445	5391.2068865299225
111	2392.5874	11.859109	2412.992	2375.8154	2424.5847	20.26324	2473.826	2384.8298	1000.0	1000.0	554999	198.04091	29.994143	198.04105	29.993582	-198.46991	3.1599667	5439.540244817734
112	2399.5718	21.930616	2421.7817	2366.9128	2470.8743	174.82521	2549.5315	1712.4585	1000.0	984.7	559999	198.49478	29.843895	198.49513	29.841911	-199.01906	2.878103	5491.749076366425
113	2413.5957	19.536179	2437.7473	2385.292	2503.963	16.924974	2528.4631	2458.2515	1000.0	1000.0	564999	198.87328	29.722233	198.87326	29.722313	-199.31453	3.1212757	5541.4708342552185
114	2229.2356	318.30106	2440.9229	1596.8574	2470.4924	16.625553	2498.1458	2432.9668	934.0	1000.0	569999	199.18643	29.796474	199.18648	29.796385	-199.6366	2.976589	5589.8742253780365
115	2395.2505	18.309687	2419.1775	2363.8164	2244.2925	365.62982	2400.626	656.3976	1000.0	964.55	574999	199.57846	29.526918	199.57852	29.526468	-199.99985	2.9122894	5639.137974023819
116	2106.8267	553.9164	2405.426	999.3145	2390.2544	26.79642	2437.5105	2324.0205	887.8	1000.0	579999	199.9385	29.395838	199.93863	29.392534	-200.3942	3.096037	5691.592977523804
117	2387.2935	21.31933	2420.5645	2355.862	2519.5903	10.538897	2534.9863	2490.8816	1000.0	1000.0	584999	200.19385	29.45169	200.19398	29.450878	-200.67462	3.1970472	5739.9020874500275
118	2383.5786	37.734734	2423.1074	2327.4019	2403.2192	20.929071	2437.6711	2362.523	1000.0	1000.0	589999	200.64949	29.23236	200.64969	29.23053	-201.08492	3.2729497	5788.150683879852
119	2237.097	325.14868	2417.073	1513.4037	2380.0715	292.2074	2466.8782	1108.2501	942.0	973.55	594999	200.92848	29.293428	200.92848	29.29285	-201.39438	3.149911	5839.346119403839
120	2420.1882	23.85748	2458.575	2392.9214	2432.3953	12.377679	2454.1216	2403.0068	1000.0	1000.0	599999	201.23842	29.281803	201.23863	29.279114	-201.73132	2.898384	5889.9764704704285
121	2381.2449	28.196772	2420.8474	2336.0369	2279.6492	492.4453	2418.9053	134.13338	1000.0	953.2	604999	201.60582	29.200178	201.60588	29.199692	-202.02193	3.008631	5938.439121961594
122	2368.2415	31.826904	2430.7192	2343.1082	2413.0222	15.18165	2442.934	2382.951	1000.0	1000.0	609999	201.71921	29.486454	201.7192	29.48609	-202.18124	2.997449	5986.884166002274
123	2065.413	715.8164	2412.0576	465.12448	2383.4275	11.148321	2409.1602	2356.8916	868.5	1000.0	614999	201.85905	29.450346	201.85925	29.448956	-202.25368	2.9468837	6039.848244190216
124	2365.6157	16.85485	2394.1497	2349.4336	2410.9717	15.676179	2438.646	2383.7007	1000.0	1000.0	619999	201.95473	29.402916	201.95468	29.40238	-202.4186	3.0342326	6088.724491596222
125	2319.1345	14.067269	2332.8862	2294.0842	2264.1033	359.84085	2401.6113	697.93085	1000.0	965.05	624999	202.02267	29.37092	202.02264	29.370314	-202.47722	2.9085844	6136.95054268837
126	2351.9802	22.584583	2377.1907	2310.8818	2390.341	14.963379	2419.4365	2357.152	1000.0	1000.0	629999	202.07915	29.331404	202.07928	29.330627	-202.50638	3.2839231	6187.3064024448395
127	2343.644	23.161903	2369.3765	2302.709	2481.6333	18.104784	2519.4705	2440.2231	1000.0	1000.0	634999	202.21365	29.306599	202.2135	29.306227	-202.64601	3.104876	6239.008321285248
128	2352.3345	23.586697	2378.7634	2321.079	2421.3545	20.376453	2457.334	2376.1687	1000.0	1000.0	639999	202.37791	29.13255	202.37779	29.132719	-202.76276	2.873189	6287.407737016678
129	1997.7507	632.73914	2433.3677	738.47327	2237.7656	372.04437	2405.705	623.47864	867.2	964.3	644999	202.53458	29.156006	202.53479	29.15378	-202.9667	3.1222758	6335.752651929855
130	2275.9458	20.78458	2311.3845	2250.7747	2328.8206	30.034431	2390.5088	2294.6802	1000.0	1000.0	649999	202.61404	29.123245	202.61406	29.122593	-203.0521	3.298242	6387.7123234272
131	2327.7986	14.681915	2350.4968	2305.0032	2184.9001	212.17973	2277.441	1266.1473	1000.0	978.35	654999	202.76414	28.905817	202.76419	28.904877	-203.19878	3.0221758	6437.574187755585
132	2303.5098	26.498323	2349.4292	2275.5078	2093.9973	443.03812	2304.4775	614.3514	1000.0	919.75	659999	202.83531	28.718227	202.83537	28.718538	-203.21684	2.9934602	6485.879902839661
133	2301.673	32.74817	2344.7598	2246.8442	2285.1995	25.920578	2331.9966	2241.2234	1000.0	1000.0	664999	202.98544	28.642607	202.98544	28.64131	-203.43796	3.3481624	6535.099721908569
134	2276.4194	68.87414	2355.0903	2151.5708	2098.1604	624.9712	2415.0466	362.2374	985.0	891.75	669999	203.1343	28.580515	203.13402	28.580814	-203.56151	3.2182202	6587.871101140976
135	2293.2407	32.865894	2353.8274	2263.4639	2116.9524	717.27014	2445.6228	315.47263	1000.0	879.65	674999	203.27013	28.50375	203.2703	28.50187	-203.67099	3.288775	6636.215007066727
136	2306.0278	19.45574	2319.1555	2267.4668	2296.642	22.111374	2350.4524	2240.889	1000.0	1000.0	679999	203.35501	28.464	203.35492	28.463428	-203.7651	3.1985214	6684.473566770554
137	2321.5317	25.004831	2359.698	2284.4119	2394.7566	19.231527	2433.7856	2353.0776	1000.0	1000.0	684999	203.40582	28.519999	203.4057	28.520786	-203.796	3.0857122	6735.430700063705
138	2314.8503	35.335217	2370.507	2260.0256	2365.2842	26.37205	2397.9468	2296.842	1000.0	1000.0	689999	203.55673	28.40935	203.55673	28.408058	-203.96585	3.2461991	6786.33012676239
139	2243.0762	157.82681	2389.1606	1941.0366	2358.7798	21.561146	2399.1108	2319.5085	968.2	1000.0	694999	203.78859	28.074827	203.78879	28.073488	-204.2269	2.9791586	6834.593985557556
140	2311.7468	15.540145	2341.3655	2297.3472	2171.6138	262.3248	2273.0435	1051.3594	1000.0	967.95	699999	203.86748	28.186089	203.86752	28.184092	-204.23766	3.1021626	6883.014135122299
141	1907.8416	668.6778	2354.8694	484.02362	2307.2092	110.08655	2387.586	1848.0371	829.5714	990.4	704999	203.86496	28.095455	203.86505	28.095339	-204.2474	3.26565	6935.839666604996
142	2064.0027	524.3191	2359.2593	1016.1488	1896.0176	517.7766	2249.6875	467.4382	889.0	871.15	709999	203.94824	28.018044	203.94832	28.01723	-204.35547	3.091926	6984.886396884918
143	2007.924	726.23676	2371.0098	385.51932	2295.5737	28.606096	2342.0737	2239.6208	863.3333	1000.0	714999	203.99654	27.994055	203.99646	27.993504	-204.35799	3.0550535	7033.148040056229
144	2321.1367	21.431574	2343.788	2283.579	2379.1997	17.675932	2399.2268	2334.7073	1000.0	1000.0	719999	203.9606	27.956774	203.96066	27.955534	-204.29648	2.986227	7083.225069999695
145	1839.5381	681.7004	2364.258	781.3968	2344.1343	27.155792	2377.3394	2284.8413	798.5	1000.0	724999	203.95601	27.81357	203.95616	27.814499	-204.34035	3.2419028	7135.121253728867
146	2102.95	489.13577	2395.645	1016.1037	2219.6958	328.54236	2378.685	1181.0375	911.6667	953.75	729999	203.94992	27.92799	203.94995	27.928078	-204.3159	3.3098364	7183.46350479126
147	2326.0913	23.310406	2361.639	2299.741	2156.86	313.66446	2286.1711	836.0947	1000.0	961.45	734999	204.09291	27.63092	204.09286	27.632252	-204.47443	3.1942673	7231.868509531021
148	2328.2007	35.58881	2378.6875	2278.96	2275.2524	433.8123	2427.55	390.92633	1000.0	956.35	739999	204.14291	27.579805	204.143	27.580225	-204.52313	3.017165	7283.564435958862
149	2349.63	31.832012	2398.0212	2312.2822	2376.392	29.06557	2422.7322	2319.8782	1000.0	1000.0	744999	204.14746	27.586905	204.14735	27.58702	-204.50122	2.9736648	7333.591166257858
150	2343.2102	26.364397	2371.6335	2293.8376	2437.6162	14.503576	2464.9282	2409.901	1000.0	1000.0	749999	204.16011	27.674967	204.16037	27.674671	-204.49956	2.9911275	7381.82009100914
151	2335.5686	21.912024	2367.9194	2308.699	2375.243	19.917124	2416.2712	2334.5356	1000.0	1000.0	754999	204.3137	27.37936	204.31369	27.378836	-204.65721	2.9820883	7430.92561340332
152	2312.5835	17.722816	2332.9214	2279.9614	2293.1414	15.364141	2326.553	2262.035	1000.0	1000.0	759999	204.49663	27.331999	204.49667	27.332752	-204.85907	2.9527357	7483.8986620903015
153	2318.1333	14.332445	2340.7195	2302.2798	2478.5352	15.37447	2500.993	2435.341	1000.0	1000.0	764999	204.65439	27.211245	204.65445	27.209557	-205.03645	3.0529108	7532.293623685837
154	2340.276	25.099134	2374.2593	2296.924	2417.2358	18.549068	2458.0999	2369.0796	1000.0	1000.0	769999	204.62032	27.443638	204.62033	27.442629	-204.98135	2.8713942	7580.637456178665
155	2350.2974	13.196156	2374.082	2334.0518	2404.1494	62.083187	2457.6348	2149.1213	1000.0	994.35	774999	204.7414	27.214155	204.7415	27.213459	-205.13208	2.990729	7631.355185508728
156	2340.018	34.435837	2372.838	2278.6917	2260.516	20.90381	2306.899	2213.089	1000.0	1000.0	779999	204.9429	27.034096	204.94295	27.033373	-205.285	3.2586687	7682.597422838211
157	2341.104	26.474691	2363.8948	2290.603	2278.9712	22.555166	2332.7153	2241.0596	1000.0	1000.0	784999	205.07535	26.990486	205.07547	26.989893	-205.4143	3.0115893	7730.877831697464
158	2358.245	11.547363	2379.2488	2346.1636	2362.951	11.304057	2382.8503	2341.425	1000.0	1000.0	789999	205.25725	26.938032	205.25722	26.938274	-205.62088	2.8345096	7779.2831201553345
159	2326.86	34.588943	2354.3787	2261.8008	2288.4128	27.48907	2338.0571	2227.1013	994.4	1000.0	794999	205.43947	26.848148	205.4396	26.847643	-205.79205	3.1067014	7831.664423465729
160	2370.9019	25.013948	2417.6296	2342.7083	2362.1091	25.141613	2399.9692	2308.923	1000.0	1000.0	799999	205.67819	26.634449	205.67802	26.635265	-206.01614	2.9928567	7881.15318274498
161	2040.7402	671.83154	2402.1807	697.3537	2167.254	532.85376	2397.394	424.15814	861.0	925.35	804999	205.80759	26.693537	205.80763	26.694319	-206.1783	2.7880566	7929.39612030983
162	2336.8716	17.480494	2356.668	2306.0793	2411.5063	18.887676	2442.1357	2364.6174	1000.0	1000.0	809999	206.00006	26.681904	205.99994	26.68242	-206.35132	2.8131676	7979.049345731735
163	2342.063	18.894447	2371.704	2316.0295	2404.8215	42.959377	2460.0837	2273.4287	1000.0	998.6	814999	206.1269	26.629423	206.1268	26.629446	-206.45784	2.8639278	8031.4064865112305
164	2378.0571	26.305553	2419.9382	2342.2483	2356.908	349.65137	2469.423	834.21344	1000.0	967.25	819999	206.16928	26.712801	206.16928	26.713205	-206.48656	3.1540704	8079.682173728943
165	2374.2046	27.129347	2425.24	2346.3772	2464.2317	24.079905	2513.3953	2391.7114	1000.0	1000.0	824999	206.29013	26.45551	206.29007	26.4552	-206.60417	3.1485758	8128.069459915161
166	2352.7595	13.069342	2369.3838	2338.8916	2351.9204	33.632294	2404.0173	2248.111	1000.0	1000.0	829999	206.4427	26.303596	206.4426	26.303587	-206.8177	2.9123344	8179.451553821564
167	2363.4897	36.520683	2402.7085	2300.1775	2327.9487	354.2749	2460.101	787.24603	1000.0	967.35	834999	206.5109	26.268152	206.51103	26.267548	-206.80957	2.8886988	8229.950781345367
168	2344.6445	24.703577	2374.5269	2303.4866	2378.2512	30.805704	2427.4932	2316.0227	1000.0	1000.0	839999	206.64597	26.092218	206.64604	26.09233	-207.01888	2.7104487	8278.244954586029
169	2364.3215	16.617682	2377.9917	2332.3254	2378.891	21.337006	2430.3691	2346.591	1000.0	1000.0	844999	206.79675	26.226084	206.79674	26.225367	-207.1392	2.8056943	8326.728522062302
170	2369.2012	17.264046	2383.7866	2338.7554	2417.0054	32.641335	2473.7505	2303.0127	1000.0	998.2	849999	206.99731	25.950258	206.99731	25.948807	-207.325	2.836039	8379.705805778503
171	2372.5024	22.321236	2401.244	2343.8232	2398.625	50.480587	2450.159	2195.9998	1000.0	995.9	854999	207.09167	26.026003	207.09169	26.02683	-207.4033	2.8781981	8428.3039124012
172	2371.4583	27.833275	2401.7927	2324.3843	2433.579	17.946615	2466.6545	2399.393	1000.0	1000.0	859999	207.30473	25.724312	207.30486	25.724264	-207.6258	2.7025595	8476.581248998642
173	2346.882	12.065249	2364.8735	2331.211	2199.4211	378.0242	2332.8628	554.39923	1000.0	962.6	864999	207.38326	25.825653	207.38313	25.826525	-207.71402	2.828251	8526.979110479355
174	2344.3872	11.358776	2360.7021	2330.362	2410.1501	16.75714	2443.6123	2363.6729	1000.0	1000.0	869999	207.42372	25.97637	207.42389	25.974833	-207.74915	3.0763006	8578.450108289719
175	2361.191	23.813334	2393.8657	2328.2715	2413.981	17.419806	2435.7827	2364.4868	1000.0	1000.0	874999	207.49326	25.971933	207.4933	25.97103	-207.8382	2.6120973	8626.707979917526
176	2140.2527	501.26398	2393.6594	1020.593	2186.907	364.11005	2328.6924	605.7546	908.8333	965.05	879999	207.69672	25.660833	207.6968	25.661507	-208.0166	2.892059	8675.096826076508
177	2375.831	40.204235	2453.1816	2337.5767	2242.8333	576.2453	2477.0798	133.38734	1000.0	924.9	884999	207.76964	25.800207	207.76945	25.800524	-208.10939	2.675572	8727.30803847313
178	2372.0881	16.130346	2392.8694	2348.7715	1482.4816	725.96704	2219.7158	427.72455	1000.0	677.7	889999	207.917	25.580755	207.91698	25.58074	-208.22685	2.7989743	8776.829308271408
179	2348.3645	23.314226	2381.2925	2312.2617	2348.3877	237.27728	2444.8098	1320.0559	1000.0	977.7	894999	207.99786	25.565784	207.9981	25.566296	-208.29257	2.7183032	8825.124353170395
180	2182.8337	426.157	2392.5435	1230.3157	2430.81	13.469984	2457.0566	2407.2935	920.1667	1000.0	899999	208.01216	25.556103	208.01195	25.55657	-208.3208	2.7211287	8874.585664510727
181	2372.6887	16.505579	2405.496	2361.7214	2338.3774	200.11534	2436.7886	1472.1392	1000.0	981.2	904999	208.12843	25.52927	208.12854	25.528408	-208.40135	2.7252269	8926.935505151749
182	1922.906	897.43066	2388.6475	128.22517	2329.6758	28.525908	2378.788	2267.2441	812.6	1000.0	909999	208.32802	25.349802	208.32822	25.348839	-208.65338	2.5994112	8975.101068019867
183	2371.6519	18.124996	2402.4368	2351.8254	2333.2935	30.86152	2366.3528	2220.9998	1000.0	997.9	914999	208.36093	25.547346	208.36095	25.546734	-208.68852	2.697169	9023.571337223053
184	2353.4275	12.386551	2369.6765	2337.5508	2413.359	24.531567	2453.565	2366.1604	1000.0	1000.0	919999	208.47038	25.31627	208.47047	25.315962	-208.75298	2.439398	9074.853552103043
185	2353.4946	30.344435	2405.874	2313.659	2346.6655	25.830763	2385.3743	2296.9585	1000.0	1000.0	924999	208.5662	25.238037	208.56633	25.236443	-208.86328	2.6417155	9125.333033561707
186	2342.8916	24.940792	2371.859	2301.6304	2397.187	13.145224	2418.2998	2355.1682	1000.0	1000.0	929999	208.6699	25.216526	208.66989	25.216291	-208.94897	2.6550796	9173.59037399292
187	2350.9165	36.99654	2412.4707	2302.8838	2365.6226	228.4019	2450.5898	1373.6371	1000.0	978.45	934999	208.86186	25.185764	208.86185	25.185778	-209.15146	2.5925515	9222.059840679169
188	1991.0851	814.99005	2378.7332	169.24428	2302.6284	93.07324	2362.481	1905.6427	847.0	990.65	939999	208.86679	25.258549	208.8668	25.258823	-209.1789	2.6940672	9275.118404865265
189	2139.3132	433.8502	2390.575	1174.0425	2362.4917	13.261271	2386.8875	2339.386	922.1667	1000.0	944999	208.9018	25.078074	208.9018	25.079166	-209.18578	2.8037667	9323.763701438904
190	2370.0054	15.192597	2389.6091	2346.619	2343.3347	24.245043	2370.1907	2287.421	1000.0	1000.0	949999	208.96555	24.902924	208.96548	24.901178	-209.27545	2.639015	9372.019223451614
191	2266.394	137.79756	2360.048	1994.7968	2394.54	23.545322	2422.3196	2319.6697	974.6	1000.0	954999	208.874	25.016489	208.87386	25.016438	-209.14757	2.3321276	9422.262557268143
192	2338.6392	13.708145	2364.1963	2325.0781	2384.9731	17.023958	2424.1892	2350.4998	1000.0	1000.0	959999	208.82906	25.016148	208.82906	25.017387	-209.12727	2.9706028	9473.823547840118
193	2231.7468	187.4195	2355.6528	1859.434	2134.7063	601.41754	2411.5962	568.0045	957.6	897.55	964999	208.78447	25.062794	208.78441	25.063616	-209.06496	2.8504283	9522.039241075516
194	2241.7917	205.01888	2365.157	1833.4048	2439.6433	21.951115	2469.9438	2391.6838	959.8	1000.0	969999	208.84131	24.97849	208.84145	24.977654	-209.14401	2.6569917	9570.378478050232
195	2140.0176	486.28928	2375.4072	1053.0542	2375.8032	14.58367	2394.792	2339.0098	909.1667	1000.0	974999	208.84904	24.896767	208.84918	24.898117	-209.14658	2.818906	9622.461912155151
196	2105.843	582.303	2385.5193	804.1695	2428.7126	22.735296	2481.0586	2378.948	892.0	1000.0	979999	208.83514	24.959202	208.83516	24.95937	-209.15738	2.9312003	9672.292357683182
197	2319.769	40.73697	2391.2854	2267.8875	2314.5112	33.143566	2367.9304	2203.757	1000.0	998.55	984999	208.83928	24.861282	208.83923	24.860462	-209.13336	3.037484	9720.517773151398
198	2012.6029	449.7725	2365.1174	1236.4059	2339.4321	17.575197	2375.4194	2307.946	853.8	1000.0	989999	208.76299	24.835924	208.76291	24.83707	-209.0445	3.4369476	9769.745385885239
199	2340.2754	10.475528	2355.6753	2322.9211	2477.7954	18.970675	2509.1697	2441.4758	1000.0	1000.0	994999	208.7951	24.76294	208.79506	24.76302	-209.08423	2.8796954	9822.334548473358
200	2380.8157	11.691058	2390.9214	2362.0203	2310.1304	171.14969	2418.6294	1597.7043	1000.0	979.55	999999	208.63579	24.79348	208.63597	24.791418	-208.9193	3.0235894	9870.571777582169
