Epoch	AverageEpRet	StdEpRet	MaxEpRet	MinEpRet	AverageTestEpRet	StdTestEpRet	MaxTestEpRet	MinTestEpRet	EpLen	TestEpLen	TotalEnvInteracts	AverageQ1Vals	StdQ1Vals	AverageQ2Vals	StdQ2Vals	LogPi	LossPi	LossQ	Alpha	LossAlpha	Time
1	18.890228	16.613707	120.532555	3.3484907	14.320554	0.8621479	15.337339	13.312055	22.72146	12.45	4999	16.911346	13.920698	16.9117	13.911538	1.8673594	-19.29419	2.8125951	0.15707767	0.19940634	39.538490772247314
2	18.050774	20.231543	221.66866	3.836714	92.64284	0.70491976	93.67391	91.38544	21.908297	67.7	9999	118.37609	66.06607	118.37606	66.00654	3.6003215	-132.59357	61.446064	0.33177996	-0.18820795	83.58936810493469
3	102.412155	121.58214	480.95538	2.170508	6.6654806	0.25762776	7.1429095	6.2305465	74.64179	36.55	14999	302.309	84.30684	302.30774	84.18118	2.7127538	-321.02377	286.7737	0.4934912	0.11846836	130.5693964958191
4	154.75142	188.52373	1043.3868	7.4966373	260.69247	1.3608073	262.5429	257.59946	104.93617	128.5	19999	315.067	86.109695	315.0697	86.03273	3.0523567	-328.0282	257.6509	0.36533907	-0.018142195	177.92836499214172
5	247.48164	40.65694	320.98926	98.50772	322.86337	9.2619915	338.22937	305.04495	126.675	180.8	24999	316.53162	95.80233	316.5363	95.73716	2.9508243	-327.40063	192.8015	0.32141104	0.016781166	225.59331917762756
6	472.20514	227.24995	993.1251	312.16602	992.0599	0.53364223	992.96423	991.1938	336.23077	1000.0	29999	300.9951	96.16671	300.99814	96.1047	2.9600048	-309.67126	141.87027	0.27125502	0.01122783	277.4302315711975
7	940.95966	115.53633	1046.8807	690.01196	1175.1155	177.82185	1476.5879	890.9478	887.1667	937.3	34999	283.13974	84.74407	283.14014	84.67795	2.9450533	-289.8216	95.397	0.21320406	0.012052816	328.67658138275146
8	548.6357	370.42825	1320.4707	149.9073	346.2671	6.465883	360.59625	334.89334	368.0	190.55	39999	263.70114	73.50723	263.7025	73.439026	2.9646196	-269.1489	69.498184	0.18372045	0.006128958	376.4732291698456
9	434.8427	170.52852	958.70013	292.83383	445.73126	36.01237	480.3435	378.36224	284.27777	242.95	44999	242.43465	69.71324	242.43515	69.64279	2.979711	-246.93558	55.474533	0.14566208	0.0030259052	424.6482458114624
10	446.9156	176.51628	1005.4826	232.41078	992.1053	121.16457	1021.65485	464.0144	300.42856	965.0	49999	224.49463	66.839615	224.49367	66.777534	2.968512	-228.27527	43.0749	0.12561353	0.0040140073	476.675080537796
11	950.52985	125.82677	1049.1442	711.5591	1043.8645	0.5587287	1044.72	1042.711	886.0	1000.0	54999	211.07297	61.344654	211.07275	61.29363	2.9961216	-214.42885	33.97208	0.11678937	0.00045308284	528.804149389267
12	530.73193	192.49928	1122.5243	373.50455	605.8417	166.86696	950.4936	441.35684	317.2353	340.4	59999	200.41368	55.632282	200.41429	55.584625	2.9627995	-203.35095	26.59225	0.102662034	0.003759766	578.13126039505
13	449.9371	136.40276	669.3058	288.33585	541.40393	361.79553	1426.2332	334.5515	255.88235	356.6	64999	189.76889	51.97283	189.77025	51.950516	2.9815207	-192.27463	24.138351	0.08258483	0.0015786702	629.8340091705322
14	707.6557	319.2637	1244.509	169.0345	1022.62335	0.75179464	1024.2184	1021.2418	491.18182	1000.0	69999	181.02245	47.186535	181.02426	47.155388	2.9735558	-183.27095	21.04845	0.07071346	0.0019587844	682.2513494491577
15	512.2181	181.22867	931.54095	311.53888	433.66006	90.5406	562.4688	362.7452	264.35	190.05	74999	174.94263	43.203506	174.94363	43.17665	3.000872	-176.97911	17.839113	0.067796305	-5.162227e-05	729.8542804718018
16	348.43192	95.61992	543.52826	126.57455	431.1087	106.920685	683.6725	234.83658	154.96875	195.4	79999	169.52686	44.102116	169.52853	44.072845	2.9969175	-171.4114	16.159153	0.064337365	0.00021427011	777.655298948288
17	385.71814	228.98228	984.3911	110.75457	494.99765	464.34796	1373.0757	119.59764	212.83333	368.45	84999	164.42337	43.899952	164.42484	43.881943	3.020664	-166.17285	16.019968	0.07352942	-0.0014708855	828.8213043212891
18	391.6158	177.77429	1173.3514	276.60147	332.91315	73.71815	465.73303	265.32346	215.21739	161.25	89999	162.11568	42.41091	162.11632	42.39908	2.9872687	-163.75087	15.337719	0.07485482	0.0009486369	876.1576397418976
19	393.06943	98.96689	589.8685	245.48051	493.76147	12.805895	521.8871	473.97885	194.8	231.4	94999	159.6126	42.985493	159.61282	42.978233	2.9485188	-161.12997	13.970247	0.060537495	0.0031065305	923.6415212154388
20	427.63986	92.03598	596.2229	257.2721	370.5227	24.058292	457.5136	350.99136	184.64285	152.35	99999	156.32465	42.70121	156.32443	42.68639	3.0078692	-157.69858	13.650209	0.05103367	-0.00040733223	970.9235763549805
21	516.0125	203.21156	972.757	257.41058	1703.6588	378.49054	2136.0322	1101.1016	231.71428	803.0	104999	154.4855	42.55431	154.48584	42.540287	2.9940598	-155.80333	13.351645	0.052484352	0.00031843415	1021.8009715080261
22	1403.5791	672.32776	2266.7393	440.91516	1631.2252	623.5222	2185.169	434.0471	636.5714	746.75	109999	154.1224	41.775932	154.1224	41.76026	3.0119977	-155.40839	12.655572	0.05473926	-0.0006407155	1072.6252224445343
23	1929.0859	674.04565	2385.1448	432.17657	1699.0867	421.6503	2150.0908	844.19476	869.0	823.55	114999	156.6275	40.987938	156.62779	40.967316	2.9972024	-157.91194	12.597657	0.057179637	0.00016096813	1123.3862977027893
24	1846.0105	295.4648	2051.673	1262.4379	2073.2185	9.435982	2083.726	2057.4373	924.0	1000.0	119999	160.20955	40.276924	160.20866	40.257668	2.9898908	-161.51834	12.027994	0.053223	0.0005428067	1174.2293410301208
25	2102.3477	50.497303	2160.9546	2023.54	1738.1111	535.699	2380.2617	863.94226	1000.0	731.45	124999	163.69846	39.699074	163.69765	39.680367	2.993273	-164.92464	11.516364	0.049491033	0.00034261218	1224.9949634075165
26	1198.8273	605.5821	2192.6602	408.97968	890.09875	314.98608	2250.4932	776.2813	482.45456	358.55	129999	166.22375	39.99489	166.22362	39.97483	3.0028057	-167.41376	11.700384	0.04789306	-0.00013418372	1275.8285641670227
27	1395.4146	686.8483	2366.9397	256.2553	2081.269	517.991	2396.5344	993.4855	594.6667	875.45	134999	168.99239	40.433342	168.99112	40.409317	3.005929	-170.17258	11.189626	0.050700344	-0.00029969506	1326.6207780838013
28	1169.1415	407.4633	1827.2325	578.5071	613.68066	44.81142	694.9903	553.5873	466.45456	251.15	139999	172.28908	41.096226	172.28833	41.072624	2.9986522	-173.4756	11.047068	0.051369738	7.491292e-05	1374.4468042850494
29	1132.3851	708.08124	2452.0256	469.7921	1370.0072	697.61896	2501.7698	628.53595	453.45456	548.3	144999	174.87096	42.085396	174.87033	42.065372	2.9956546	-176.02016	10.683102	0.05076752	0.00022689934	1425.5223932266235
30	1230.6903	775.5238	2448.5122	455.13907	1578.0002	594.75287	2447.929	621.77686	504.8889	653.75	149999	177.37653	42.79386	177.37599	42.771786	2.9949782	-178.4951	11.142267	0.049713068	0.00025164298	1476.8099534511566
31	1909.6671	488.90625	2377.3318	953.3832	1910.949	465.62177	2171.9475	671.1183	811.5	912.75	154999	179.65016	43.341496	179.64941	43.31759	3.005311	-180.73718	10.997511	0.04783831	-0.00025877278	1528.1956222057343
32	2052.9824	347.72052	2252.3352	1278.7922	2283.7993	268.97668	2461.423	1126.7133	934.1667	971.95	159999	182.17374	43.35152	182.17374	43.32801	2.9853153	-183.27362	11.238784	0.04833799	0.00070741784	1579.5426244735718
33	2386.4524	48.184006	2470.4377	2335.164	2440.1138	22.676699	2486.0369	2386.1184	1000.0	1000.0	164999	184.38681	43.068012	184.38672	43.045315	3.0033484	-185.4656	10.451982	0.04510602	-0.00015120652	1630.9036524295807
34	1286.0948	717.69745	2510.6772	585.9373	2413.7085	324.53528	2680.8877	1459.6132	505.0	942.15	169999	187.35121	43.064816	187.35136	43.04142	2.99472	-188.47978	10.252695	0.047040306	0.00024673867	1682.3081970214844
35	674.44055	430.07108	1802.553	335.60367	781.61523	113.34418	946.1786	612.71826	247.7	265.85	174999	189.68608	43.81416	189.68658	43.791664	3.017774	-190.80452	10.81762	0.046638787	-0.00085213536	1730.746782541275
36	983.3142	356.3124	1625.1969	352.50894	1614.8923	470.41266	2607.605	987.417	350.25	580.8	179999	192.12758	45.7669	192.12827	45.746933	3.0087056	-193.29442	11.399455	0.055537526	-0.00045892372	1781.990206003189
37	2636.8752	37.46357	2679.3809	2578.6956	2521.266	14.059	2545.7842	2496.454	1000.0	1000.0	184999	196.23169	46.41456	196.23207	46.395267	2.981348	-197.38162	11.583517	0.051190857	0.0009615572	1833.3210451602936
38	2566.0454	11.268622	2585.7246	2554.0117	2487.6318	6.462238	2496.3242	2474.8347	1000.0	1000.0	189999	199.73355	46.090878	199.734	46.0685	2.9878995	-200.83498	11.262678	0.044804797	0.0005590725	1884.7671012878418
39	1978.2836	808.42163	2524.717	284.79608	2259.865	26.308893	2343.3594	2233.3245	814.1667	1000.0	194999	201.84647	44.770424	201.8469	44.750042	2.9843976	-202.8634	11.130163	0.040956017	0.00065158366	1936.1551411151886
40	2275.0742	16.163652	2293.0693	2245.1035	2362.7217	15.866568	2391.9312	2337.5742	1000.0	1000.0	199999	202.82816	43.43927	202.82806	43.415848	2.9989512	-203.8193	10.897239	0.040153712	4.485898e-05	1987.3863427639008
41	2348.9136	374.07938	2593.4836	1530.0311	2198.9807	519.62744	2597.355	1217.495	938.8333	864.85	204999	204.16423	42.550392	204.16437	42.528694	2.999161	-205.14204	10.534211	0.03843975	3.565496e-05	2038.1660215854645
42	2556.6887	42.2274	2614.1228	2497.3394	2541.719	16.73127	2567.8994	2497.5642	1000.0	1000.0	209999	205.6758	42.40451	205.67618	42.383766	3.00158	-206.62904	10.097704	0.03918966	-5.824439e-05	2088.995837211609
43	2191.6511	844.86694	2597.3206	303.12845	2573.8423	7.523276	2588.0364	2555.2456	853.5	1000.0	214999	207.21968	42.75214	207.2194	42.735157	2.9980416	-208.15337	10.021583	0.038410045	7.953718e-05	2139.810527563095
44	2617.0715	24.138117	2649.6182	2579.5906	2688.8882	7.7318	2710.5076	2679.052	1000.0	1000.0	219999	209.74664	43.919373	209.74702	43.89866	3.0071995	-210.73254	9.833017	0.040980473	-0.0002808429	2190.5528349876404
45	2557.28	27.461716	2584.41	2510.3235	2600.8188	4.8340383	2608.3904	2591.1238	1000.0	1000.0	224999	212.83217	43.948322	212.8322	43.925922	2.9921687	-213.80258	9.502953	0.040072847	0.0003134815	2241.3007044792175
46	2580.4385	43.78201	2646.6501	2532.844	2600.9336	17.927818	2642.115	2577.1968	1000.0	1000.0	229999	214.81857	44.05311	214.81923	44.032223	2.9882193	-215.75087	9.842455	0.036820214	0.00043700772	2292.342089176178
47	2264.4128	787.239	2653.0818	504.75192	585.4551	185.41637	1203.8607	357.65475	860.0	183.4	234999	216.1389	43.261894	216.1396	43.240376	2.998567	-217.04027	9.580353	0.03532808	5.3384934e-05	2340.7823791503906
48	1294.6906	971.8847	2680.8552	432.26862	1411.0878	983.42017	2781.2341	572.6394	462.1111	491.8	239999	216.8148	42.73251	216.81496	42.71726	2.988626	-217.67896	9.354603	0.03356208	0.0003832271	2391.821182012558
49	2243.0881	691.94556	2695.0735	807.9766	1915.669	740.9399	2745.6526	735.2363	825.1667	688.25	244999	217.67195	42.498596	217.67226	42.482426	3.0006645	-218.5286	9.068142	0.032629143	-1.843902e-05	2442.967190027237
50	1385.1871	893.14404	2690.2537	285.61447	641.7413	689.0748	2699.029	293.855	496.75	234.15	249999	219.0389	42.77672	219.0389	42.763546	3.0077953	-219.8739	8.891962	0.032941286	-0.00025629572	2494.1856241226196
51	2669.1633	64.8459	2734.684	2555.4407	344.87915	60.81092	486.48334	294.11017	1000.0	131.35	254999	220.6997	43.28133	220.70038	43.269848	2.9883952	-221.5443	8.691391	0.03272759	0.000383478	2541.861202955246
52	2133.9165	906.21704	2774.168	318.33325	2675.8242	15.293398	2708.1821	2650.085	778.5	1000.0	259999	221.83478	43.788326	221.83482	43.774014	3.0046246	-222.65765	8.919501	0.032719683	-0.0001455347	2593.298224925995
53	2730.185	13.693743	2747.7	2714.1074	2496.3887	609.8174	2749.717	613.7202	1000.0	916.3	264999	222.59077	44.00437	222.59058	43.991043	2.9984818	-223.38263	8.670936	0.032577828	5.1817067e-05	2644.608746767044
54	2112.5178	938.35065	2759.1719	298.85236	2758.3872	24.726654	2792.6182	2724.2766	775.0	1000.0	269999	223.83197	43.71878	223.83215	43.704254	2.9951591	-224.6331	8.245262	0.032318827	0.00015531137	2696.083946466446
55	2687.0442	125.37856	2792.8884	2440.4824	2851.3083	24.68248	2883.545	2799.9934	968.8	1000.0	274999	225.56042	43.841507	225.56038	43.83022	3.0082653	-226.39105	8.388555	0.03186054	-0.00026224737	2747.4432203769684
56	2770.313	46.305748	2821.377	2697.4932	2728.92	465.3228	2850.6182	700.9712	1000.0	961.15	279999	227.82545	43.74259	227.82574	43.72989	2.9911659	-228.64223	8.274948	0.031773873	0.0002852563	2798.8274471759796
57	2802.696	24.546074	2827.5183	2757.3079	2826.6055	6.9976144	2835.8337	2816.1716	1000.0	1000.0	284999	229.49927	43.879593	229.49893	43.86767	2.9899333	-230.2778	8.379356	0.030126018	0.0003030771	2850.300875902176
58	2835.2278	7.4096904	2843.0593	2826.0334	2865.5552	3.4715376	2869.5605	2853.0835	1000.0	1000.0	289999	230.70183	43.91914	230.70235	43.911083	3.0033662	-231.48395	7.787514	0.029457586	-9.590585e-05	2901.6597702503204
59	2859.0574	29.02724	2898.851	2820.6882	2813.9353	3.5725105	2820.2412	2804.3254	1000.0	1000.0	294999	232.07962	43.976665	232.0792	43.967373	2.9983046	-232.85817	8.165605	0.028627161	5.1712825e-05	2953.1246309280396
60	2506.9895	719.93414	2891.4714	898.6601	2853.85	11.419048	2872.8586	2830.4866	884.5	1000.0	299999	233.571	44.234314	233.57127	44.226006	3.0034013	-234.34073	7.60046	0.029295756	-9.861696e-05	3004.4808671474457
61	2816.3455	12.747334	2836.958	2800.8167	2823.9539	1.5192816	2826.9739	2821.8635	1000.0	1000.0	304999	235.20958	44.267628	235.20923	44.25771	2.9940045	-235.97424	7.647438	0.028586535	0.00017864637	3055.9627935886383
62	2875.021	12.333732	2886.9578	2852.3057	2832.0342	2.9819162	2836.2585	2825.3127	1000.0	1000.0	309999	236.78502	44.178024	236.7847	44.170063	3.0016918	-237.54166	7.3189764	0.029085165	-4.6722947e-05	3107.474207878113
63	2871.8862	14.9149065	2886.6362	2845.7656	2828.7205	2.5291278	2833.4917	2824.3909	1000.0	1000.0	314999	238.3903	44.33212	238.39012	44.32435	2.9989192	-239.1436	7.5224853	0.028728528	3.3396052e-05	3158.8272495269775
64	2833.479	16.689665	2864.1199	2818.7498	2842.9126	1.5600216	2846.1887	2839.7493	1000.0	1000.0	319999	239.96735	44.606346	239.96735	44.596672	3.0051787	-240.71248	7.2974334	0.029118558	-0.0001512431	3210.2304804325104
65	2857.448	13.9207535	2880.3508	2842.7947	2815.6936	2.0992317	2819.671	2811.5999	1000.0	1000.0	324999	241.65215	44.8453	241.65215	44.834747	2.9960911	-242.4051	7.0939875	0.031347014	0.00011885834	3261.7430534362793
66	2855.59	25.037157	2898.239	2821.6804	2840.8127	7.3580594	2854.3113	2832.5361	1000.0	1000.0	329999	242.93263	45.234257	242.93242	45.22613	2.9944801	-243.6608	7.370489	0.029335672	0.000161135	3313.2249586582184
67	2865.9292	21.22049	2884.1555	2831.9592	2897.2173	3.0679667	2902.4067	2891.479	1000.0	1000.0	334999	244.30057	45.386864	244.30057	45.376614	3.005454	-245.02115	7.2573977	0.028790714	-0.0001546971	3364.176309108734
68	2881.2869	21.909203	2922.0383	2859.5022	2875.0786	2.832707	2880.3425	2869.7593	1000.0	1000.0	339999	245.31853	45.847122	245.3185	45.838875	2.9973662	-246.0193	7.378806	0.02880246	7.934299e-05	3414.974465608597
69	2886.3599	26.397558	2931.9631	2852.5835	2821.2815	9.863061	2838.8264	2797.6755	1000.0	1000.0	344999	246.48978	45.788628	246.48975	45.782227	2.9963076	-247.18185	7.1532717	0.029223066	0.00010778105	3465.635012626648
70	2878.6257	15.775697	2893.6165	2852.6992	2888.9072	3.2607775	2894.4346	2882.9062	1000.0	1000.0	349999	247.79962	45.783207	247.79935	45.774937	2.994409	-248.50446	6.979167	0.027633142	0.00015634298	3516.463168144226
71	2556.0437	793.8387	2945.983	781.7778	2992.3523	2.6115377	2999.1804	2987.556	875.6667	1000.0	354999	249.56888	45.39011	249.56905	45.381992	3.004163	-250.27985	6.973152	0.027566519	-0.00011224251	3567.3470561504364
72	1875.4492	1025.6001	2918.916	783.05853	2851.8667	1.7923881	2854.44	2848.128	642.25	1000.0	359999	250.851	46.06316	250.85097	46.056774	2.9997175	-251.5459	6.922929	0.0278193	9.892881e-06	3618.3214359283447
73	2889.9937	17.619596	2914.594	2866.646	2941.6401	2.059393	2945.3618	2937.7175	1000.0	1000.0	364999	251.58693	46.472103	251.58687	46.464626	2.9980001	-252.26315	6.997628	0.028166698	5.7223737e-05	3669.7753365039825
74	2889.9067	16.095186	2905.9492	2867.6042	2775.7886	9.740902	2812.0872	2764.0042	1000.0	1000.0	369999	251.99095	46.20203	251.99098	46.193954	2.998769	-252.62622	6.860785	0.027213715	3.5644505e-05	3721.2241513729095
75	2464.6597	850.84674	2909.5845	763.6509	3066.1084	13.148144	3081.8884	3029.3242	850.8	1000.0	374999	252.23488	45.883095	252.2346	45.87598	3.00142	-252.855	6.6518283	0.027133947	-3.7047477e-05	3772.7053356170654
76	2926.845	31.707647	2978.9343	2880.032	2871.1821	3.169266	2877.5469	2865.7646	1000.0	1000.0	379999	252.74977	45.984665	252.74985	45.977448	3.006856	-253.38428	6.4844537	0.027407683	-0.0001909995	3824.2635481357574
77	2871.97	29.14705	2908.8726	2828.0684	2898.6587	13.223681	2948.8618	2885.7683	1000.0	1000.0	384999	253.61388	46.065117	253.6138	46.056835	2.9864016	-254.25114	6.2532425	0.02815694	0.00037806216	3875.6810307502747
78	2942.7332	30.665102	2993.5432	2907.4072	2944.5342	2.6949668	2949.9187	2940.2598	1000.0	1000.0	389999	254.08035	46.024723	254.08032	46.016994	3.001377	-254.68225	6.6311564	0.026646594	-3.4216046e-05	3927.0753951072693
79	2942.0059	27.599205	2978.0273	2911.7627	3000.9663	4.959782	3011.086	2991.2913	1000.0	1000.0	394999	254.43222	46.10338	254.43217	46.094887	3.0060651	-255.033	6.1879296	0.027349763	-0.00016240268	3978.5163476467133
80	2979.4094	29.647442	3005.725	2936.8538	2925.8682	13.19563	2939.7368	2885.8616	1000.0	1000.0	399999	255.01434	45.83032	255.0142	45.82323	2.99025	-255.59805	6.3839064	0.02684021	0.00026373647	4029.876661300659
81	2639.606	803.5027	3047.8264	844.6644	1295.1444	899.39355	3052.6519	631.0508	879.3333	428.75	404999	255.65836	45.910767	255.65843	45.90605	3.0075827	-256.2581	5.8923454	0.02622817	-0.00020036112	4081.455596446991
82	2999.0867	14.849566	3011.424	2972.7996	1073.8219	97.05533	1312.5992	901.32025	1000.0	338.25	409999	256.76562	45.97451	256.76584	45.967518	3.0003626	-257.36844	6.1371694	0.027062256	-7.656699e-06	4130.26159620285
83	2993.2935	8.456481	2998.8572	2976.555	2972.3047	9.455223	2986.3066	2952.0566	1000.0	1000.0	414999	258.00668	46.337635	258.00668	46.330914	3.004205	-258.60986	6.358523	0.027656678	-0.000114933566	4181.588739156723
84	3012.1235	53.70905	3113.721	2956.2192	2658.2048	837.08984	3153.1206	640.44763	1000.0	862.55	419999	259.7002	46.573994	259.70013	46.56899	3.0167437	-260.3463	6.023877	0.030234192	-0.0005047083	4233.052592515945
85	1725.3273	1123.7317	3043.3633	525.99677	2904.2737	17.739708	2933.7104	2878.9192	572.8889	1000.0	424999	261.8282	46.68567	261.82806	46.679806	3.0130842	-262.49854	6.1966543	0.03304922	-0.00044014558	4284.456976413727
86	2576.813	746.7067	2928.876	907.49475	3019.4856	4.879843	3027.0488	3009.1208	889.6667	1000.0	429999	263.85815	47.00093	263.85803	46.995228	3.0017395	-264.5389	6.093319	0.0347077	-6.051271e-05	4335.9522087574005
87	2422.1267	963.40686	2937.9883	496.2391	2983.604	29.99007	3043.6692	2905.1338	832.4	1000.0	434999	265.4529	47.232372	265.45334	47.226128	2.9866006	-266.1339	6.5693626	0.034498475	0.0004643556	4387.373374938965
88	2932.8809	39.531258	2990.2659	2876.5776	3012.7766	21.307718	3050.3433	2981.1257	1000.0	1000.0	439999	266.16614	46.631306	266.16614	46.621197	2.988629	-266.77365	6.2106705	0.031643935	0.00035924555	4440.962695360184
89	3002.388	23.753986	3045.4917	2975.8047	3056.9526	15.986985	3087.3848	3029.6353	1000.0	1000.0	444999	265.59515	46.84263	265.59525	46.836014	3.0010157	-266.17847	6.0269866	0.029673334	-2.8292263e-05	4491.977863311768
90	3027.6582	27.421053	3078.8118	3000.489	3051.3337	5.3374124	3064.0007	3037.596	1000.0	1000.0	449999	265.8969	47.388226	265.8965	47.38335	2.9936702	-266.5013	6.1624265	0.029333698	0.00018948544	4542.843018770218
91	3021.4138	21.865196	3052.4692	2989.836	3027.6924	37.179794	3067.473	2955.7144	1000.0	1000.0	454999	266.82358	47.181366	266.82364	47.175068	3.0029202	-267.45154	5.976985	0.028780594	-8.23474e-05	4594.280818462372
92	2996.3755	17.608877	3018.7402	2976.3787	2639.9558	822.7306	3017.874	559.92834	1000.0	885.45	459999	268.12854	46.647438	268.1283	46.645363	2.9920814	-268.74295	6.0383854	0.028692126	0.0002297513	4646.501389980316
93	2979.5657	14.214306	3005.0984	2961.4783	3020.8582	19.311575	3053.0754	2980.7686	1000.0	1000.0	464999	268.7328	46.819706	268.73282	46.81317	2.9956331	-269.31714	5.5289445	0.027667219	0.00012179427	4697.5277099609375
94	3032.4824	15.894446	3060.815	3013.4878	2989.3552	35.956184	3050.4746	2937.7573	1000.0	1000.0	469999	269.06732	47.098305	269.0671	47.092648	2.9987712	-269.62286	6.1024833	0.026093198	3.512709e-05	4748.4404673576355
95	2546.1707	1002.70544	3020.2732	304.44427	2930.5352	20.872984	2968.202	2903.3357	859.5	1000.0	474999	269.36316	47.05182	269.3631	47.044857	3.0023417	-269.92154	5.7838545	0.027437689	-6.1017035e-05	4799.767449378967
96	3013.4688	16.272408	3034.5732	2991.4805	3072.3787	6.536525	3082.5334	3057.5708	1000.0	1000.0	479999	269.96564	46.996063	269.96585	46.989784	3.0033107	-270.51837	5.847349	0.027957337	-8.940176e-05	4851.164397478104
97	3067.114	24.774525	3096.5518	3022.4214	3066.0635	6.190584	3074.9578	3054.5427	1000.0	1000.0	484999	270.2231	47.24395	270.22284	47.238667	2.9969175	-270.7685	5.9882803	0.027670324	8.8046756e-05	4902.548460960388
98	3081.2644	28.89554	3122.3562	3044.4395	3154.2866	4.0100527	3159.987	3144.4863	1000.0	1000.0	489999	270.7917	47.259735	270.79166	47.254505	3.0007017	-271.34076	5.5546594	0.027542768	-1.7700662e-05	4953.936494112015
99	3070.974	23.235418	3101.2969	3038.1045	3054.3486	3.7000134	3059.895	3043.8123	1000.0	1000.0	494999	271.36893	47.199226	271.369	47.192596	3.0024803	-271.8976	5.4773765	0.027606793	-6.691402e-05	5006.871746301651
100	3048.0222	16.05896	3066.5295	3029.113	3119.9324	13.811522	3133.0635	3094.8564	1000.0	1000.0	499999	272.03616	46.804554	272.036	46.797554	2.9975264	-272.58224	5.6351876	0.027544403	7.0308364e-05	5060.738482475281
101	3109.0483	24.820757	3152.039	3075.06	2504.1914	1196.2705	3136.1914	110.03717	1000.0	813.15	504999	272.72296	46.720085	272.72275	46.715576	3.0054734	-273.28366	5.500027	0.028069207	-0.00015163682	5114.018978595734
102	3073.9768	31.44227	3125.43	3029.6602	3107.6646	11.057743	3124.2454	3073.493	1000.0	1000.0	509999	273.48358	46.217693	273.48383	46.213898	3.0000312	-274.02426	5.595283	0.027908819	9.635806e-07	5166.525082826614
103	3072.9648	20.569439	3109.3896	3049.1191	2760.8018	877.2011	3092.9978	126.12562	1000.0	907.85	514999	273.9955	46.17754	273.99548	46.172203	3.0040903	-274.52756	5.2028956	0.028562635	-0.000118189906	5218.102924108505
104	3090.098	17.224894	3104.1582	3057.5044	3221.9724	12.547587	3239.4768	3194.5916	1000.0	1000.0	519999	274.48404	46.178905	274.48395	46.172977	2.9879644	-275.01245	5.494456	0.028037151	0.00034653116	5269.6476793289185
105	2654.667	1137.6171	3225.3071	112.60374	3091.0386	22.75977	3120.568	3027.1448	844.6667	1000.0	524999	275.02972	46.019108	275.0295	46.01603	3.009582	-275.5575	5.1469803	0.02791574	-0.00026968573	5321.274046421051
106	1428.5203	1507.5171	3095.067	47.011604	3228.8218	12.015737	3247.7422	3210.0586	470.9091	1000.0	529999	275.48804	45.862484	275.48788	45.858765	2.9875894	-275.98566	5.6060553	0.028305575	0.00035173917	5372.925557851791
107	2678.5134	1146.203	3213.2378	115.75274	3174.6433	9.411737	3195.5134	3155.023	844.8333	1000.0	534999	275.38528	46.070824	275.38486	46.066875	3.0033422	-275.8695	5.933842	0.026861778	-8.8753244e-05	5424.402869462967
108	3151.5098	23.32747	3185.614	3125.865	3144.6372	3.8794885	3151.817	3134.8943	1000.0	1000.0	539999	275.2963	46.641117	275.2962	46.634933	3.010839	-275.76102	6.0833135	0.0287319	-0.00030991534	5475.94651055336
109	3148.9927	18.44029	3163.6096	3112.6824	3130.5444	2.2614133	3134.5415	3124.3892	1000.0	1000.0	544999	275.5461	46.60594	275.546	46.60031	2.989118	-276.00656	5.8362527	0.029247476	0.00031747966	5527.502053022385
110	3159.2712	13.7239895	3183.341	3143.6	3170.2065	6.930605	3182.9636	3158.6953	1000.0	1000.0	549999	275.84546	46.77865	275.84485	46.774418	3.0050647	-276.31326	5.71774	0.027787836	-0.0001385852	5578.930301427841
111	3161.3364	44.006428	3227.4722	3120.9463	3191.6584	4.9202476	3198.6013	3177.288	1000.0	1000.0	554999	276.4262	47.01693	276.42603	47.01375	2.9963346	-276.8913	5.9207835	0.027562719	0.000106300904	5629.818619251251
112	3219.1577	14.820696	3240.2622	3196.638	3277.7683	3.7797236	3286.2297	3272.465	1000.0	1000.0	559999	276.949	47.092827	276.94907	47.08736	3.0046449	-277.41916	5.996784	0.027826466	-0.00012985752	5680.688311815262
113	3170.0789	42.107986	3237.1223	3128.6807	3193.208	27.977392	3230.4897	3160.438	1000.0	1000.0	564999	277.51672	46.994453	277.51624	46.99015	2.9918737	-277.97934	5.3088284	0.027606117	0.00023122596	5731.565128087997
114	2666.3972	1178.4442	3247.387	33.73777	3199.052	3.7131462	3207.5498	3193.6	837.6667	1000.0	569999	278.088	46.847782	278.08798	46.845592	3.0019257	-278.54437	5.5478864	0.027666762	-5.0358987e-05	5782.431755304337
115	3194.3086	19.70634	3214.0793	3163.432	3205.507	5.539458	3213.0066	3195.1865	1000.0	1000.0	574999	278.93982	46.72136	278.93958	46.718693	3.002887	-279.41312	5.225385	0.027995255	-7.827612e-05	5833.375872373581
116	3216.5706	36.509853	3264.4775	3157.7598	3239.416	12.383263	3265.4707	3209.7993	1000.0	1000.0	579999	279.85355	46.62168	279.8536	46.617947	3.0057044	-280.30814	5.435519	0.029044239	-0.00016252315	5884.515350103378
117	2781.8958	313.47906	3211.9878	2370.735	3244.7192	5.8775682	3254.8726	3232.7156	836.1667	1000.0	584999	280.50253	47.191105	280.5025	47.18817	2.999245	-280.97256	5.368322	0.02973266	2.5401367e-05	5936.031626224518
118	2989.122	492.58728	3293.0544	2005.9325	3267.0173	11.914381	3284.2563	3239.4404	920.2	1000.0	589999	281.02234	47.841187	281.0222	47.838142	3.000707	-281.4703	5.5772257	0.029341064	-1.880399e-05	5987.478205442429
119	3228.0208	42.25725	3268.4104	3155.4946	3210.9038	13.402173	3234.789	3192.7908	1000.0	1000.0	594999	281.57706	47.907795	281.5768	47.901535	2.993476	-282.02142	5.498628	0.028222296	0.00019116701	6038.91052532196
120	2978.2236	500.59366	3255.129	1861.1815	3184.4998	2.5855148	3189.7925	3176.9019	926.5	1000.0	599999	282.4593	47.775105	282.45932	47.77053	3.0004265	-282.90674	5.5489187	0.028940182	-9.697717e-06	6090.502532482147
121	2607.3552	844.0634	3214.6707	1184.7399	3205.4604	14.65075	3229.3662	3172.059	801.6667	1000.0	604999	283.22876	47.896595	283.22864	47.890907	3.0010865	-283.6859	5.251442	0.028921831	-2.8474253e-05	6141.985066652298
122	2962.3398	424.13824	3305.701	2328.5415	1005.68274	173.69894	1536.3018	715.3653	903.6667	303.5	609999	283.75287	48.19028	283.7529	48.186	3.0029035	-284.19714	5.593607	0.028963936	-8.217092e-05	6190.919966459274
123	2611.0525	635.99725	3340.7258	1846.597	69.46738	1.4640865	72.14099	67.333015	801.3333	40.4	614999	284.10574	48.226467	284.1057	48.22118	2.9946694	-284.5442	5.4698033	0.0289745	0.00015587025	6238.037172317505
124	2109.2935	497.01706	3176.6892	1391.6317	1382.8191	28.32387	1428.07	1329.193	643.875	423.05	619999	284.30692	48.385372	284.30673	48.381317	3.0022337	-284.74246	4.8684893	0.028078882	-6.120502e-05	6287.035836696625
125	2316.2468	788.52264	3212.8447	1068.4879	3228.4016	4.138253	3236.3179	3215.261	716.2857	1000.0	624999	284.58774	48.69892	284.58804	48.696945	3.000252	-285.02005	5.4379954	0.028619397	-4.401648e-06	6338.672802686691
126	3174.5005	17.471512	3204.9585	3152.059	3178.9624	20.177914	3199.6477	3144.8438	1000.0	1000.0	629999	284.94144	48.697395	284.94125	48.69349	2.9930513	-285.3648	5.574696	0.028625326	0.00019865057	6390.216156721115
127	2777.0957	782.0302	3241.1357	1214.9946	2463.4204	996.18	3189.1453	572.13586	875.8	774.25	634999	285.3094	48.593143	285.30945	48.589603	3.0026608	-285.73392	5.0708685	0.027910199	-7.194932e-05	6441.672775745392
128	1975.0056	921.89777	3224.5437	909.255	3098.744	422.59094	3200.3635	1256.7705	620.7778	970.2	639999	285.59918	48.535606	285.5991	48.531216	2.9964187	-286.013	5.3597436	0.028238248	0.00010212946	6493.1439752578735
129	1520.8555	901.7726	3233.5615	940.1982	1397.4382	913.3647	3222.486	877.5741	475.0	436.65	644999	285.8192	48.64901	285.81915	48.645336	2.9992352	-286.2326	5.271591	0.028724978	2.6458334e-05	6544.691488742828
130	1752.725	1178.1783	3241.3152	553.8492	2097.7495	1055.0364	3154.6318	855.6532	560.9	665.4	649999	286.0098	48.682423	286.00998	48.680412	3.0043259	-286.41724	5.461239	0.028655954	-0.00011819751	6596.227221250534
131	2661.053	803.208	3152.5298	932.4255	1960.0537	974.20807	3281.874	949.98254	852.3333	598.95	654999	286.09174	48.954487	286.0916	48.949184	2.9973667	-286.5003	5.623774	0.02791438	7.65872e-05	6647.785759687424
132	1959.4685	1029.402	3160.134	923.419	1933.9092	1032.0833	3204.4937	929.392	621.1429	608.3	659999	286.0363	48.97039	286.03622	48.9654	2.9913054	-286.4299	5.373189	0.02659596	0.00023628275	6699.370628118515
133	1949.7366	1113.9625	3222.3345	925.19586	3206.2446	2.3062775	3210.4617	3202.6057	612.8889	1000.0	664999	285.9811	49.200226	285.98126	49.198433	3.0051782	-286.37836	5.404949	0.02657597	-0.00013516404	6750.939680099487
134	2500.9692	962.7532	3228.2	1076.2125	1066.696	1002.9636	3090.735	555.0206	784.1667	371.0	669999	286.31415	49.21461	286.31427	49.21135	2.994839	-286.72684	5.4818773	0.02778972	0.00014037619	6802.642388343811
135	2441.0996	1067.3971	3173.1316	552.2577	3130.418	11.355187	3146.1575	3106.891	787.8571	1000.0	674999	286.68442	49.232494	286.68414	49.22833	3.003613	-287.07376	5.658656	0.02729261	-9.310634e-05	6854.180983543396
136	3161.4934	21.38699	3191.152	3131.7576	3145.8418	25.757633	3194.6763	3117.4958	1000.0	1000.0	679999	286.9297	49.221874	286.92978	49.219265	3.0031738	-287.33008	5.4597235	0.027417567	-8.3962754e-05	6905.707191705704
137	3127.3005	15.238403	3147.181	3110.0215	3091.6724	8.518955	3107.268	3076.8804	1000.0	1000.0	684999	287.4445	48.9731	287.44452	48.969086	3.0048892	-287.8471	5.308867	0.02822896	-0.0001353943	6957.175046443939
138	3154.106	9.270825	3166.4165	3138.1145	3132.1687	10.239695	3150.9985	3109.8374	1000.0	1000.0	689999	287.7743	49.00957	287.77417	49.00732	2.9962401	-288.1685	5.2137976	0.027980445	0.000108819506	7008.1494064331055
139	3192.9712	16.481466	3216.113	3168.5583	3178.358	7.5026636	3194.3926	3168.2402	1000.0	1000.0	694999	288.16223	48.98901	288.16226	48.987	2.9987288	-288.55624	5.2130017	0.027761798	3.8104732e-05	7059.008917331696
140	2715.9	964.03424	3237.7568	789.0611	3194.0708	13.179347	3219.2761	3179.1606	852.0	1000.0	699999	288.52283	49.211216	288.5227	49.20942	2.9979198	-288.91095	5.3894267	0.027980395	6.089145e-05	7109.923676967621
141	2415.6775	1207.5997	3222.799	483.08572	3216.4167	18.169199	3238.9434	3169.302	769.1429	1000.0	704999	289.00967	49.273518	289.00943	49.273914	3.0022182	-289.3997	5.0847664	0.027919104	-5.8875907e-05	7160.846726179123
142	2774.3752	979.19403	3250.367	585.3622	3213.1	2.389046	3217.4883	3208.9539	867.8333	1000.0	709999	289.472	49.644966	289.47202	49.64346	2.9955711	-289.847	5.3899045	0.027757153	0.00012411151	7211.693513631821
143	3188.4177	16.03646	3206.7122	3164.7744	3196.025	9.573847	3211.8916	3179.231	1000.0	1000.0	714999	289.7436	49.538937	289.74365	49.53728	2.9959624	-290.1226	5.307643	0.02734735	0.00011011038	7262.974532365799
144	2959.5435	492.36987	3214.3242	1974.8986	3253.4958	8.809311	3278.5576	3238.7788	919.0	1000.0	719999	290.17242	49.60628	290.17215	49.605347	3.0023112	-290.5434	5.2716303	0.026730768	-5.8682035e-05	7314.506040811539
145	3237.0964	21.50312	3262.7	3198.4702	3180.0571	20.05391	3210.1804	3161.144	1000.0	1000.0	724999	290.64575	49.609577	290.64587	49.60738	3.003728	-291.0408	5.324746	0.02757872	-9.8789824e-05	7365.979771852493
146	3238.261	23.192322	3262.6462	3196.9614	3254.0466	18.063393	3324.77	3239.7676	1000.0	1000.0	729999	291.4496	49.578594	291.44937	49.5782	2.9895136	-291.82996	5.0668435	0.025943179	0.00028011567	7417.537673950195
147	2559.424	1027.0021	3265.0632	543.5913	3292.5757	7.4801164	3302.7043	3272.7056	798.5	1000.0	734999	291.87216	49.775986	291.8722	49.77552	2.9978516	-292.25107	5.807194	0.025114635	5.7073732e-05	7469.0739114284515
148	3272.0132	29.588013	3322.2737	3231.4753	3273.6636	14.4939995	3307.7246	3250.5974	1000.0	1000.0	739999	292.19888	49.64035	292.19894	49.637688	3.0010285	-292.565	5.2398553	0.025567591	-2.3554867e-05	7520.6310749053955
149	3158.4004	238.73213	3288.9578	2625.9102	3211.1746	77.033875	3287.1904	2928.2246	963.3333	992.75	744999	292.4857	49.875538	292.4854	49.8751	2.9955845	-292.85556	5.4120607	0.024218302	0.0001129438	7572.087346076965
150	3252.4036	32.15545	3296.0728	3197.2166	3235.5059	20.176765	3264.205	3186.8728	1000.0	1000.0	749999	293.09888	49.850163	293.09906	49.847893	3.009864	-293.48984	5.163814	0.025262922	-0.00025121236	7623.53190946579
151	3226.6794	26.045498	3255.2468	3192.9338	1843.5383	795.44824	3154.629	1069.3357	1000.0	593.05	754999	293.9877	49.47539	293.98773	49.47386	2.996459	-294.37515	5.500685	0.026268484	9.535782e-05	7675.333772182465
152	3253.9	20.579279	3275.0864	3223.756	3270.4526	2.6544957	3276.1687	3265.4587	1000.0	1000.0	759999	294.49182	48.983624	294.49136	48.983288	3.0023816	-294.86816	4.982871	0.025967037	-6.0370625e-05	7726.841482639313
153	3263.2708	12.687308	3276.2715	3240.5864	3259.4644	3.2231333	3265.4578	3251.2932	1000.0	1000.0	764999	294.57648	48.973984	294.57657	48.972847	2.9987605	-294.93866	5.3051267	0.025610486	3.4392833e-05	7778.379948854446
154	3253.0586	12.791175	3269.265	3236.0203	3211.6719	5.0043354	3217.1091	3193.6108	1000.0	1000.0	769999	294.7897	48.828743	294.7895	48.82784	3.0041337	-295.15988	5.125924	0.025906824	-0.0001075233	7829.801981449127
155	3209.853	15.73417	3234.5835	3187.0623	3211.2	1.3922838	3213.3389	3206.535	1000.0	1000.0	774999	295.01028	48.6574	295.01077	48.652966	2.9884155	-295.37775	4.8098774	0.02545206	0.00030199907	7881.295679092407
156	3069.0757	368.43195	3264.895	2332.3464	3271.81	1.7903064	3274.547	3267.0771	946.2	1000.0	779999	295.19894	48.63343	295.19885	48.630173	2.9967651	-295.5675	5.1517673	0.025318388	8.170086e-05	7932.719263553619
157	3252.354	12.400998	3264.2295	3229.9128	3284.7495	3.8975222	3293.7913	3279.5586	1000.0	1000.0	784999	295.67682	48.268646	295.67688	48.266132	2.9993603	-296.03455	4.930515	0.024243776	1.7190529e-05	7984.309724569321
158	3271.1167	9.249822	3286.349	3258.431	3295.4937	2.5428164	3299.6755	3290.1858	1000.0	1000.0	789999	295.84143	48.639225	295.84137	48.638004	3.0029123	-296.18524	5.4753084	0.025136642	-6.8440175e-05	8035.72504401207
159	3282.3262	48.238796	3377.1345	3247.6707	3312.4656	6.1145186	3321.9258	3298.7476	1000.0	1000.0	794999	296.2692	48.394836	296.2689	48.39369	3.0056224	-296.63184	4.937324	0.024640607	-0.00014007233	8087.160859584808
160	3270.1907	8.352454	3283.1882	3258.9656	3222.003	4.8971906	3237.301	3215.5579	1000.0	1000.0	799999	296.69214	48.587414	296.69235	48.58768	2.9990997	-297.0652	5.055528	0.025197802	2.5239318e-05	8138.070043087006
161	3254.0288	7.091642	3262.0376	3242.6428	3272.8745	10.461717	3293.1924	3261.0276	1000.0	1000.0	804999	297.3877	48.269142	297.3877	48.266552	2.9987142	-297.76382	4.7001257	0.0250574	3.4699435e-05	8188.955800771713
162	2782.056	699.2718	3290.3206	1423.0499	3316.1753	2.9389389	3320.8994	3310.5576	831.8333	1000.0	809999	298.0387	48.076157	298.03885	48.07405	2.9867141	-298.41254	4.8730617	0.024470102	0.00032384423	8239.816857337952
163	2721.9644	1070.5468	3297.7007	351.38834	3208.8894	204.80525	3278.7063	2317.4802	830.6667	983.15	814999	298.52396	47.910965	298.52383	47.908367	3.0139122	-298.89197	4.978522	0.024684252	-0.000336063	8290.5492041111
164	3218.5637	76.76085	3276.3098	3067.05	3225.106	16.634474	3253.4543	3196.2803	979.6	1000.0	819999	298.89148	47.986755	298.8914	47.98493	2.9972284	-299.25034	4.9664793	0.024876326	7.24509e-05	8341.336114406586
165	3245.4465	14.872886	3271.9365	3231.5327	3273.3394	11.0701	3291.1177	3250.3708	1000.0	1000.0	824999	299.0575	48.011818	299.05765	48.010387	2.998836	-299.4229	4.769378	0.025645178	3.2134594e-05	8392.2069439888
166	2946.3552	549.69684	3263.4006	1735.7362	3295.143	4.6718884	3304.3174	3285.851	898.5	1000.0	829999	298.96973	48.111626	298.96973	48.11059	3.004194	-299.30814	5.1273904	0.024584336	-0.00010442524	8443.54197883606
167	3253.0254	17.659348	3273.8145	3227.5422	3227.5386	17.458227	3256.214	3187.3445	1000.0	1000.0	834999	299.03125	48.220745	299.031	48.22123	3.0011415	-299.3695	4.8219275	0.025262559	-2.7474618e-05	8494.97534441948
168	3276.3025	41.56308	3358.2983	3244.8372	3252.497	11.692282	3268.8918	3230.9177	1000.0	1000.0	839999	299.39404	47.81069	299.39432	47.81002	2.9942348	-299.7405	4.8700485	0.025126703	0.00014827424	8546.389262199402
169	3121.4011	279.9801	3283.7478	2563.7876	3277.4087	12.900148	3305.1558	3240.1624	951.4	1000.0	844999	299.50153	47.708088	299.50122	47.708263	3.0022795	-299.8291	5.03143	0.025406595	-5.507544e-05	8597.703934669495
170	2439.9216	1152.7885	3287.8254	38.743366	2931.393	732.1906	3249.1082	1035.3586	739.5	902.2	849999	299.44144	47.7872	299.4417	47.78559	2.9992955	-299.77786	5.007717	0.025142333	1.9624355e-05	8649.086019277573
171	3062.0095	419.0809	3269.4924	2125.2388	3056.137	401.9733	3294.8767	1871.15	936.6667	920.55	854999	299.55887	47.626095	299.5588	47.625393	3.0044024	-299.8845	4.714097	0.024903199	-0.000110564375	8700.498146295547
172	2802.947	577.6415	3256.2786	1820.3358	3171.2466	319.6545	3282.7268	1780.0844	849.0	975.85	859999	299.62643	47.544662	299.62646	47.544987	3.0006573	-299.9409	4.9595413	0.025442969	-1.5201664e-05	8751.97200870514
173	3242.7422	18.61036	3265.4495	3219.085	3260.7437	14.571836	3279.1191	3230.849	1000.0	1000.0	864999	299.50082	47.600967	299.50064	47.60067	2.9923036	-299.821	4.781921	0.025148148	0.00019780706	8803.262061357498
174	3249.8438	17.4762	3278.3313	3234.1348	2934.3425	590.55975	3299.3982	1697.3318	1000.0	889.55	869999	299.6949	47.340572	299.69482	47.34024	2.9999745	-300.01804	4.6852565	0.024999132	2.9801488e-06	8854.363586902618
175	2990.556	365.13242	3256.4114	2448.3	3210.6118	12.380866	3241.5483	3192.058	908.5	1000.0	874999	299.86255	47.187206	299.8627	47.18334	2.996392	-300.1836	4.3013773	0.024167929	9.013668e-05	8905.673511266708
176	3244.7007	8.726345	3254.9294	3232.4456	3238.3755	7.9682317	3252.0886	3224.1458	1000.0	1000.0	879999	300.39337	46.7063	300.39343	46.705708	2.998378	-300.7356	4.6250944	0.02445418	4.123335e-05	8956.939164876938
177	3243.5405	35.780098	3295.0422	3189.9143	2852.4841	758.2546	3250.987	985.014	993.6	879.25	884999	300.61246	46.843784	300.61224	46.84356	3.0046198	-300.93005	4.4225607	0.024112089	-0.00011015174	9008.201192855835
178	2492.539	813.9013	3271.549	1056.5785	3217.1846	9.879308	3240.9805	3197.6997	750.0	1000.0	889999	300.762	46.50964	300.76224	46.506584	2.9984767	-301.08124	4.584601	0.024492592	3.948421e-05	9059.535699605942
179	3192.9648	73.624405	3255.0059	3048.717	3074.4172	554.0784	3277.332	1168.6147	977.6	939.55	894999	300.79703	46.643875	300.79684	46.642357	3.0014765	-301.10806	4.2125077	0.024522094	-3.3694334e-05	9110.772479772568
180	2895.878	780.48083	3281.6528	1151.2844	3261.6646	11.746933	3280.5537	3239.2402	891.0	1000.0	899999	301.0345	46.768158	301.03464	46.767624	2.9959679	-301.35452	4.6922407	0.024858508	0.000100589656	9162.046132802963
181	2544.221	1009.48145	3272.5295	865.9284	2489.1646	1050.9475	3271.1108	611.89923	781.8333	761.15	904999	301.3661	46.947212	301.36588	46.94753	3.0036702	-301.68134	4.5550256	0.024524469	-8.71869e-05	9213.30648136139
182	3238.6702	12.672067	3262.1482	3228.1792	3268.0667	4.4146633	3274.23	3258.7007	1000.0	1000.0	909999	301.48718	46.887165	301.48694	46.886005	2.9986665	-301.7848	4.7009478	0.024836255	3.4968103e-05	9264.527016162872
183	1508.8783	1140.5369	3260.1052	580.3641	2673.339	974.6288	3260.8538	768.6056	473.7	826.7	914999	301.56036	47.147923	301.5605	47.14653	3.0111647	-301.88226	4.8624225	0.025581453	-0.00028363708	9315.399504899979
184	2825.2947	949.8486	3292.969	702.1007	2437.4568	1124.204	3274.6846	888.1616	871.6667	750.65	919999	301.87842	47.23234	301.87833	47.23395	2.9864194	-302.17578	4.482307	0.025856031	0.0003476469	9366.054807424545
185	2811.789	971.42523	3265.517	639.7842	3264.0718	10.428591	3274.595	3229.3242	869.5	1000.0	924999	301.8799	47.338577	301.8802	47.336784	3.005098	-302.1732	4.664835	0.024750223	-0.00012364385	9416.827490329742
186	2112.791	1304.462	3263.0854	541.61523	3275.9167	10.4513035	3298.0461	3259.0317	658.5714	1000.0	929999	301.74496	47.55614	301.74487	47.552197	3.0002217	-302.03568	4.569599	0.025963916	-3.407991e-06	9467.628505468369
187	2921.6904	713.08594	3280.8413	1327.773	3257.1277	3.9884205	3263.958	3249.2793	901.3333	1000.0	934999	301.726	47.669945	301.72607	47.668888	2.999293	-302.01495	4.637249	0.025648983	1.9715715e-05	9518.358252048492
188	2770.3608	972.47766	3293.209	826.0177	3280.4421	19.262085	3306.1162	3248.8628	853.2	1000.0	939999	301.68146	47.639175	301.6811	47.638985	3.0056255	-301.96646	4.86283	0.025492402	-0.00014230526	9569.029947042465
189	3262.268	17.302322	3283.5884	3233.2002	3288.304	5.7532606	3297.3481	3273.1013	1000.0	1000.0	944999	301.70438	47.40565	301.70438	47.40302	2.9913836	-301.97705	4.4535437	0.024912747	0.00022064042	9620.309570074081
190	3239.8687	23.466167	3273.2615	3214.8955	3271.5254	15.072008	3291.43	3246.734	1000.0	1000.0	949999	301.55612	47.311474	301.5561	47.30807	3.0020924	-301.82758	4.5236406	0.026098795	-4.8664737e-05	9671.559277296066
191	3256.4998	23.668531	3288.0361	3226.3928	3270.6765	2.5082028	3274.5544	3264.7146	1000.0	1000.0	954999	301.54715	47.306446	301.5471	47.30754	3.0043802	-301.8253	4.5272126	0.024844706	-0.00010973641	9722.819123029709
192	2812.955	988.8694	3262.8464	601.8282	3250.1895	10.306741	3270.6824	3231.0857	868.6667	1000.0	959999	301.72412	47.45042	301.72415	47.447666	2.9936	-301.99954	4.4301195	0.025505029	0.0001644199	9774.231000185013
193	3256.3994	14.737917	3279.043	3238.3972	3296.1636	2.7460718	3300.9187	3289.499	1000.0	1000.0	964999	301.86795	47.46301	301.86777	47.461914	3.0070705	-302.14276	4.590839	0.024927942	-0.00017818098	9825.506106615067
194	3255.1711	14.854958	3271.3137	3233.9832	3252.6814	17.187069	3287.2844	3224.678	1000.0	1000.0	969999	302.19974	47.269745	302.1996	47.26678	3.0018508	-302.47705	4.6031404	0.026218817	-4.7169637e-05	9876.886540651321
195	3116.5886	303.99265	3286.8196	2509.0977	3238.0713	10.073663	3252.7622	3217.1753	947.6	1000.0	974999	302.53244	47.213856	302.53256	47.211502	2.9955018	-302.80246	4.855098	0.02594577	0.000119973185	9928.124068260193
196	3257.6404	16.39651	3281.892	3238.9065	3274.1245	7.83387	3296.2195	3263.9531	1000.0	1000.0	979999	302.65564	47.24702	302.6557	47.247913	2.999544	-302.9295	4.103509	0.02644022	1.3983357e-05	9979.443338155746
197	3254.121	12.110003	3270.7827	3235.077	3275.7832	1.4523255	3278.8342	3273.5615	1000.0	1000.0	984999	302.69943	47.07785	302.69943	47.07753	2.9933352	-302.9593	4.0462008	0.024614904	0.00016845773	10030.747240781784
198	3254.205	8.51738	3260.5508	3237.8962	2455.9976	1124.2944	3282.2156	568.4082	1000.0	750.7	989999	302.89963	46.930145	302.89954	46.92914	2.999047	-303.1699	4.089041	0.024997247	2.623223e-05	10081.902177333832
199	3011.3342	543.8586	3290.4656	1796.1569	3234.9946	21.070335	3270.64	3202.5662	926.0	1000.0	994999	302.92383	46.861324	302.92358	46.85998	3.0092947	-303.1866	4.3431125	0.024589894	-0.00023287127	10133.147690534592
200	3249.1294	15.694393	3270.9448	3227.0618	3271.0579	11.819724	3296.8997	3244.5552	1000.0	1000.0	999999	303.18176	46.582626	303.1819	46.58171	2.9975529	-303.44302	4.192744	0.025819859	6.62186e-05	10184.490330934525
