Epoch	AverageEpRet	StdEpRet	MaxEpRet	MinEpRet	AverageTestEpRet	StdTestEpRet	MaxTestEpRet	MinTestEpRet	EpLen	TestEpLen	TotalEnvInteracts	AverageQ1Vals	StdQ1Vals	AverageQ2Vals	StdQ2Vals	LogPi	LossPi	LossQ	Alpha	LossAlpha	Time
1	2.4242048	5.8738036	31.928917	-11.4630995	292.7566	16.228136	338.0541	272.3743	21.37339	171.3	4999	16.182165	13.524774	16.18171	13.525057	2.8810816	-19.454416	2.0053527	0.14576405	0.5139347	37.44650626182556
2	2.1944165	6.0347996	35.949833	-10.249555	859.96454	1.426049	863.1084	857.7298	20.551441	1000.0	9999	84.27353	38.633533	84.27346	38.630352	6.5981607	-94.340935	28.991144	0.179158	-0.11716247	85.02824330329895
3	74.30145	147.7272	764.6869	-32.84897	112.52672	135.1877	358.1487	-15.4232435	118.02381	168.65	14999	189.45895	49.585686	189.46182	49.585342	5.289346	-201.52792	98.152916	0.21875069	0.14271772	133.00007367134094
4	100.51278	213.75325	741.71643	-45.535946	46.05834	91.639656	289.90955	-39.022144	208.625	192.65	19999	182.82635	48.349995	182.8302	48.35032	5.768989	-189.96959	64.40975	0.099854745	0.024249762	183.31454396247864
5	117.60844	154.45996	493.52222	-28.789053	138.44502	148.90427	548.1668	-77.792244	259.89474	285.65	24999	167.53851	48.328197	167.538	48.33373	5.9406767	-173.18335	53.509045	0.070405304	0.0043444396	233.7776906490326
6	205.07272	128.0167	453.99652	-30.02253	25.532808	121.55231	385.57086	-73.47944	264.8421	211.95	29999	154.25278	44.799694	154.25359	44.80783	5.957924	-158.25308	45.010334	0.060049884	0.0025650857	281.79825472831726
7	242.49394	202.50371	824.8506	-26.9634	395.31628	112.116455	603.8201	154.81285	258.57895	416.55	34999	134.90147	41.526703	134.90341	41.53396	5.95032	-137.881	36.25301	0.05071509	0.0025450462	333.6899416446686
8	316.96347	239.0308	798.3646	31.759047	378.89474	335.67474	899.93896	15.16333	329.13333	430.6	39999	121.904564	36.768982	121.90654	36.76434	5.9591703	-124.33457	27.230303	0.043489188	0.0017621815	383.86806869506836
9	345.4305	305.46027	971.3311	-12.612669	447.8687	467.42624	1022.3531	-31.53675	402.53845	522.35	44999	113.4209	33.001778	113.4221	32.9981	5.9586887	-115.50489	23.2639	0.0365939	0.0015307298	434.2611041069031
10	176.97531	152.98575	651.9594	-28.116982	398.91733	309.96756	1035.6084	58.55309	232.14285	366.5	49999	107.17268	30.612608	107.173035	30.610214	5.9957542	-108.971016	20.870794	0.03339801	0.00014931137	486.6220223903656
11	224.74599	87.901634	458.67752	14.762317	247.04924	58.138584	331.06137	127.476524	142.55556	120.25	54999	102.89013	30.035492	102.890884	30.032097	6.0281096	-104.495316	21.89648	0.034154687	-0.0009907217	535.1422917842865
12	249.17938	98.336586	543.30963	82.107086	313.1459	63.152935	421.1518	201.48775	139.62857	148.6	59999	101.7011	31.187061	101.70252	31.183605	6.0387506	-103.25915	22.703686	0.04047321	-0.0015674852	580.6938943862915
13	353.6675	150.92345	709.27686	22.701393	438.36945	40.06121	524.1767	368.2397	183.66667	193.5	64999	103.54469	32.972717	103.54503	32.975567	6.034607	-105.15177	22.717813	0.047474165	-0.001618869	626.6531345844269
14	347.70786	135.63809	674.8286	7.60042	224.15738	160.1015	492.4694	26.70231	181.64285	210.5	69999	107.26635	32.65043	107.26574	32.66104	6.0154123	-108.82855	21.596344	0.052273426	-0.0007915359	675.187362909317
15	287.79822	174.63344	592.9578	26.96537	498.2687	249.32446	1216.0686	266.7892	188.73077	290.65	74999	110.5772	31.511488	110.575615	31.526798	5.9908013	-112.04591	20.932571	0.0524881	0.00049113727	727.3767619132996
16	360.9981	146.65424	781.11536	43.978203	380.30478	211.80978	840.03467	48.484943	252.8	194.45	79999	112.91945	31.680397	112.918976	31.69262	5.9807286	-114.260765	20.472418	0.049931683	0.0009656253	774.807207107544
17	335.10312	169.31488	598.0154	-154.0054	436.89435	178.25238	924.7671	91.42772	219.18182	257.45	84999	113.964066	33.28146	113.96354	33.289948	6.0200996	-115.191666	21.558384	0.049045302	-0.0009901163	822.0913534164429
18	371.23563	203.44563	881.9793	16.15518	360.3409	140.23775	797.30347	237.43434	194.7037	217.8	89999	115.48921	34.749878	115.48899	34.75904	6.010925	-116.70505	23.470795	0.052564174	-0.00056608126	868.6593863964081
19	437.27463	196.85468	1068.0576	214.72798	711.19836	154.65005	1079.2207	549.40375	253.73685	270.55	94999	118.0606	35.273438	118.0612	35.282375	6.0235014	-119.28742	23.533684	0.05708919	-0.0013185757	917.9966938495636
20	667.151	385.39398	1550.5806	265.15866	729.202	248.16481	1292.7513	378.72443	302.11765	314.4	99999	121.205284	35.858902	121.20528	35.865204	5.9983416	-122.45522	23.464537	0.05968115	0.00010901241	967.6081583499908
21	590.68335	315.7294	1541.1993	243.18956	419.2545	105.2516	744.27856	258.82996	262.05264	180.75	104999	125.09075	36.10514	125.09034	36.112076	6.004805	-126.327324	22.71269	0.05983148	-0.0002771229	1013.6305022239685
22	454.44452	221.68225	956.12537	30.295881	518.54364	194.6634	1005.94543	34.063053	219.43478	215.75	109999	127.978134	37.166557	127.97779	37.173824	6.0102577	-129.17169	22.832203	0.06112677	-0.00062190206	1059.9603385925293
23	491.163	261.06403	1035.0416	163.63072	663.5736	387.9249	1546.394	200.8514	254.89473	364.4	114999	130.29623	38.0864	130.29593	38.09782	5.9958034	-131.47258	23.056313	0.06170133	0.00027042322	1109.133880853653
24	572.7866	309.41745	1362.7091	263.98297	675.303	440.60803	1736.6863	279.88998	305.52942	269.05	119999	132.05928	37.842796	132.0587	37.84945	5.9954605	-133.18198	22.585752	0.060261413	0.0002875284	1159.5107073783875
25	768.0675	426.03836	1461.0103	224.17236	644.3608	239.6556	1212.4171	275.2994	318.7143	276.8	124999	133.16772	37.448814	133.16782	37.45017	5.997435	-134.22205	21.680065	0.06051194	0.0001665082	1207.2036173343658
26	811.1774	571.92334	2414.9575	251.82243	371.35168	120.87007	642.52356	212.13689	331.13333	179.55	129999	134.3693	37.60172	134.36961	37.602562	6.0064206	-135.46367	22.08665	0.06031975	-0.0003771707	1253.6156859397888
27	723.8519	430.95163	1822.364	160.17668	691.2131	592.69867	2559.881	258.26453	289.57895	277.35	134999	137.80852	38.05367	137.80908	38.051807	6.004003	-138.87233	22.70361	0.061872993	-0.00023732729	1303.1208877563477
28	609.74835	417.61438	1977.9044	64.544685	658.34033	263.35178	1571.0165	221.95657	256.10526	259.7	139999	140.2725	38.87455	140.27264	38.873363	6.0007224	-141.27693	22.462557	0.06266876	-3.2975437e-05	1352.2440087795258
29	503.23337	310.33963	1152.377	64.22547	705.79346	244.86975	1277.717	383.50558	217.08696	257.15	144999	141.7537	39.986065	141.75423	39.985153	6.0089135	-142.70676	22.908424	0.062483765	-0.0005561858	1401.5616528987885
30	690.9514	433.11395	2044.0771	201.47054	736.1034	439.30814	1739.3733	102.955284	300.17648	376.25	149999	143.51245	40.954987	143.51288	40.95603	5.992344	-144.4545	24.148027	0.063001774	0.0005001588	1449.1150665283203
31	695.9848	429.53198	1626.1027	216.97202	1346.9504	865.1043	2941.849	193.85626	279.0	485.3	154999	145.15656	41.62349	145.15707	41.624226	6.0054784	-146.09036	24.290506	0.06343907	-0.00033413144	1498.715750694275
32	803.7773	579.238	2524.2576	177.38162	563.2399	472.10562	1941.74	200.17972	334.66666	260.55	159999	146.86893	42.45075	146.8686	42.456276	6.001097	-147.7855	24.438353	0.06394879	-5.6934394e-05	1546.9744341373444
33	914.87695	809.8287	2957.6785	201.04428	1148.3477	669.45483	2380.989	337.30054	352.42856	437.8	164999	148.64731	43.577396	148.64725	43.5746	5.991315	-149.56676	25.093166	0.06414511	0.0005640324	1598.7347292900085
34	1056.1874	886.2058	3119.8982	254.31958	1545.4094	564.8881	3045.4695	633.71185	392.08334	489.8	169999	151.07048	44.943596	151.07037	44.941883	6.0081787	-152.00932	25.584724	0.063914254	-0.00050756824	1650.6373138427734
35	1049.5405	619.6737	2525.1824	429.9308	1599.4581	827.5993	3057.4224	420.48892	327.4375	480.85	174999	154.50613	46.34886	154.50575	46.34258	6.0066934	-155.47823	26.755775	0.066372365	-0.00042460975	1699.5975005626678
36	1485.0013	857.76556	2597.3037	363.55212	1998.584	1069.2006	4125.9854	627.63464	428.16666	554.5	179999	158.43889	47.232224	158.43906	47.227165	6.007846	-159.39278	27.064087	0.06690859	-0.00051647704	1749.0894174575806
37	1435.768	1054.3538	3796.7795	515.50665	2380.6475	897.327	3751.4397	995.19745	427.0	730.6	184999	162.27525	47.917908	162.2754	47.915733	6.0112276	-163.2262	27.669071	0.07010837	-0.0007729446	1798.8398864269257
38	2855.618	511.65665	3319.1306	2011.7844	1780.0039	821.0727	3685.4324	459.72958	828.0	558.3	189999	166.63504	48.544815	166.63455	48.54369	6.0017266	-167.59387	28.17609	0.072242446	-0.00011074834	1849.094601392746
39	2278.0654	912.5805	3503.931	1047.6815	2574.5784	878.1154	3724.7944	697.549	665.375	805.1	194999	172.10332	49.09945	172.10385	49.093338	5.9967213	-173.10245	29.248655	0.07230068	0.00024601564	1900.9948182106018
40	1988.1002	1293.3444	3899.4954	669.69104	2486.5269	1157.8236	4174.959	864.00806	550.1111	650.5	199999	177.505	49.709126	177.5053	49.705486	6.0028477	-178.51566	29.984903	0.072176814	-0.00019318626	1952.582843542099
41	1908.2212	970.188	3861.9946	584.4625	2934.4412	1228.2743	4537.204	539.7668	532.1111	769.05	204999	182.50525	50.405155	182.50563	50.401787	6.0057626	-183.49629	31.07899	0.07346631	-0.00040867273	2002.2888770103455
42	3886.0483	200.19887	4195.475	3621.6729	879.99365	959.6374	4254.563	448.98367	972.6	266.25	209999	187.31155	51.214413	187.31136	51.20939	6.0095983	-188.31076	31.220837	0.075267434	-0.00071270263	2051.9720718860626
43	2496.882	1241.913	4018.1653	877.942	3312.4395	1170.2893	4353.941	741.6751	699.0	848.9	214999	192.91174	51.324005	192.91197	51.321217	5.9976397	-193.92834	31.168957	0.07605985	0.00019077983	2101.67715215683
44	1923.4766	1000.1388	4074.9443	620.22565	1507.0055	856.37964	3709.135	696.16547	494.81818	381.75	219999	197.95029	52.031136	197.95052	52.02976	6.002296	-198.9572	31.970428	0.07623586	-0.0001646535	2151.97123670578
45	2361.5461	1363.6353	4239.533	973.2727	16.154352	1.4945902	19.32849	13.791408	617.5714	52.05	224999	202.80203	52.750244	202.80305	52.7445	5.997861	-203.80338	33.593567	0.07709471	0.00017489148	2200.509593486786
46	1719.8223	1344.999	3888.1252	21.323986	1176.6599	1410.4219	3876.5469	1.6874638	456.16666	426.6	229999	207.74097	53.891678	207.74115	53.89171	6.005011	-208.75426	35.041805	0.077815115	-0.00037541788	2249.387362718582
47	3026.5427	1099.0543	4137.4185	1381.3848	2493.7407	1353.7805	4417.1567	502.0342	748.0	603.5	234999	212.317	54.864582	212.317	54.864017	6.000451	-213.3138	35.395042	0.07801819	-2.4719571e-05	2304.466157913208
48	2216.0273	1536.5626	4136.8794	268.40112	3381.7134	1173.2788	4473.167	276.46274	547.25	837.65	239999	216.89578	55.69284	216.89622	55.695995	6.0068064	-217.909	36.888386	0.07945605	-0.0005264439	2358.5924396514893
49	2358.255	1310.8768	3833.557	24.588047	2518.6836	1668.2064	4505.258	44.20072	612.6667	681.0	244999	221.5625	56.804646	221.56297	56.801434	5.9965854	-222.56947	37.045105	0.079968825	0.00028401174	2412.565846681595
50	3812.9429	82.86919	3972.9097	3738.2273	2657.7368	1686.7094	4213.206	45.79916	963.8	719.05	249999	225.77623	57.511932	225.77682	57.513313	6.0008545	-226.76367	37.89088	0.07951456	-5.5218552e-05	2461.86342048645
51	2164.0278	1838.7323	4405.293	49.937645	3523.496	1101.0261	4218.152	87.20768	597.0	916.8	254999	229.6848	58.32931	229.685	58.333668	5.9986453	-230.67235	38.86227	0.081108674	0.00012073927	2511.2906980514526
52	3953.4172	140.20444	4187.053	3765.7085	2310.8936	1805.1481	4260.1304	12.770275	1000.0	587.0	259999	232.85506	59.523205	232.85593	59.520782	5.998696	-233.79538	39.22312	0.07965772	0.00011447711	2561.9713361263275
53	2913.5676	1844.4518	4543.727	20.568882	4018.3022	1047.7571	4761.777	243.20074	723.0	915.85	264999	236.5889	60.520004	236.5893	60.519726	5.997237	-237.563	39.627254	0.079662025	0.00022731381	2614.3372411727905
54	2946.064	1881.599	4575.5273	18.173367	4244.248	1487.8231	5432.331	446.42038	689.5714	880.65	269999	240.73438	61.836334	240.73465	61.841644	6.0029984	-241.71292	39.893944	0.08003833	-0.00022475934	2665.6535856723785
55	3526.258	1461.7012	4785.1943	561.3618	4087.041	970.26227	4588.7393	850.326	807.4286	923.0	274999	245.40753	63.11346	245.4082	63.11176	6.0020547	-246.42688	40.769356	0.07928295	-0.00015276638	2717.499943971634
56	3579.3848	1601.8196	4375.094	0.31376854	3789.019	1339.8907	4623.543	84.966644	838.1667	880.9	279999	250.82092	64.06115	250.82193	64.06135	5.9942474	-251.86937	40.55176	0.08141939	0.00046527036	2767.2463352680206
57	3497.1343	1693.6649	4418.8506	113.43962	4068.0952	1221.2153	4683.0166	361.3273	821.6	919.4	284999	255.95465	65.24195	255.9557	65.2457	6.0178423	-256.99216	40.687737	0.08164238	-0.0014307349	2816.5534200668335
58	4229.4507	119.85644	4391.131	4024.5579	3453.7344	1402.8015	4258.061	106.23941	1000.0	862.35	289999	260.5175	66.41858	260.5184	66.42175	5.9931583	-261.5658	41.496506	0.082033254	0.0005796832	2865.807014942169
59	3657.4119	1577.6168	4751.3296	158.86806	3311.3794	1632.3684	4391.025	192.40524	846.8333	792.35	294999	265.13632	66.78689	265.1368	66.7946	5.996648	-266.1878	41.691555	0.08159259	0.0002842309	2916.1914281845093
60	3233.5964	1925.6389	4556.2397	190.22023	3827.091	1223.4497	5014.582	347.39166	739.0	865.2	299999	269.35138	67.18281	269.35184	67.1843	6.000617	-270.3888	41.7196	0.08111119	-3.887055e-05	2968.107292175293
61	3759.7432	1529.5107	4519.123	340.63242	3866.1558	1560.2476	4729.7993	164.31306	855.3333	862.05	304999	272.9812	67.324066	272.9818	67.3288	5.9922514	-274.00186	41.28493	0.0793146	0.00062688696	3018.70782995224
62	3831.4688	1553.9113	4591.7827	358.24313	4325.231	687.3857	4722.3438	1655.0581	856.5	957.55	309999	275.88916	68.08375	275.8896	68.08615	5.9999146	-276.8885	41.20609	0.07881423	1.9391322e-05	3067.981831073761
63	3108.0874	2291.238	5175.6914	150.8871	4579.708	900.22076	5295.0923	2398.68	655.25	907.65	314999	279.1068	68.485	279.1078	68.487144	6.002689	-280.1115	42.135517	0.07852262	-0.00020095873	3117.2447743415833
64	4219.1914	1875.4363	5391.268	40.8306	4928.481	30.917978	4981.303	4887.979	840.0	1000.0	319999	283.0731	68.96296	283.07352	68.968185	6.0024447	-284.0659	41.022293	0.07847041	-0.00018096187	3166.954120159149
65	5050.9136	286.92233	5341.9336	4547.6426	5057.788	66.291084	5222.8022	4957.7905	1000.0	1000.0	324999	286.54758	70.400345	286.5484	70.40545	5.9987197	-287.52216	41.79528	0.07883926	0.00011396427	3218.8054208755493
66	4246.4287	1887.0852	5147.4478	27.402414	3909.2844	1282.0881	5509.107	1542.5731	831.0	764.55	329999	290.2364	72.35004	290.23666	72.35045	5.9992857	-291.20044	41.911415	0.07969328	6.9597074e-05	3269.8499245643616
67	3392.403	1594.3959	5175.9214	145.16032	4771.573	1069.8242	5306.671	1012.6559	686.4286	938.95	334999	294.44995	73.89848	294.4507	73.902016	6.0113473	-295.447	43.485596	0.08172643	-0.0009096989	3318.8635337352753
68	4254.3926	1845.3704	5271.651	182.85431	4107.8677	1856.684	5526.428	288.32837	825.0	796.65	339999	298.39255	74.50715	298.3918	74.512215	5.9988837	-299.36038	43.568035	0.08309003	0.00010394587	3367.9737405776978
69	3293.1484	2184.4548	5382.3286	20.976192	5117.984	211.56752	5384.463	4395.115	681.0	991.4	344999	301.40756	75.6692	301.40756	75.67675	5.9978065	-302.2903	43.917137	0.08239743	0.00019177029	3417.6472289562225
70	5029.9014	48.546867	5087.375	4960.558	4608.939	1376.3884	5189.0063	391.27496	1000.0	915.2	349999	303.2404	78.024185	303.24054	78.02959	5.9994984	-304.10806	44.81754	0.08220088	5.1512743e-05	3469.5098650455475
71	5130.4883	208.0059	5464.052	4906.5254	2652.436	2274.4714	5206.217	359.3433	1000.0	578.2	354999	306.286	79.79194	306.28647	79.80007	6.0060253	-307.1614	44.720562	0.08366852	-0.0004907396	3520.6262562274933
72	4908.307	176.63817	5168.8623	4648.237	3031.6448	2019.6835	4864.294	129.9203	1000.0	703.75	359999	309.16562	81.22453	309.16602	81.22808	6.0011554	-310.02948	44.19579	0.08540405	-8.5780404e-05	3569.9769463539124
73	2784.2437	2283.2798	5109.9077	126.451706	2387.5747	2442.8967	5367.4736	149.12717	604.0	495.2	364999	312.33258	81.8261	312.33276	81.829	6.0052767	-313.16074	44.30808	0.08756166	-0.0004407876	3619.0384805202484
74	4082.0723	1755.6581	5152.5615	182.0238	4967.3794	1026.29	5362.747	511.9369	850.3333	958.6	369999	314.69702	82.76796	314.6967	82.77368	5.998766	-315.47964	45.192436	0.08631834	0.00011787	3668.372087955475
75	2367.1477	2444.0366	5262.677	43.21409	2786.522	2559.4692	5488.5586	148.36702	501.1111	551.0	374999	315.90695	83.81412	315.9058	83.8181	5.9968905	-316.66293	45.78186	0.08647091	0.00027759245	3720.221292734146
76	3791.3638	2211.951	5367.8037	198.04079	4369.8765	1129.5277	5507.294	1433.2148	752.1429	841.6	379999	317.25665	85.11751	317.257	85.12215	6.0028677	-318.0128	46.19947	0.086553626	-0.0002342978	3771.779794692993
77	4404.3433	1921.3264	5508.754	121.05224	4132.6997	1125.085	5594.278	2386.3328	846.5	776.55	384999	319.34982	86.07534	319.34906	86.08656	6.0029764	-320.09	45.11436	0.086615026	-0.00024594512	3820.8132095336914
78	4958.167	174.89082	5230.1196	4709.975	5188.7163	156.981	5331.432	4605.685	1000.0	997.6	389999	321.71274	86.90764	321.7123	86.912346	6.0017753	-322.42004	44.580933	0.0876542	-0.00014521308	3869.96421957016
79	4832.925	531.91156	5322.9717	4169.545	4025.192	1962.9281	5380.9624	145.75125	942.8	786.3	394999	323.62708	87.65475	323.62674	87.65938	6.002768	-324.33905	44.316475	0.08977704	-0.0002342939	3918.9261519908905
80	4295.9854	1860.9243	5469.6865	218.83272	4908.802	738.3204	5354.653	2902.3276	825.0	937.5	399999	325.7145	88.31804	325.71457	88.323296	6.0019546	-326.39392	44.0352	0.0888047	-0.00016328382	3971.0750439167023
81	4139.478	1311.6615	5459.6997	1640.9542	4265.1055	1519.4746	5430.2607	177.66968	822.5	820.7	404999	327.49783	89.34012	327.4976	89.3471	6.0055084	-328.1698	44.66897	0.0902801	-0.0004878603	4022.7853307724
82	3294.4502	2420.2612	5281.1763	154.6893	5187.7754	94.80222	5339.757	4997.53	656.5	1000.0	409999	329.21854	90.04171	329.21844	90.045654	6.0016856	-329.86475	44.52418	0.09109575	-0.00014327464	4072.033587217331
83	4348.6904	1855.4032	5420.957	210.55188	5307.88	532.9033	5707.876	3078.9617	850.0	978.85	414999	331.07535	90.573296	331.07483	90.58057	5.9994316	-331.73	44.583473	0.09239209	6.525183e-05	4121.2022478580475
84	4219.026	1823.1183	5282.839	169.26556	5517.4214	68.98892	5681.0566	5416.284	847.0	1000.0	419999	333.19116	90.56798	333.1913	90.573814	5.992373	-333.8117	43.379787	0.09083039	0.00070697116	4170.468032360077
85	5318.8604	163.15472	5512.3237	5107.8735	5533.633	73.8674	5663.495	5333.443	1000.0	1000.0	424999	335.01785	90.772995	335.01758	90.7774	6.0057936	-335.62964	43.8039	0.09158696	-0.0005132725	4221.837872982025
86	5379.584	166.1686	5580.653	5089.4526	5120.7524	1129.5881	5472.016	206.4668	1000.0	954.8	429999	336.73306	90.84987	336.7332	90.85302	5.9989266	-337.33875	42.992	0.0912948	0.000110435794	4273.6314606666565
87	5155.68	216.85556	5510.105	4940.428	4862.3296	250.74278	5326.764	4426.2183	1000.0	1000.0	434999	338.21057	91.649826	338.2107	91.654	6.0034547	-338.7755	42.72013	0.09113805	-0.00030769114	4322.80322599411
88	5223.452	116.46558	5431.942	5114.504	4922.188	1003.0965	5724.438	2293.1035	1000.0	892.1	439999	339.44006	92.548515	339.44022	92.54756	5.9959316	-340.01324	41.75564	0.092309915	0.0003851665	4372.005782365799
89	5085.544	659.1578	5435.3843	3768.5264	5333.3506	67.23603	5436.3833	5193.9375	944.8	1000.0	444999	341.7038	93.12662	341.7037	93.13112	6.000391	-342.2775	41.131924	0.09214993	-1.9899404e-05	4421.184489488602
90	4806.2695	1081.0502	5496.7676	2650.9102	4123.2944	1119.4733	5488.3677	2007.2908	906.0	778.15	449999	343.77554	93.44592	343.77646	93.44835	6.0031786	-344.3474	41.29425	0.09140452	-0.00028138325	4472.6086213588715
91	5377.5156	188.14662	5537.272	5043.8643	5331.919	75.514565	5479.8105	5221.4565	1000.0	1000.0	454999	345.86035	93.89167	345.86035	93.89257	5.999002	-346.41446	40.912365	0.09248095	0.00010567188	4524.5289850234985
92	4268.8354	1674.439	5499.533	463.9787	3713.1128	1728.2819	5542.991	176.738	822.4286	737.15	459999	348.24472	93.98243	348.2448	93.98714	5.992226	-348.80945	40.98648	0.09141316	0.00071662205	4573.938650131226
93	5469.3506	84.57955	5602.6494	5339.081	3311.3489	2535.5034	5555.7397	198.4098	1000.0	645.15	464999	350.4291	94.5288	350.42877	94.532745	6.003409	-350.9693	40.718426	0.09144577	-0.0002970585	4623.235489368439
94	5004.7925	893.3643	5563.8643	3227.8523	4989.341	1220.4695	5747.804	243.52869	935.6	903.6	469999	351.8302	95.37275	351.83023	95.378136	6.000782	-352.33395	41.2491	0.09284138	-5.742941e-05	4672.2928993701935
95	5000.581	822.9076	5608.7593	3378.6758	5041.659	1115.6633	5489.521	202.0493	930.4	954.85	474999	353.4139	95.67459	353.4137	95.67925	6.00915	-353.88394	40.2485	0.09353215	-0.0008373537	4723.487536430359
96	5322.377	137.0475	5487.279	5090.8022	4289.495	2001.611	5516.492	281.42758	1000.0	825.15	479999	354.70636	95.646286	354.70673	95.64776	5.996465	-355.19284	40.14409	0.09375795	0.0003459251	4775.33605837822
97	5501.179	65.15382	5608.521	5416.8315	5481.659	345.2387	5823.863	4073.8582	1000.0	988.5	484999	356.55704	95.65993	356.5573	95.66503	6.0041375	-357.03955	40.05106	0.094041765	-0.00037837957	4824.87363743782
98	5448.2173	133.16829	5606.4565	5281.8115	5397.0874	598.658	5817.8105	3532.435	1000.0	961.25	489999	358.1362	95.91353	358.13614	95.91802	5.999744	-358.59286	39.283897	0.09482523	3.880694e-05	4873.952735900879
99	5492.2593	40.18176	5543.1655	5420.185	4987.8564	1199.7319	5465.5293	1257.4003	1000.0	931.5	494999	359.70578	96.10365	359.7058	96.11096	5.9997883	-360.1644	39.51266	0.09349451	2.9779196e-05	4923.040112257004
100	5356.7554	147.17438	5596.05	5210.0586	5412.2764	432.25476	5780.5024	3736.3489	985.6	979.7	499999	361.60043	96.121925	361.60007	96.12661	5.9950004	-362.08078	39.124744	0.092866614	0.0004815345	4974.197190284729
101	5134.4795	234.9086	5462.145	4926.2485	3497.7625	2202.0173	5286.191	68.39838	1000.0	734.2	504999	363.21872	96.44976	363.21896	96.455574	6.000436	-363.67804	38.867973	0.09373524	-3.0514526e-05	5026.092722654343
102	4200.6587	1864.2191	5294.7646	76.94021	2617.7207	2502.8635	5397.162	105.12839	836.8333	551.65	509999	364.54758	96.92738	364.54703	96.93466	6.002826	-364.9864	39.490467	0.093140155	-0.00025303167	5075.857685089111
103	3760.4988	2277.3	5313.264	92.710945	5372.104	321.57645	5549.0303	3991.2014	746.2857	988.0	514999	365.25323	98.19729	365.25342	98.20401	6.005304	-365.6532	39.548916	0.093588494	-0.00049339165	5125.2377071380615
104	5391.1143	120.86734	5522.064	5212.506	5288.295	64.305664	5416.73	5167.8076	1000.0	1000.0	519999	365.8524	99.12213	365.8529	99.12941	5.9914894	-366.2273	39.699905	0.09468374	0.0008136385	5174.364088773727
105	4951.572	674.6395	5455.6113	3511.1348	5430.0166	47.660606	5507.0005	5359.6284	931.3333	1000.0	524999	366.9368	99.61156	366.93723	99.61753	6.006424	-367.3088	39.251583	0.09361988	-0.00059225614	5225.048975944519
106	5373.21	64.528755	5438.889	5268.7573	5671.1147	49.312595	5733.1978	5562.564	1000.0	1000.0	529999	367.6894	99.84204	367.6899	99.844826	6.002485	-368.03668	39.338722	0.0955627	-0.0002274189	5276.919084310532
107	4555.1455	2101.8584	5691.5605	354.80423	5010.397	745.433	5535.1416	3146.1187	831.4	927.45	534999	368.65573	99.8229	368.655	99.83137	5.993279	-368.99194	38.32255	0.09559627	0.0006506448	5327.268922328949
108	5584.675	87.32837	5703.3315	5431.3154	5317.0713	258.9182	5635.901	4660.923	1000.0	1000.0	539999	369.59714	100.09174	369.59717	100.09817	6.0095067	-369.9214	39.107662	0.09631177	-0.00089764956	5376.64891409874
109	5476.722	132.31319	5629.1777	5237.7163	5018.0967	759.3534	5586.989	2957.0125	1000.0	919.8	544999	370.67703	99.868	370.67706	99.8719	5.9937787	-371.0049	39.122482	0.095258385	0.0006117422	5426.088030099869
110	5453.601	29.926413	5496.117	5419.0396	5492.299	711.82	5916.669	3261.083	1000.0	957.6	549999	371.7826	99.760155	371.78217	99.76829	6.0007315	-372.10635	37.756367	0.09534967	-5.9053684e-05	5476.246725797653
111	5610.0244	115.72563	5741.9976	5426.7144	5617.8706	41.644802	5673.92	5474.718	1000.0	1000.0	554999	373.10547	99.98563	373.10587	99.9908	5.9948874	-373.4238	37.086193	0.094830886	0.0004941134	5527.659000873566
112	5223.455	639.1499	5707.1943	3843.1846	4435.9316	850.9009	5641.39	3098.4282	951.6667	810.55	559999	374.53748	100.4198	374.53656	100.42779	6.0038276	-374.86737	37.420692	0.09587082	-0.00034575118	5579.6766793727875
113	5622.529	142.01569	5758.5234	5375.623	5711.0757	86.179146	5866.666	5533.6646	1000.0	1000.0	564999	376.11905	100.55331	376.1192	100.5579	5.998702	-376.43338	36.843945	0.09567427	0.00013639536	5629.4289445877075
114	5458.4136	53.53531	5527.4565	5389.525	5505.827	128.04442	5867.403	5288.158	1000.0	1000.0	569999	378.0638	100.608025	378.0635	100.61435	6.0017095	-378.35654	36.77634	0.09630862	-0.00015262465	5678.915536880493
115	5503.7334	89.720085	5635.168	5362.531	5595.9116	167.97308	5770.5205	4920.2163	1000.0	994.85	574999	379.45734	100.950165	379.4576	100.95352	5.999273	-379.77335	36.426857	0.09526869	8.022723e-05	5729.946064710617
116	5571.592	75.32245	5696.7856	5491.427	4535.62	1151.6013	5840.9463	2954.9075	1000.0	812.15	579999	380.45828	101.32954	380.4582	101.337	6.00361	-380.76074	36.303463	0.09580613	-0.00033303257	5779.321316242218
117	5591.0103	186.4707	5772.6104	5295.633	5454.95	44.236496	5537.0596	5369.647	1000.0	1000.0	584999	381.70438	101.48546	381.704	101.492805	5.995479	-381.99557	35.770786	0.096122436	0.00044289217	5830.584288358688
118	5509.639	127.24607	5670.8115	5337.0347	5737.956	40.722775	5815.1494	5665.228	989.8	1000.0	589999	383.555	101.53687	383.5549	101.54216	6.002689	-383.8531	35.650288	0.095038146	-0.0002444949	5882.444682598114
119	4691.4175	2085.0566	5790.877	35.836025	5397.259	84.008804	5525.435	5200.606	838.8333	1000.0	594999	384.58557	101.62737	384.5856	101.63436	6.0043597	-384.87268	36.0973	0.09531958	-0.00040939878	5932.344837427139
120	5516.1704	147.23964	5654.199	5253.3867	5596.5522	471.516	5868.328	3612.885	986.4	980.9	599999	386.27142	101.036415	386.2715	101.04271	5.9991016	-386.54663	35.303406	0.0965071	9.816537e-05	5981.757373094559
121	5629.682	84.85726	5741.5884	5522.3193	5488.1743	743.8788	5959.9697	2849.5027	1000.0	957.65	604999	387.77078	100.56317	387.77078	100.57027	5.993609	-388.04376	35.39136	0.09516969	0.0006245415	6031.170490026474
122	5578.691	52.196354	5668.07	5504.897	5472.348	412.20917	5730.949	3947.1145	1000.0	977.75	609999	389.49316	100.299675	389.49265	100.308495	5.997705	-389.7677	34.19997	0.09372393	0.00022616882	6081.192379236221
123	5578.8423	133.52225	5714.886	5359.5786	5536.7314	93.08999	5702.511	5353.2646	994.8	1000.0	614999	390.82935	100.22916	390.82898	100.238396	6.003737	-391.09494	34.670708	0.09480483	-0.00033969645	6133.0655126571655
124	5107.415	661.873	5737.1987	4068.093	5318.138	737.8769	5858.101	3055.931	921.8	943.2	619999	391.72498	100.17871	391.7245	100.18778	5.9991007	-391.97595	34.5987	0.09490868	9.585694e-05	6184.252400636673
125	5140.3853	870.62616	5686.803	3228.9976	5479.7876	70.754906	5589.511	5347.1797	916.1667	1000.0	624999	392.68747	100.670494	392.68802	100.67571	5.9944725	-392.94434	34.9357	0.09429752	0.00052663404	6233.705743074417
126	4803.5483	1955.4695	5899.3223	442.72025	5710.6562	57.27785	5796.76	5592.268	855.6667	1000.0	629999	393.575	101.0592	393.5754	101.066315	6.0077367	-393.8164	34.64741	0.093301065	-0.0007140617	6283.107333421707
127	5671.4346	129.1652	5758.568	5414.8413	5597.721	51.740578	5674.3965	5506.3535	1000.0	1000.0	634999	394.57736	101.06446	394.57742	101.07232	6.0017924	-394.82492	34.903515	0.09515543	-0.00015897794	6332.454991817474
128	5232.1875	826.4899	5810.6206	3588.2988	5590.3896	116.281975	5832.9033	5386.1846	935.8	1000.0	639999	395.78754	100.79441	395.78677	100.80309	5.997617	-396.0182	34.12052	0.094909824	0.00023850286	6384.03658080101
129	5601.612	111.83524	5682.3584	5386.3237	5451.218	427.7579	5716.455	4181.407	1000.0	977.5	644999	396.67816	101.11744	396.67838	101.121956	5.993662	-396.9155	34.04512	0.09374438	0.0006031582	6435.920473098755
130	4987.0	1027.9858	5707.464	2803.207	5543.031	387.0514	5795.5073	3966.2468	893.6667	981.6	649999	397.5297	101.361465	397.52963	101.36696	6.002783	-397.7553	34.063942	0.094592325	-0.0002474636	6485.698220491409
131	5622.3174	142.77374	5776.5938	5387.5044	5669.8696	89.84935	5798.3813	5460.6323	1000.0	1000.0	654999	398.5215	101.70977	398.5216	101.71882	6.0005693	-398.74066	33.881367	0.093697585	-4.0724397e-05	6535.197220563889
132	5186.061	945.2298	5739.789	3299.048	5205.5737	851.149	5751.9	2240.053	926.0	945.6	659999	399.6075	101.48959	399.6078	101.49449	6.003637	-399.8279	33.334637	0.0940406	-0.00033227526	6584.77707028389
133	3921.8535	1113.4943	5685.2163	3088.4333	5039.7085	529.53656	5490.907	3704.7585	722.1429	949.75	664999	400.1572	102.15038	400.157	102.15801	6.001596	-400.36386	34.035957	0.0944287	-0.0001387207	6635.016725540161
134	4593.6973	1320.5925	5622.3003	2426.823	5067.16	654.3059	5511.6997	3091.1504	845.1667	951.4	669999	400.8116	102.10723	400.81125	102.11294	5.9978647	-401.00546	34.23494	0.096620254	0.00021649031	6686.922264099121
135	5125.2544	701.1176	5610.3135	3749.238	5192.6304	995.3577	6009.353	2539.0823	923.4	919.2	674999	401.08768	102.03786	401.08786	102.042595	6.0070605	-401.2546	34.031094	0.09633213	-0.0006713365	6738.020020246506
136	5034.128	894.3559	5795.5234	3217.0886	5566.266	316.52194	5811.765	4526.609	909.6667	983.9	679999	401.3557	101.96918	401.3564	101.976	5.9998183	-401.50784	33.82945	0.09598482	2.938938e-05	6787.53303694725
137	5570.497	155.15346	5809.252	5364.386	4694.451	1051.6543	5920.903	2477.636	996.4	825.8	684999	401.99152	101.8584	401.99136	101.86617	5.9965096	-402.16696	34.757267	0.09827001	0.00035353284	6837.027394771576
138	4602.34	2066.1892	5783.0093	30.34224	4826.5723	1069.3792	6039.037	2896.4944	822.0	848.7	689999	402.14417	102.11064	402.1442	102.12071	5.9972644	-402.29974	34.14243	0.09638656	0.00027417106	6886.754559755325
139	5538.9478	202.19394	5806.658	5266.402	5561.3164	674.5288	6005.4023	2731.0422	1000.0	973.7	694999	402.27698	102.239876	402.27716	102.24852	6.003395	-402.41034	34.659763	0.098188244	-0.00031318187	6938.153234958649
140	5385.611	579.10046	5843.54	4284.8926	5019.159	1140.5166	6008.2524	2763.494	953.4	875.65	699999	402.3634	102.788	402.36353	102.79315	5.9994044	-402.49936	34.177082	0.09745239	6.9299414e-05	6990.063881635666
141	4794.012	1254.3971	5936.8984	2842.2852	4885.317	750.0881	5509.342	3413.3274	860.1667	904.2	704999	402.98306	102.70321	402.98352	102.709274	5.9977384	-403.1357	33.89687	0.09613657	0.00023095623	7040.445358037949
142	5668.8135	102.63355	5770.6655	5480.884	5336.2046	795.6838	5769.6963	2701.9673	1000.0	959.0	709999	403.7458	102.60398	403.74582	102.61002	6.0115776	-403.8785	33.7526	0.09764603	-0.0011313491	7089.913347244263
143	5625.4365	96.46342	5746.6587	5489.6455	4163.378	1214.9686	5628.8433	2365.8347	1000.0	773.2	714999	404.5445	102.435135	404.54495	102.44143	5.9978104	-404.6704	33.800274	0.098957606	0.0002338242	7139.567497730255
144	5545.032	123.27407	5766.3745	5420.512	5186.1016	735.3444	5795.7363	3548.015	1000.0	921.8	719999	405.37314	102.284584	405.37292	102.29156	5.9987097	-405.5097	33.69007	0.09892915	0.00013997719	7189.480068445206
145	5630.898	52.530617	5714.5493	5551.6025	5126.7314	875.412	5859.089	3099.4072	1000.0	911.85	724999	406.70984	101.81544	406.7099	101.82155	5.9952517	-406.86438	33.330692	0.09825085	0.000482309	7241.332670927048
146	4480.7085	1239.4185	5701.4917	2493.0635	5516.3955	72.561066	5623.663	5371.0044	817.0	1000.0	729999	407.93674	101.336136	407.93665	101.342606	5.9958134	-408.0851	32.8108	0.09635442	0.0004176212	7292.77460193634
147	5567.907	445.49042	5932.29	4705.1313	4084.7727	1168.1853	5752.8228	2529.7488	974.6	755.75	734999	408.88336	101.57696	408.88412	101.58106	6.0051727	-408.99854	32.37701	0.09615669	-0.00048882386	7342.231577634811
148	5630.7173	114.646614	5757.7886	5465.221	5470.9253	740.1609	5864.3467	2571.516	1000.0	962.15	739999	409.38095	102.23612	409.3807	102.24496	6.00077	-409.50565	33.000538	0.09750303	-6.545567e-05	7391.622357606888
149	5694.376	112.97193	5890.7466	5564.878	5338.4272	693.87604	5700.187	3126.0325	1000.0	950.2	744999	410.29517	101.88204	410.29572	101.889336	6.007103	-410.41656	31.93794	0.098497815	-0.00070212106	7441.094993591309
150	5175.237	1131.3655	5754.7593	2648.6555	5542.6475	400.4379	5839.3525	4008.6829	921.8333	982.25	749999	411.31406	101.66703	411.3141	101.67315	5.983243	-411.43344	32.152637	0.09662535	0.0016594776	7492.225120782852
151	5675.702	86.37948	5798.345	5546.078	5286.456	635.1839	5836.0215	3463.1987	1000.0	953.75	754999	412.25076	102.10386	412.2509	102.10977	6.0056615	-412.3669	31.857897	0.09618445	-0.00052984495	7544.156698465347
152	5686.5913	139.19542	5893.701	5516.2095	5670.744	107.93379	5845.812	5497.0044	1000.0	1000.0	759999	413.5531	102.0905	413.55344	102.09464	5.992429	-413.6754	32.114628	0.096276045	0.0007316968	7594.342349767685
153	5695.814	99.92542	5883.876	5599.3423	5686.7544	70.03782	5800.1475	5546.95	1000.0	1000.0	764999	414.53165	102.05012	414.53137	102.05377	6.011558	-414.64725	32.120075	0.09623235	-0.0010982121	7643.867590904236
154	5773.761	103.48023	5918.6616	5629.821	5436.032	381.13895	5715.6963	4149.571	1000.0	976.0	769999	415.45554	101.743484	415.45526	101.75161	5.99105	-415.57516	31.527245	0.09760309	0.00087699527	7693.299285173416
155	5693.552	92.90028	5766.0293	5513.6714	5854.4546	99.13133	6031.3525	5610.084	1000.0	1000.0	774999	416.60562	101.40064	416.60562	101.4074	6.0023084	-416.72128	31.858973	0.096228436	-0.00020791721	7743.097855806351
156	4721.3804	2100.2795	5874.9004	33.12349	4535.486	1188.2305	5815.6494	2661.3833	838.8333	823.65	779999	417.6156	101.48496	417.61572	101.4916	5.9983773	-417.7196	31.576572	0.09536023	0.00016502841	7795.006263494492
157	5705.86	80.588554	5847.0513	5602.9375	5735.4346	76.84499	5848.3955	5608.499	1000.0	1000.0	784999	418.37726	101.603485	418.37738	101.611626	5.998733	-418.49213	31.347368	0.09445124	0.00013096473	7846.560902833939
158	5785.4785	119.44167	5950.3887	5604.806	5679.325	62.47336	5764.047	5584.8613	1000.0	1000.0	789999	419.7469	101.369736	419.74664	101.37567	6.0022335	-419.8529	30.466171	0.09360817	-0.0001999709	7896.2162408828735
159	5644.811	100.84945	5774.907	5465.236	5648.758	73.298744	5760.863	5516.775	1000.0	1000.0	794999	420.93436	101.37514	420.9342	101.38203	6.0022435	-421.0624	31.128616	0.09529374	-0.00020317316	7945.9717473983765
160	5717.9395	64.16866	5802.3765	5635.452	5589.4854	64.47319	5699.32	5460.3564	1000.0	1000.0	799999	421.75323	101.141106	421.7531	101.14637	5.991744	-421.8463	30.99926	0.09550346	0.0007921366	7995.436479568481
161	5659.7065	149.50262	5940.0386	5514.849	5409.553	96.962364	5533.8765	5164.317	1000.0	1000.0	804999	422.1798	101.57159	422.17984	101.57749	5.9972663	-422.27676	30.400925	0.09470531	0.00026522914	8046.224041938782
162	5782.437	79.62773	5856.5933	5645.6597	5692.9907	105.97561	5848.47	5356.671	1000.0	1000.0	809999	423.21646	101.400475	423.21686	101.40563	6.004442	-423.3016	30.289146	0.09427047	-0.00039966535	8098.141766786575
163	5047.4966	1408.9574	5831.539	2231.851	5721.7617	87.57315	5854.1685	5514.61	888.6	1000.0	814999	423.78806	101.29536	423.7878	101.2985	6.00545	-423.8545	30.418007	0.096425034	-0.00050364254	8148.691289663315
164	5695.6943	75.28045	5823.9297	5621.7915	5756.519	45.936653	5861.1187	5652.2754	1000.0	1000.0	819999	424.24866	101.67627	424.24884	101.68046	5.9989643	-424.3388	29.963238	0.09520189	0.000112419155	8198.164052963257
165	5628.8867	92.02894	5732.586	5462.7114	5725.959	84.14425	5857.4937	5544.6587	1000.0	1000.0	824999	425.33615	101.270256	425.33636	101.27657	6.0019116	-425.421	30.347946	0.09614446	-0.00017064421	8247.578232765198
166	5633.1353	308.73438	5873.27	5026.508	5754.0156	358.93304	5974.454	4236.1875	976.4	986.8	829999	426.533	100.5228	426.5325	100.52854	5.9961615	-426.6129	29.80104	0.095873415	0.00037884698	8297.115440130234
167	5698.218	87.19601	5787.75	5535.2075	5649.5693	84.064255	5806.5464	5434.764	1000.0	1000.0	834999	427.03424	101.04364	427.0344	101.05049	6.00681	-427.111	29.793863	0.09617915	-0.0006438333	8349.00260257721
168	5691.165	83.34618	5835.671	5606.624	5980.6016	85.1284	6133.9116	5846.3457	1000.0	1000.0	839999	428.07465	100.893715	428.07455	100.899055	5.993452	-428.15216	29.825056	0.095582515	0.00064471853	8400.863911151886
169	5683.9927	42.185913	5734.897	5616.4062	5690.714	128.35779	5905.719	5349.8438	1000.0	1000.0	844999	428.88965	100.85029	428.8894	100.85656	5.994717	-428.9652	29.731756	0.09423744	0.00050839904	8450.496479272842
170	5389.3896	585.66724	5875.254	4236.4307	5264.325	503.91248	5584.2783	3184.2444	953.4	974.15	849999	429.76544	100.79754	429.7654	100.80444	6.005485	-429.8452	29.549213	0.09416082	-0.000500053	8500.215282917023
171	5657.669	68.003815	5705.658	5522.597	5649.3306	48.82023	5727.0347	5536.389	1000.0	1000.0	854999	430.2807	100.71899	430.28055	100.72509	5.99224	-430.34204	29.384544	0.09342034	0.0007322854	8549.805521726608
172	5638.2	118.47756	5830.0225	5498.2603	5681.7217	50.553223	5793.4937	5595.216	1000.0	1000.0	859999	430.96594	100.776375	430.96564	100.7831	6.007389	-431.0238	29.135866	0.093741	-0.00067581	8600.35356426239
173	5666.9863	86.17349	5830.4956	5589.6987	5742.2764	44.869972	5821.0576	5648.1	1000.0	1000.0	864999	431.6037	100.96708	431.60385	100.975555	6.0035377	-431.66504	29.258312	0.09483675	-0.00032535152	8652.200434684753
174	5603.247	64.87666	5664.2036	5500.1577	5807.1494	43.944016	5862.3833	5712.262	1000.0	1000.0	869999	432.29535	100.78767	432.2949	100.78974	5.9895506	-432.3532	29.501463	0.093830556	0.000995106	8703.10935807228
175	5693.1494	68.3908	5801.2515	5613.3867	5757.616	98.18944	5889.392	5599.707	1000.0	1000.0	874999	433.2916	100.43473	433.292	100.44233	6.007598	-433.3494	29.008068	0.09275479	-0.0006969938	8752.570636987686
176	5683.671	44.6463	5729.3506	5603.368	5675.7285	41.280064	5733.293	5551.404	1000.0	1000.0	879999	434.17166	100.22438	434.1718	100.22843	6.0002027	-434.2304	29.011587	0.092979856	-7.119274e-06	8802.015195846558
177	5644.891	85.6732	5740.2344	5522.5376	5680.706	77.53115	5828.9116	5535.034	1000.0	1000.0	884999	434.88104	100.00215	434.8812	100.00622	5.990414	-434.9265	28.644484	0.093340136	0.0009021742	8851.573439836502
178	5675.5195	85.85253	5803.5063	5553.929	5655.767	69.46661	5769.2227	5514.62	1000.0	1000.0	889999	435.4806	100.24019	435.4804	100.24637	6.0085864	-435.5213	28.264788	0.09367172	-0.0007833537	8903.192769527435
179	4677.058	2075.0337	5674.8105	37.996193	5679.448	94.471245	5787.5405	5478.2607	840.1667	1000.0	894999	436.28964	100.006004	436.28964	100.01076	6.000287	-436.3339	28.554838	0.09479298	-1.4488208e-05	8955.096951723099
180	5651.5938	39.25423	5698.309	5589.4243	5013.275	1603.7375	5761.8	206.3425	1000.0	908.5	899999	436.4559	100.13704	436.4556	100.14037	5.9986434	-436.47455	28.246613	0.09305054	0.00013928818	9005.173540353775
181	4856.3335	1930.0464	5828.2017	549.32916	5635.6235	129.10797	5810.3794	5182.98	859.0	997.05	904999	436.89996	100.38894	436.89984	100.393234	5.994414	-436.94754	28.508793	0.09251769	0.0005313191	9054.744435787201
182	5658.3325	32.76064	5701.3076	5605.0522	5699.702	461.54868	5887.1094	3708.6804	1000.0	982.95	909999	437.84686	100.18026	437.8468	100.18678	6.0009007	-437.8803	28.352541	0.09174713	-6.852305e-05	9104.321102380753
183	5653.55	115.82359	5839.449	5545.893	5272.3354	772.20905	5841.3228	3315.6729	1000.0	943.4	914999	438.4657	100.26427	438.4653	100.2718	6.0002604	-438.4868	27.95521	0.092838235	-1.2727321e-05	9154.360119581223
184	5594.7344	352.91904	5818.7007	4898.4287	5715.754	28.54212	5762.9575	5635.968	972.8	1000.0	919999	439.3884	100.16949	439.3886	100.171074	5.9997	-439.4325	28.20007	0.09365058	4.1541196e-05	9206.301068782806
185	5728.986	98.63083	5889.1074	5623.4146	5548.1143	594.48816	5872.977	3740.2422	1000.0	965.85	924999	440.33255	100.198326	440.33304	100.201996	5.999628	-440.3718	27.955618	0.090673685	4.7084475e-05	9257.864803791046
186	5728.411	34.312878	5768.6816	5669.5474	5781.137	29.06386	5861.6133	5738.165	1000.0	1000.0	929999	440.9779	100.342224	440.97766	100.35061	5.9942756	-441.0028	27.880596	0.091958694	0.0005308097	9307.433190107346
187	5615.2524	104.419624	5756.7764	5467.339	4721.044	1839.4474	5708.1255	366.9453	1000.0	865.3	934999	441.48944	100.62582	441.4893	100.62843	6.0046206	-441.5128	28.357676	0.092605345	-0.0004046646	9357.015698194504
188	4764.855	2048.3123	5758.98	186.83324	5410.21	510.74384	5801.1763	3258.6118	849.1667	980.35	939999	442.0722	100.664986	442.07236	100.668884	6.008317	-442.09464	28.047163	0.09220302	-0.00076564634	9406.65859246254
189	5725.17	106.11285	5885.8525	5580.8945	5701.4097	50.614925	5783.472	5589.4077	1000.0	1000.0	944999	442.70193	100.3269	442.70175	100.33273	5.991199	-442.7224	28.178188	0.09194265	0.00083555887	9457.371263980865
190	5735.651	52.758926	5829.2134	5669.673	5772.3286	51.482918	5875.864	5631.2227	1000.0	1000.0	949999	443.60706	99.966705	443.6073	99.97078	5.9948077	-443.6222	27.664772	0.09080469	0.00048155012	9509.280815839767
191	5722.3467	156.21094	5920.8833	5489.649	5371.968	486.5886	5834.751	3809.428	1000.0	976.05	954999	443.91235	100.85411	443.91205	100.86187	6.0013022	-443.93124	27.5135	0.09112674	-0.000105055144	9559.838962078094
192	5751.2163	45.242012	5822.4854	5684.4155	5149.8584	1069.4966	5812.549	1164.953	1000.0	938.6	959999	444.52274	100.71058	444.52234	100.70713	6.000135	-444.5365	28.26015	0.08963318	-2.2482872e-07	9609.419509649277
193	5131.5776	1013.96844	5676.4253	2893.5154	5691.09	36.52516	5758.2393	5579.762	926.6667	1000.0	964999	445.19644	100.84772	445.1969	100.85169	6.005627	-445.2271	26.99441	0.090664126	-0.000500043	9658.910320281982
194	5587.708	146.03798	5792.4136	5418.733	5735.5894	41.423218	5809.6323	5667.0854	1000.0	1000.0	969999	445.9369	100.72873	445.93695	100.734566	6.0013595	-445.95514	27.327347	0.09137727	-0.00011638386	9708.36774110794
195	5675.6436	177.7627	5854.013	5398.2935	5596.667	40.455112	5685.5845	5523.596	1000.0	1000.0	974999	446.16064	100.68431	446.1602	100.68879	5.9879775	-446.1647	27.605406	0.09096499	0.0011004718	9760.289935350418
196	5644.3076	63.231663	5717.5894	5553.1724	5429.968	76.10617	5626.4272	5287.9814	1000.0	1000.0	979999	447.0116	100.14273	447.0118	100.146774	6.007658	-447.0124	26.846272	0.090587474	-0.00067262	9812.291238069534
197	5726.93	126.23675	5944.6997	5577.535	5245.2554	825.69446	5779.055	3390.478	1000.0	937.25	984999	447.54535	99.98343	447.54565	99.98743	5.9889593	-447.5686	27.279009	0.09021255	0.0009983174	9862.118886947632
198	5635.6953	56.2231	5697.782	5555.318	5568.6226	68.992165	5695.04	5414.2114	1000.0	1000.0	989999	448.32504	99.56171	448.32455	99.56441	6.013281	-448.31735	26.787163	0.09099927	-0.0011787381	9911.692884206772
199	5663.565	48.33801	5726.8726	5604.086	5746.7124	35.685387	5840.886	5704.883	1000.0	1000.0	994999	448.56204	99.50703	448.56195	99.51027	5.9959955	-448.5538	26.47806	0.09087719	0.00038162712	9961.372599124908
200	5694.9272	127.894844	5894.133	5535.2866	5770.6787	75.45666	5935.5303	5646.3823	1000.0	1000.0	999999	449.028	99.32618	449.0283	99.33143	5.996489	-449.0338	27.074732	0.08921254	0.00032689795	10011.533391714096
