Epoch	AverageEpRet	StdEpRet	MaxEpRet	MinEpRet	AverageTestEpRet	StdTestEpRet	MaxTestEpRet	MinTestEpRet	EpLen	TestEpLen	TotalEnvInteracts	AverageQ1Vals	StdQ1Vals	AverageQ2Vals	StdQ2Vals	LossPi	LossQ	Time
1	16.815823	3.5106463	38.645283	9.57963	62.82262	31.813454	105.9015	24.551954	14.633431	59.35	4999	7.5864496	4.8600044	7.586547	4.860128	-8.602487	0.07974696	36.34092593193054
2	16.634977	3.3070223	33.284916	10.464473	59.73042	19.889568	88.82902	15.15022	14.312321	60.35	9999	17.946083	7.6383176	17.945955	7.639087	-19.542442	0.22291332	76.30508184432983
3	70.94886	23.414387	132.42093	17.688417	77.11851	21.851522	118.347404	28.651129	62.6625	65.65	14999	29.778835	10.445014	29.778772	10.446873	-31.987318	1.3330194	119.53114247322083
4	102.34142	94.03455	776.21173	24.071234	98.18949	19.213146	135.25113	66.070984	84.49152	67.8	19999	38.210697	12.892045	38.21063	12.893229	-40.309128	1.5360159	162.6865270137787
5	86.87553	43.944595	180.90729	17.613167	107.123764	37.42072	193.92056	48.19922	68.60274	81.6	24999	44.756645	14.79816	44.756527	14.800492	-46.80933	2.4235284	207.9792835712433
6	92.09367	22.252516	151.30904	35.68885	104.95919	29.91543	189.06465	29.428732	77.765625	85.4	29999	49.615017	17.381664	49.61505	17.385218	-51.575024	2.5763664	252.80757069587708
7	109.29169	45.121174	215.97476	34.215374	96.63177	54.5699	280.16592	37.77543	86.51724	84.4	34999	52.872192	20.21226	52.872276	20.215216	-54.74719	3.050596	300.9716956615448
8	201.17093	137.7765	488.2129	28.864523	208.3785	210.84828	736.1533	33.47821	220.5238	231.2	39999	56.450264	22.061186	56.450436	22.067982	-58.32466	3.7568383	363.03192234039307
9	188.73344	215.04164	726.9333	26.614338	299.4356	237.29709	875.522	31.154133	213.0	289.85	44999	61.273743	22.590876	61.27392	22.595598	-63.182224	4.1212063	423.3329322338104
10	185.02603	181.00055	724.69885	31.657106	164.67471	110.00298	529.7605	34.402504	174.64285	166.35	49999	65.14282	23.001343	65.143105	23.004034	-67.05669	4.4703226	478.83843994140625
11	282.46167	170.81361	749.16864	77.02931	342.70776	322.52805	971.6512	25.357908	233.86363	325.45	54999	68.45306	23.063547	68.45301	23.066084	-70.32468	5.120152	540.4030208587646
12	228.40527	254.78484	1330.3057	22.862177	101.03717	60.086567	269.16266	39.313183	189.0	105.35	59999	70.78255	23.185366	70.78286	23.185287	-72.51971	4.970259	586.3795771598816
13	158.55052	130.97417	598.8305	10.922199	140.47194	86.320854	347.80774	27.05611	151.0	141.95	64999	72.351715	23.810139	72.35189	23.808622	-73.961914	5.2800493	634.8049948215485
14	203.69911	146.73218	759.9083	23.071804	189.68022	210.99483	821.9897	17.084953	174.65384	198.2	69999	74.99188	23.969576	74.99181	23.969664	-76.69101	5.3562403	696.4010300636292
15	615.57733	343.42157	987.0056	18.705791	801.5321	370.45337	1259.3162	64.10864	672.875	733.65	74999	77.34366	24.041626	77.34365	24.046251	-78.94805	5.382023	758.0887968540192
16	671.5954	502.12042	1408.2255	126.157936	437.58466	292.29324	919.4173	46.089687	509.8	341.9	79999	80.163635	24.109156	80.163994	24.10812	-81.7771	5.354486	819.4980614185333
17	1035.309	408.58807	1389.2118	256.94415	872.8888	260.0112	1330.7852	154.16821	802.0	897.4	84999	83.41152	24.16954	83.411766	24.168308	-85.02044	5.3612947	880.4575645923615
18	486.20108	477.55365	1307.2657	19.03644	899.6839	351.78726	1422.4232	39.620445	463.54544	811.05	89999	86.3192	24.10443	86.319046	24.101612	-87.91596	5.168957	942.0400657653809
19	737.05164	401.15918	1449.0607	176.89638	1158.1462	464.63095	1518.7231	15.06913	606.125	854.3	94999	88.69442	24.306984	88.6942	24.30608	-90.24906	5.335316	1003.6181416511536
20	1370.3354	276.4726	1549.9064	820.7528	1530.7743	31.012585	1582.0708	1454.3425	905.6	1000.0	99999	91.42611	24.719486	91.426254	24.718382	-92.9643	5.2285986	1064.8751811981201
21	1483.0988	24.864738	1507.2198	1441.72	1494.0052	17.184198	1518.4474	1449.7229	1000.0	1000.0	104999	94.381454	25.001265	94.38137	24.998545	-95.86071	5.1504564	1126.1448528766632
22	885.4165	614.0552	1531.7643	22.273928	946.7609	295.23535	1404.4968	248.59492	601.6667	909.5	109999	97.58065	24.768063	97.5807	24.769983	-99.11962	5.143875	1186.650241136551
23	1083.7505	331.02563	1376.9622	466.93106	836.65247	277.4813	1175.6761	39.374832	853.6667	908.3	114999	100.636444	24.52209	100.6363	24.52351	-102.14375	5.15414	1245.9863004684448
24	1357.2932	262.59174	1540.6791	858.08105	1588.8129	23.33858	1621.582	1537.8992	931.4	1000.0	119999	103.05239	24.24247	103.052185	24.245804	-104.45328	4.883479	1290.3246068954468
25	1503.3483	23.679245	1534.4141	1466.3773	1538.3823	17.210604	1561.6862	1499.0743	995.4	1000.0	124999	105.097664	24.164373	105.097626	24.167421	-106.40615	4.932018	1334.64927983284
26	1526.676	20.010563	1561.8088	1506.6132	1454.013	297.0727	1572.2708	166.11353	1000.0	955.65	129999	107.04637	24.031895	107.0464	24.033613	-108.37805	4.7595444	1378.870578289032
27	1497.2832	139.79845	1607.6233	1222.6471	1608.9397	21.70288	1647.5504	1556.3146	1000.0	1000.0	134999	108.817375	23.885756	108.81716	23.886385	-110.09377	4.47373	1423.2416608333588
28	1312.829	567.02344	1610.8014	52.23365	1504.6946	100.47671	1572.9822	1091.5876	841.8333	985.8	139999	110.52957	23.911758	110.529434	23.908216	-111.7491	4.412847	1467.4824240207672
29	1555.8147	25.821537	1589.0339	1510.0387	1439.7189	500.9442	1709.2484	39.75278	1000.0	903.3	144999	112.1793	23.778282	112.179375	23.778816	-113.41775	4.3827033	1511.847130537033
30	1345.4495	586.235	1665.6016	37.071964	1563.9342	348.59042	1678.3058	48.51423	838.0	956.0	149999	113.96317	23.719427	113.96311	23.719633	-115.14719	4.4595804	1556.2214999198914
31	1200.9846	664.477	1629.9171	79.34176	1561.5483	351.90106	1680.1544	33.11586	748.2857	952.6	154999	115.65198	23.85733	115.65184	23.860064	-116.80895	4.411625	1600.5107591152191
32	1149.3484	695.01685	1625.5941	29.104454	1517.3555	343.88348	1617.0746	19.169235	736.1429	951.4	159999	117.0077	24.108797	117.00775	24.110086	-118.11356	4.3853	1644.823162317276
33	1486.9413	227.64081	1629.2666	1032.91	1612.385	23.078764	1644.7882	1548.6118	1000.0	1000.0	164999	118.25826	24.257511	118.25824	24.258438	-119.33126	4.6141205	1689.2385189533234
34	1616.946	32.933163	1650.9624	1566.325	1569.2935	344.97586	1661.5933	66.27259	1000.0	954.45	169999	119.63044	24.251266	119.63035	24.25436	-120.75074	4.3281584	1733.6004152297974
35	1588.5881	127.69677	1684.4485	1335.6445	1686.2517	9.273844	1705.8846	1663.3289	1000.0	1000.0	174999	121.1243	24.085407	121.12431	24.083965	-122.18617	4.277624	1777.973177909851
36	1631.0297	22.433952	1668.6666	1601.1761	1522.1178	318.1913	1714.3069	730.0526	1000.0	1000.0	179999	122.6006	24.08255	122.60064	24.083712	-123.66065	4.1944146	1822.177617073059
37	1059.0448	641.60596	1634.7396	17.765844	1535.3665	11.7071085	1554.8348	1514.0216	690.5714	1000.0	184999	124.17184	24.02242	124.172035	24.020823	-125.27169	4.166905	1866.5425946712494
38	1546.5245	27.903847	1582.7856	1505.566	1630.9728	14.454419	1657.1506	1610.3296	1000.0	1000.0	189999	125.513725	24.181248	125.51349	24.180399	-126.543724	4.318047	1910.9876482486725
39	1342.3822	592.9616	1626.0585	16.816175	1289.4167	735.0123	1726.6544	15.02688	835.5	753.25	194999	126.78891	23.934153	126.789085	23.931616	-127.83447	4.361117	1955.274569272995
40	1628.4995	23.243334	1668.6152	1598.7095	1611.1234	10.980359	1639.8649	1592.6481	1000.0	1000.0	199999	128.08055	23.70937	128.08072	23.707697	-129.09462	4.34947	1999.639300584793
41	1625.5161	29.696325	1673.5592	1588.9235	1740.9475	15.726401	1765.2136	1710.6392	1000.0	1000.0	204999	129.27336	23.553833	129.2734	23.55622	-130.24287	4.167822	2043.8916015625
42	1660.2097	13.042455	1679.5674	1644.6548	1358.5446	671.34015	1712.8497	12.260841	1000.0	812.45	209999	130.3159	23.46433	130.31581	23.466457	-131.35582	4.2700453	2088.1230113506317
43	947.77026	823.1482	1731.2128	6.252011	1709.5378	33.655342	1758.0645	1631.124	585.6667	1000.0	214999	131.289	23.101715	131.28911	23.10034	-132.23721	4.021444	2132.4481179714203
44	1707.6832	29.807962	1740.7391	1660.0709	1768.3903	20.335163	1809.5092	1733.4882	1000.0	1000.0	219999	131.89131	23.262152	131.89145	23.260437	-132.80626	4.081956	2176.649391889572
45	1689.7096	29.482506	1722.075	1637.8882	1738.9127	14.21843	1757.9973	1708.7775	1000.0	1000.0	224999	132.68985	23.426792	132.68994	23.426237	-133.63243	3.8308575	2221.080166578293
46	1703.0472	18.791067	1726.7286	1670.2666	1749.4456	17.048864	1774.4358	1697.4526	1000.0	1000.0	229999	133.67143	23.227488	133.67137	23.226355	-134.60349	3.9630919	2265.32474565506
47	1694.9789	25.414919	1731.3325	1663.0277	1667.5261	366.23328	1782.5746	74.0706	1000.0	952.6	234999	134.53839	23.193945	134.53828	23.196087	-135.43057	4.061075	2309.51394033432
48	1714.2805	18.371037	1743.0521	1692.5763	1814.7234	15.479212	1835.6971	1773.1942	1000.0	1000.0	239999	135.39069	23.10398	135.39044	23.104942	-136.29262	3.9924688	2353.851984977722
49	1722.9847	27.246593	1750.9298	1689.5819	1734.4971	8.671378	1745.5846	1712.7157	1000.0	1000.0	244999	136.35333	22.859623	136.35321	22.861975	-137.24048	3.7839403	2398.310426235199
50	1700.2162	29.353762	1735.7559	1652.5585	1770.6106	12.604186	1798.9119	1752.159	1000.0	1000.0	249999	137.32483	22.665487	137.3249	22.665867	-138.19148	3.6936047	2442.6711258888245
51	1705.4587	16.269678	1733.2567	1684.6173	1682.7396	36.929806	1729.524	1590.556	1000.0	1000.0	254999	138.09274	22.67131	138.09247	22.670212	-138.9656	3.5381782	2487.0586864948273
52	1715.3894	26.848701	1747.5834	1679.1334	1428.094	426.18692	1641.0756	65.04797	1000.0	883.95	259999	138.88016	22.530071	138.88043	22.53252	-139.71194	3.4430578	2531.4097933769226
53	1716.9528	16.153536	1740.4713	1697.8337	1749.7346	9.38859	1767.6644	1728.0227	1000.0	1000.0	264999	139.68672	22.313791	139.6867	22.313894	-140.51851	3.3412848	2575.7947421073914
54	1753.6165	19.998964	1784.4823	1733.7771	1762.0934	25.96801	1807.6913	1713.2554	1000.0	1000.0	269999	140.34709	22.375782	140.34705	22.37764	-141.17986	3.444371	2620.093414783478
55	1754.4469	19.624441	1769.2261	1717.13	1733.127	10.14935	1750.3673	1704.6204	1000.0	1000.0	274999	141.08165	22.1183	141.08159	22.11832	-141.88557	3.3837543	2664.545213699341
56	1726.9587	37.720577	1757.2186	1658.3533	1750.3435	13.418868	1772.9135	1728.7448	1000.0	1000.0	279999	141.69072	22.173143	141.69052	22.172432	-142.49625	3.5163438	2708.8868079185486
57	1745.6719	9.351333	1758.6255	1733.767	1800.7015	5.7134542	1812.1628	1788.3202	1000.0	1000.0	284999	142.25903	22.024908	142.25914	22.02565	-143.05307	3.372139	2753.322832107544
58	1730.4537	33.210213	1771.6616	1678.1204	1736.2014	29.38947	1782.2704	1665.8787	1000.0	1000.0	289999	142.90329	21.962698	142.90338	21.962013	-143.68228	3.4789789	2797.684648990631
59	1743.7621	25.774439	1776.9406	1704.2285	1262.0078	485.82938	1688.7122	201.69864	1000.0	824.4	294999	143.5235	21.905378	143.52336	21.904854	-144.29518	3.148399	2842.107113599777
60	1763.7424	11.072681	1780.505	1746.3557	1716.6996	10.403922	1739.3236	1698.9669	1000.0	1000.0	299999	143.95947	21.860456	143.95947	21.860037	-144.71117	3.3073044	2886.398311138153
61	1750.2103	14.88934	1767.2494	1726.4563	1778.4117	8.831002	1791.4451	1760.2655	1000.0	1000.0	304999	144.4204	21.768099	144.42027	21.767776	-145.1641	3.2926853	2930.7225017547607
62	1775.0092	23.32437	1805.2297	1744.4348	1827.2258	39.9929	1861.6416	1714.1592	1000.0	1000.0	309999	144.98349	21.5906	144.98337	21.593046	-145.71443	3.0881398	2974.9325735569
63	1750.1731	37.741413	1790.5573	1698.0927	1765.0055	49.763096	1792.4844	1557.7837	1000.0	994.5	314999	145.44333	21.655025	145.44339	21.654867	-146.11179	3.1787202	3019.217854976654
64	1759.2395	18.016163	1788.141	1741.6869	1781.2828	14.518417	1812.3301	1757.4327	1000.0	1000.0	319999	145.86874	21.660702	145.86859	21.660694	-146.59892	3.1471198	3063.4225137233734
65	1663.2673	219.96967	1789.2338	1223.6882	1634.8574	349.99872	1731.2455	109.701775	940.8	954.2	324999	146.27689	21.691833	146.277	21.693378	-146.98697	3.0158215	3107.918643474579
66	1744.6439	13.198272	1768.7616	1733.9346	1748.9039	107.806465	1853.3011	1543.1686	1000.0	1000.0	329999	146.72498	21.555141	146.72511	21.554277	-147.40048	3.2378414	3152.4548041820526
67	1754.518	17.5254	1772.6522	1732.2957	1785.7051	21.464218	1810.8567	1722.0394	1000.0	1000.0	334999	147.24841	21.253874	147.24834	21.251728	-147.9089	3.0538263	3196.732407093048
68	1751.0139	33.398197	1784.4882	1696.2753	1795.3363	8.815766	1814.4393	1779.7623	1000.0	1000.0	339999	147.62003	21.241539	147.62007	21.242685	-148.25322	3.0345626	3240.8900740146637
69	1750.5332	10.320521	1761.047	1735.6119	1798.2668	20.993235	1828.3032	1755.2974	1000.0	1000.0	344999	148.01227	21.304728	148.01216	21.30681	-148.67972	3.1022193	3284.978301048279
70	1766.2947	18.558847	1783.872	1731.3932	1879.7117	5.8953853	1891.3699	1867.5001	1000.0	1000.0	349999	148.38232	21.17501	148.38246	21.174017	-149.07346	3.0565348	3329.2502806186676
71	1781.0977	15.183784	1800.3339	1760.5298	1798.2336	18.077427	1824.8109	1750.4474	1000.0	1000.0	354999	148.75264	21.026003	148.75266	21.02524	-149.4059	3.1064827	3373.3595950603485
72	1799.4196	8.7844715	1812.5054	1789.5977	1832.9424	9.733873	1847.3982	1818.0897	1000.0	1000.0	359999	149.24736	20.843037	149.24724	20.841406	-149.89247	3.020881	3417.610286951065
73	1781.9313	16.631435	1812.1903	1765.881	1771.3918	12.071573	1789.689	1726.6853	1000.0	1000.0	364999	149.84344	20.554996	149.8435	20.556122	-150.48868	2.9729226	3462.041723251343
74	1767.343	14.353283	1795.199	1755.0472	1862.6804	11.509641	1885.9553	1844.2498	1000.0	1000.0	369999	150.20522	20.525862	150.20515	20.522655	-150.8035	3.015685	3506.5216698646545
75	1790.1262	12.935875	1812.0332	1773.0687	1847.9137	13.570681	1862.989	1805.3976	1000.0	1000.0	374999	150.54701	20.463612	150.54707	20.464941	-151.20488	3.1103745	3550.918367624283
76	1777.259	27.832434	1827.3188	1746.0999	1832.6067	11.278008	1855.4769	1807.1417	1000.0	1000.0	379999	151.03809	20.376335	151.03806	20.373718	-151.66655	2.9764614	3595.254107236862
77	1751.9626	13.526433	1771.5066	1729.778	1745.7474	9.312231	1761.7524	1728.5387	1000.0	1000.0	384999	151.4526	20.513472	151.45259	20.512115	-152.08702	3.002128	3639.705920934677
78	1771.4529	26.849049	1806.2533	1727.5859	1753.1039	17.44054	1784.9381	1727.0065	1000.0	1000.0	389999	151.84998	20.374706	151.84993	20.37277	-152.43582	2.8671029	3684.17400765419
79	1778.1653	20.134111	1796.7772	1739.73	1665.916	367.45132	1780.0706	66.03999	1000.0	952.55	394999	152.18298	20.171541	152.1829	20.171406	-152.78883	3.005162	3728.57141661644
80	1791.9408	12.893881	1806.0637	1775.6937	1810.9492	12.363863	1833.7285	1785.768	1000.0	1000.0	399999	152.38715	20.206987	152.38704	20.207432	-152.99597	2.996064	3772.8992688655853
81	1811.4303	8.4971695	1821.6122	1800.9783	1776.1332	9.216314	1801.5216	1765.5215	1000.0	1000.0	404999	152.83705	19.881691	152.83708	19.881924	-153.44095	2.7510593	3817.2232327461243
82	1794.1537	17.192493	1817.4828	1772.7186	1648.8652	531.97614	1838.9481	44.52178	1000.0	904.7	409999	153.23842	19.871376	153.23839	19.871967	-153.7865	2.5476382	3861.4682343006134
83	1808.4371	17.460878	1832.0615	1783.2135	1796.9094	39.89568	1903.2588	1729.208	1000.0	1000.0	414999	153.56708	19.889801	153.56702	19.889318	-154.14412	2.6779265	3905.7294998168945
84	1754.1348	86.07978	1831.6748	1589.9547	1771.6641	9.781359	1791.0975	1748.544	1000.0	1000.0	419999	153.85535	19.934174	153.85542	19.935234	-154.44011	2.7282374	3950.009970664978
85	1819.5068	14.49741	1839.5607	1795.6699	1856.9615	12.132566	1878.9021	1830.4248	1000.0	1000.0	424999	154.30086	19.621172	154.3007	19.62286	-154.8574	2.6654394	3994.312371969223
86	1817.3971	14.039224	1833.855	1799.0842	1777.2943	6.3316	1787.1613	1762.728	1000.0	1000.0	429999	154.65294	19.455524	154.65297	19.454807	-155.2316	2.5749407	4038.754888534546
87	1827.8914	18.745033	1851.4688	1798.8444	1818.3738	16.872292	1847.2467	1787.2804	1000.0	1000.0	434999	155.00337	19.467213	155.0034	19.46964	-155.53995	2.6271935	4082.966458082199
88	1830.3766	20.812326	1858.9707	1806.2125	1889.1595	12.710535	1907.5708	1857.1962	1000.0	1000.0	439999	155.49014	19.259777	155.49	19.261631	-156.02937	2.568811	4127.3205626010895
89	1800.1152	16.892185	1829.1869	1777.519	1863.925	17.051407	1880.8883	1822.6387	1000.0	1000.0	444999	155.75092	19.454819	155.75082	19.454622	-156.29488	2.6408832	4171.650811910629
90	1745.8748	132.47588	1849.4558	1483.8882	1700.1168	375.01514	1828.7789	69.12603	1000.0	952.65	449999	156.01485	19.365028	156.01479	19.363615	-156.58302	2.4668899	4215.920561552048
91	1607.0801	452.52057	1846.3744	597.4096	1784.2955	48.316658	1881.5677	1705.0957	887.5	1000.0	454999	156.24246	19.180399	156.2427	19.180412	-156.78365	2.4893026	4260.040257692337
92	1833.9592	9.741757	1844.679	1818.4641	1765.2455	18.514704	1797.9122	1734.3632	1000.0	1000.0	459999	156.51506	18.969381	156.51509	18.968288	-157.04393	2.4978352	4304.242666482925
93	1799.3547	27.904001	1839.9783	1763.7465	1813.7135	39.475433	1876.8873	1733.0503	1000.0	1000.0	464999	156.7348	18.915762	156.7349	18.917646	-157.2524	2.4565485	4348.5396201610565
94	1825.5182	11.545142	1844.7068	1812.5173	1778.8186	8.358427	1793.7023	1765.5023	1000.0	1000.0	469999	157.15201	18.820301	157.15201	18.819498	-157.6537	2.4196837	4392.86156129837
95	1812.6088	19.19286	1831.1746	1777.9678	1858.6428	18.540613	1897.4663	1825.4224	1000.0	1000.0	474999	157.4328	18.895172	157.43266	18.892021	-157.95834	2.4165044	4437.214330673218
96	1722.5916	203.19058	1854.4728	1319.4241	1758.8326	142.86595	1899.315	1260.9912	1000.0	988.6	479999	157.70113	18.617851	157.70114	18.615786	-158.16919	2.3310661	4481.428886413574
97	1498.3738	518.95087	1842.5077	490.5644	1818.5957	8.878609	1829.6584	1798.6293	856.6	1000.0	484999	157.96086	18.668194	157.96066	18.668194	-158.49437	2.3666391	4525.810210943222
98	1845.941	11.891345	1859.2261	1824.5975	1870.972	14.063337	1896.4207	1837.5686	1000.0	1000.0	489999	158.12234	18.914274	158.1222	18.915716	-158.63628	2.4149795	4570.006563425064
99	1782.7441	104.466995	1849.9164	1575.5746	1738.1049	384.38696	1868.9637	67.77094	1000.0	953.45	494999	158.35652	18.858774	158.35672	18.856567	-158.8839	2.3059454	4614.197351932526
100	1826.4525	12.091647	1845.8315	1810.921	1900.1305	12.81514	1918.6547	1861.1262	1000.0	1000.0	499999	158.6224	18.604975	158.62228	18.605408	-159.13684	2.4199831	4658.457369327545
101	1803.5394	76.42155	1851.6097	1651.749	1685.9602	256.73663	1925.0896	1032.891	1000.0	937.25	504999	158.80426	18.485996	158.80426	18.482775	-159.32228	2.223603	4702.756437778473
102	1828.9412	18.71494	1847.1859	1794.1744	1905.8538	9.050311	1922.3563	1887.1681	1000.0	1000.0	509999	159.10437	18.295227	159.10452	18.294184	-159.59085	2.3110437	4747.060474395752
103	1846.4688	5.8280115	1853.6519	1837.9415	1893.136	7.05741	1905.061	1880.8457	1000.0	1000.0	514999	159.42058	18.20884	159.42046	18.209135	-159.91443	2.256493	4791.151199579239
104	1847.0137	12.335495	1867.5316	1829.6381	1898.8685	5.965762	1908.0277	1887.0688	1000.0	1000.0	519999	159.68443	18.22608	159.68436	18.225756	-160.14378	2.1509075	4835.465298175812
105	1859.1285	9.373384	1868.3723	1841.8688	1880.7936	7.0565653	1898.433	1872.6316	1000.0	1000.0	524999	159.91608	18.186626	159.91592	18.1853	-160.37418	2.1916676	4879.715070962906
106	1844.054	10.064248	1862.625	1833.7129	1946.335	6.0771084	1954.1981	1934.206	1000.0	1000.0	529999	160.07388	18.157448	160.07396	18.157276	-160.5533	2.3193407	4924.184163570404
107	1834.5443	18.27058	1857.0256	1808.9362	1944.6799	7.2327914	1953.6824	1925.0278	1000.0	1000.0	534999	160.31934	18.078295	160.31927	18.076408	-160.78987	2.1489987	4968.476479768753
108	1870.6084	18.696255	1904.8451	1850.7181	1905.4932	7.713561	1921.0903	1887.2443	1000.0	1000.0	539999	160.53336	18.043026	160.53336	18.042282	-161.0122	2.1639252	5012.709314823151
109	1866.6572	11.191089	1882.5055	1852.8595	1893.8887	5.3039446	1906.1501	1883.519	1000.0	1000.0	544999	160.74568	17.92412	160.74557	17.923414	-161.22025	2.1054747	5057.127236127853
110	1862.8766	6.1457877	1868.9373	1851.7981	1894.2776	13.475333	1915.1564	1877.1505	1000.0	1000.0	549999	161.06252	17.829435	161.0625	17.82912	-161.5078	2.1330702	5101.336622714996
111	1863.9635	8.261234	1875.1777	1854.7416	1890.6396	7.5977364	1908.2252	1878.1511	1000.0	1000.0	554999	161.28464	17.993967	161.28467	17.992678	-161.70552	2.2663243	5145.72794342041
112	1720.7311	325.7319	1906.535	1069.9092	1849.1582	15.212115	1887.3011	1821.7018	1000.0	999.95	559999	161.55823	17.88313	161.55827	17.883692	-162.02849	2.111993	5190.049926042557
113	1880.116	16.226814	1900.8156	1851.0458	1878.3484	7.5427446	1890.8828	1865.7239	1000.0	1000.0	564999	161.87245	17.800194	161.87251	17.799606	-162.32439	2.1013618	5234.359874486923
114	1875.5238	14.18788	1891.4752	1852.3815	1888.1514	4.2742367	1895.715	1879.6204	1000.0	1000.0	569999	162.19104	17.525259	162.19112	17.523327	-162.6719	2.0458558	5278.758503198624
115	1865.292	16.080471	1885.48	1843.8875	1895.737	6.846334	1907.7396	1884.9171	1000.0	1000.0	574999	162.35913	17.634258	162.35909	17.633335	-162.8113	2.1129107	5323.010191440582
116	1865.71	18.506035	1899.5054	1844.7869	1789.6967	257.89926	1911.5973	675.80725	1000.0	968.5	579999	162.59734	17.659044	162.59738	17.65891	-163.03584	2.073059	5367.218149900436
117	1878.0892	11.102118	1897.4473	1862.7778	1909.7048	12.747035	1930.8911	1889.6799	1000.0	1000.0	584999	162.75508	17.801022	162.75508	17.801031	-163.19064	2.1330383	5411.496195793152
118	1873.637	18.288427	1896.9952	1850.8546	1926.2383	7.43519	1936.6277	1913.4913	1000.0	1000.0	589999	162.98677	17.72254	162.98685	17.720499	-163.42659	2.043484	5455.674039840698
119	1876.3762	9.047161	1890.8436	1865.8085	1931.4069	4.5462575	1940.0006	1923.0411	1000.0	1000.0	594999	163.13625	17.878103	163.13637	17.875227	-163.56935	1.9217367	5499.978930950165
120	1861.3578	40.70737	1894.4347	1783.585	1857.4672	7.5966644	1869.2673	1844.049	1000.0	1000.0	599999	163.32166	17.742666	163.32138	17.742346	-163.76566	2.0300105	5544.234747409821
121	1859.6355	18.491285	1880.8416	1825.7638	1807.457	259.2567	1910.0896	686.5418	1000.0	969.6	604999	163.47827	17.608517	163.47827	17.606152	-163.91373	2.063241	5588.440028429031
122	1879.3887	23.778652	1903.9199	1846.7147	1949.1078	8.958019	1960.301	1923.1375	1000.0	1000.0	609999	163.69211	17.647041	163.69214	17.644468	-164.1236	1.9842578	5632.755218029022
123	1909.6348	12.178499	1930.636	1897.682	1892.9137	8.943208	1907.3557	1875.1456	1000.0	1000.0	614999	163.88414	17.758337	163.88417	17.758245	-164.33072	1.9856278	5677.100281715393
124	1918.925	13.505206	1940.3903	1904.9043	1926.8822	16.448635	1953.5197	1894.5519	1000.0	1000.0	619999	164.04921	17.769188	164.04915	17.768534	-164.48296	2.0247326	5721.35627913475
125	1902.2034	15.721569	1922.4507	1877.7327	1884.0085	24.997923	1922.7595	1817.8558	1000.0	1000.0	624999	164.2052	17.67569	164.20508	17.675526	-164.62523	2.1374938	5765.476398706436
126	1894.6768	11.253608	1907.2384	1875.4712	1952.4043	7.2711673	1960.4802	1936.254	1000.0	1000.0	629999	164.45001	17.9525	164.4499	17.950216	-164.8506	2.1158504	5809.649374961853
127	1901.7705	18.835014	1923.3527	1874.4972	1917.6527	12.194166	1948.3325	1893.0131	1000.0	1000.0	634999	164.57323	18.166843	164.57335	18.164623	-164.97658	1.9865937	5853.890452623367
128	1913.8938	6.197398	1923.8369	1907.5676	1928.6648	11.502799	1951.4978	1891.2565	1000.0	1000.0	639999	164.83597	18.090523	164.83592	18.092348	-165.26917	2.0253668	5898.020786762238
129	1921.1781	21.840122	1955.1444	1887.6597	1942.0686	8.440789	1956.8495	1925.665	1000.0	1000.0	644999	165.11858	17.838017	165.11836	17.839445	-165.53845	1.9665297	5942.2062656879425
130	1914.7379	20.342907	1936.5514	1880.8601	2005.1296	5.610762	2014.3347	1990.6882	1000.0	1000.0	649999	165.36066	17.91362	165.36064	17.911701	-165.79515	1.9566146	5986.45792555809
131	1923.2712	16.042734	1939.8295	1893.5564	1937.623	5.620955	1950.6405	1928.1656	1000.0	1000.0	654999	165.68361	17.923162	165.6836	17.921923	-166.09862	1.9452804	6030.64813041687
132	1925.733	5.244904	1935.1211	1921.4221	1983.4437	7.380928	1994.7131	1962.5984	1000.0	1000.0	659999	166.04227	17.63397	166.04228	17.631657	-166.45966	1.9660231	6074.828973770142
133	1939.8707	12.027431	1956.9834	1927.9551	1931.5684	19.821896	1966.8936	1890.3427	1000.0	1000.0	664999	166.4084	17.533533	166.4083	17.532597	-166.8437	1.9230835	6118.9845559597015
134	1950.9213	12.836098	1964.6417	1928.7708	1868.3617	14.837515	1895.0016	1835.2224	1000.0	1000.0	669999	166.71838	17.398718	166.71835	17.399672	-167.14009	1.9881941	6163.035048484802
135	1925.9557	9.944764	1938.2087	1912.8945	1985.3353	9.433931	2000.5933	1965.834	1000.0	1000.0	674999	166.99443	17.469505	166.9942	17.468416	-167.42635	1.9581504	6207.308694124222
136	1944.9336	10.199367	1957.0135	1928.7393	1996.1829	6.6051264	2009.9132	1980.498	1000.0	1000.0	679999	167.08478	17.505568	167.08495	17.501787	-167.47966	2.0578954	6251.479326248169
137	1934.5336	21.118874	1962.89	1898.0795	1966.9316	12.952666	1983.8658	1931.8605	1000.0	1000.0	684999	167.1948	17.675611	167.19467	17.673334	-167.5927	2.299875	6295.808285236359
138	1921.973	17.064451	1948.3324	1897.2117	1937.5348	13.73782	1961.1257	1905.68	1000.0	1000.0	689999	167.3616	17.902956	167.36142	17.903435	-167.80157	2.5841773	6340.045770406723
139	1932.5798	17.607597	1956.173	1908.6248	1896.1461	5.7578325	1905.4076	1883.7125	1000.0	1000.0	694999	167.55464	17.748316	167.5546	17.746923	-168.0009	2.383529	6384.275040388107
140	1945.4141	5.207235	1951.2744	1937.5933	1969.1381	5.775997	1981.7631	1962.0723	1000.0	1000.0	699999	167.6961	17.789425	167.69629	17.788057	-168.128	2.7633905	6428.440630912781
141	1954.5338	12.552615	1973.1782	1936.5483	1994.068	6.5115185	2003.8214	1978.5885	1000.0	1000.0	704999	167.93434	17.474028	167.93423	17.471748	-168.38875	2.649523	6472.686727762222
142	1940.6863	21.00177	1974.1615	1915.5671	1994.2478	8.777492	2006.2327	1978.4138	1000.0	1000.0	709999	168.1368	17.43178	168.1368	17.43009	-168.56085	2.410477	6516.902399778366
143	1697.1606	601.1973	1970.4474	352.8727	1995.4297	15.122686	2018.9019	1964.7781	865.5	1000.0	714999	168.2494	17.495573	168.24944	17.493343	-168.65657	2.2755625	6560.936991214752
144	1942.9395	34.72807	1981.7644	1878.5554	1963.6547	13.441596	1987.6515	1939.3225	1000.0	1000.0	719999	168.53688	17.399445	168.53702	17.398973	-168.95435	2.3233604	6605.161127328873
145	1934.3666	5.4864416	1941.2518	1925.3213	1951.804	6.590704	1965.8635	1937.7261	1000.0	1000.0	724999	168.75232	17.612886	168.75227	17.613155	-169.1549	2.4142191	6649.205728054047
146	1935.7926	19.687666	1956.456	1911.2958	1929.7592	5.076001	1936.7628	1914.0767	1000.0	1000.0	729999	168.9465	17.543423	168.94644	17.543335	-169.35197	2.408655	6693.2484431266785
147	1927.2957	13.475827	1939.1158	1901.0021	1932.6973	10.994166	1958.5398	1913.5654	1000.0	1000.0	734999	169.22107	17.389032	169.22105	17.38829	-169.63635	2.376916	6737.474225759506
148	1964.5886	12.628801	1978.0247	1949.1371	2025.9115	9.323888	2038.3678	2005.4924	1000.0	1000.0	739999	169.57268	17.258781	169.57262	17.257948	-169.99779	2.3706386	6781.723479986191
149	1952.1643	12.638608	1963.436	1930.1283	1956.6921	8.203529	1974.2711	1940.4393	1000.0	1000.0	744999	169.80942	17.295675	169.80948	17.29065	-170.2187	2.620026	6825.894069194794
150	1964.3435	12.816909	1978.5099	1943.7474	1963.4076	5.506069	1973.9305	1953.9554	1000.0	1000.0	749999	170.044	17.25991	170.04393	17.256767	-170.45386	2.4534075	6869.928670167923
151	1954.7449	14.060503	1963.8708	1927.1685	1967.9512	7.1808314	1981.2235	1953.8964	1000.0	1000.0	754999	170.24823	17.15284	170.2483	17.14652	-170.6656	2.4406831	6914.01106262207
152	1962.2048	6.3947353	1973.0232	1953.3556	1981.1478	6.1854706	1988.592	1968.0576	1000.0	1000.0	759999	170.36784	17.123499	170.36778	17.123672	-170.81572	2.8493896	6958.287200689316
153	1958.775	10.90779	1975.6644	1947.2588	1993.0104	10.407768	2004.6107	1959.3462	1000.0	1000.0	764999	170.73271	16.657734	170.73268	16.654377	-171.14532	2.455667	7002.341099262238
154	1853.3191	218.80917	1969.7202	1416.1052	1991.3186	9.529653	2009.6844	1975.5491	944.2	1000.0	769999	170.82414	16.664547	170.82419	16.664288	-171.20892	2.2865527	7046.386077404022
155	1967.7037	10.235159	1981.513	1956.3514	2001.3939	3.444176	2006.4312	1991.7793	1000.0	1000.0	774999	170.95363	16.735598	170.95369	16.733707	-171.33273	2.3422058	7090.419140815735
156	1963.5872	3.6984105	1967.7216	1958.2352	323.59122	103.91851	605.5537	238.26216	1000.0	173.3	779999	170.97502	17.279684	170.97491	17.279509	-171.40483	2.4115856	7125.219479084015
157	1973.0074	9.758598	1986.6815	1959.3264	1981.5654	10.178261	2004.0045	1964.878	1000.0	1000.0	784999	171.37935	16.841448	171.37935	16.838375	-171.8187	2.3131738	7169.4849762916565
158	1961.4368	10.738813	1974.8864	1943.6964	1960.6497	11.101548	1982.9713	1937.5995	1000.0	1000.0	789999	171.5632	16.84745	171.56302	16.844751	-171.97908	2.767088	7213.631742477417
159	1974.2816	4.488566	1979.9883	1968.2311	1947.7871	6.585929	1959.7262	1935.942	1000.0	1000.0	794999	171.61365	17.22611	171.6135	17.226343	-172.00644	2.5103574	7257.664176940918
160	1920.0297	113.74897	2001.4236	1694.0697	2047.8223	5.899926	2055.4287	2035.7701	973.0	1000.0	799999	171.81703	17.222502	171.81694	17.223337	-172.22334	2.5172048	7301.894864559174
161	1983.385	8.704443	1999.4916	1974.618	1994.9368	7.153424	2011.0637	1977.094	1000.0	1000.0	804999	172.06398	17.356184	172.06409	17.352243	-172.45354	2.5484495	7346.0862193107605
162	1972.018	9.45049	1984.8721	1955.9303	2027.031	7.1946154	2037.1018	2011.7357	1000.0	1000.0	809999	172.2653	17.198994	172.26518	17.197706	-172.65382	2.301777	7390.263378143311
163	1976.1609	7.1999183	1987.3008	1966.6755	1980.0455	5.510339	1988.3475	1964.9333	1000.0	1000.0	814999	172.58035	16.86162	172.58044	16.860008	-172.9825	2.2632792	7434.391706943512
164	1849.9437	292.60916	1993.7037	1195.9302	1984.448	5.0773253	1992.2928	1974.4064	933.6667	1000.0	819999	172.8085	16.821657	172.8086	16.817911	-173.19008	2.1477008	7478.649893283844
165	1977.843	10.768768	1992.0862	1961.8947	1934.7595	8.298545	1950.772	1919.3586	1000.0	1000.0	824999	173.09317	16.609312	173.09323	16.606918	-173.51048	2.6938126	7522.785246372223
166	1972.3246	17.240583	1993.3982	1942.1494	1936.3304	6.3337126	1947.6595	1922.981	1000.0	1000.0	829999	173.2585	16.482553	173.25842	16.479156	-173.67839	2.3287814	7566.897170543671
167	1981.7943	13.55098	1998.4937	1962.5566	1979.4498	7.6778164	1990.8833	1963.5878	1000.0	1000.0	834999	173.40277	16.359116	173.40282	16.358871	-173.79926	2.2296746	7611.040626525879
168	1991.6028	8.619661	1999.7277	1980.8419	2008.9164	10.869985	2027.1821	1986.3457	1000.0	1000.0	839999	173.51186	16.408676	173.51201	16.40969	-173.88782	2.3363173	7657.708959817886
169	1973.5232	17.545572	2000.413	1952.7767	1982.2006	10.009401	2001.0107	1959.9369	1000.0	1000.0	844999	173.66656	16.49872	173.66652	16.49413	-174.05453	2.4265983	7701.87424492836
170	1985.0667	13.770969	2004.9529	1967.1606	1958.5549	17.417463	1986.63	1927.7421	1000.0	1000.0	849999	173.87689	16.453714	173.87686	16.45133	-174.26877	2.2407084	7746.016576528549
171	1978.0896	6.9967294	1986.7281	1968.2056	2018.0074	9.575613	2038.898	2001.7704	1000.0	1000.0	854999	174.06555	16.49961	174.06555	16.500845	-174.44493	2.3093235	7790.18203163147
172	1977.5686	18.301096	1999.2886	1956.4338	1930.974	226.22105	2017.1859	947.13043	1000.0	974.65	859999	174.11757	16.610786	174.11751	16.612444	-174.49742	2.1738257	7834.343851566315
173	1977.8484	12.728882	1994.4769	1956.4331	2012.6934	5.769476	2024.7736	2000.5338	1000.0	1000.0	864999	174.25017	16.594437	174.25012	16.593767	-174.65707	2.4957721	7878.606536149979
174	1989.5967	11.645426	2001.6104	1968.1804	2044.4717	9.394868	2060.017	2024.4015	1000.0	1000.0	869999	174.41768	16.434164	174.41762	16.43247	-174.81572	2.340028	7922.759458780289
175	1995.1101	14.366611	2016.0833	1975.8424	2026.945	7.6512485	2038.1035	2008.7786	1000.0	1000.0	874999	174.67503	16.35993	174.67497	16.360624	-175.05186	2.1082718	7966.958159208298
176	2005.3679	10.000552	2020.252	1989.3903	1999.2092	6.274698	2011.9503	1985.496	1000.0	1000.0	879999	174.88902	16.497059	174.88904	16.494183	-175.25856	2.0276911	8011.068112850189
177	1994.4594	15.377014	2008.5421	1971.0161	2003.822	6.450185	2010.6313	1981.4362	1000.0	1000.0	884999	175.0381	16.493351	175.03807	16.491879	-175.38017	2.1797247	8055.434970378876
178	1999.7045	12.301531	2013.4601	1983.3397	1988.5608	5.6423225	1997.4661	1976.3058	1000.0	1000.0	889999	175.25365	16.377953	175.25359	16.374407	-175.65099	2.3104715	8099.777567863464
179	2009.6052	17.379221	2035.0988	1990.808	2035.4352	7.144187	2049.9185	2024.465	1000.0	1000.0	894999	175.53226	16.264896	175.53201	16.26633	-175.90163	2.1254947	8143.72879242897
180	2010.3242	10.884872	2026.4844	1994.1294	2020.4958	12.847275	2041.9286	1986.8234	1000.0	1000.0	899999	175.77417	16.299055	175.77428	16.298615	-176.13083	1.8948543	8187.975828170776
181	2011.9343	7.549518	2017.8529	1997.7976	1993.526	8.068734	2006.9774	1974.0316	1000.0	1000.0	904999	175.95708	16.21696	175.95717	16.213331	-176.29437	1.849361	8232.328479528427
182	2003.8699	7.2889066	2011.7297	1992.6746	2004.9648	5.719187	2015.5762	1996.021	1000.0	1000.0	909999	176.09862	16.315273	176.09845	16.314957	-176.45062	2.2405374	8276.473180294037
183	2020.6041	8.8939	2031.4354	2007.0874	1984.3223	8.622294	1998.2103	1964.0631	1000.0	1000.0	914999	176.30176	16.206598	176.30164	16.20477	-176.67368	2.3920124	8320.603258371353
184	2002.7074	19.037777	2024.6974	1970.5433	2025.6703	5.5885477	2035.1809	2013.5471	1000.0	1000.0	919999	176.44905	16.198362	176.44925	16.197983	-176.81235	2.0003707	8364.991477012634
185	1878.7926	273.93484	2034.8387	1331.4097	2029.4512	7.1412125	2039.9199	2015.0182	935.4	1000.0	924999	176.57483	16.161669	176.57477	16.158745	-176.92046	1.8708398	8409.21468448639
186	2007.733	27.914797	2039.2765	1963.1294	1990.7777	8.27846	2005.717	1975.446	1000.0	1000.0	929999	176.7473	16.250683	176.74727	16.251005	-177.1151	2.1121063	8453.258253335953
187	1998.3629	25.823294	2030.9866	1963.9775	1834.5237	494.7741	2012.5729	342.41293	1000.0	918.6	934999	176.92369	16.282389	176.92365	16.281286	-177.28525	2.0658207	8497.386642694473
188	2012.8098	20.277285	2036.5597	1978.448	2004.4896	10.312987	2021.6489	1983.4734	1000.0	1000.0	939999	177.05376	16.388477	177.05386	16.390041	-177.43077	2.0787747	8541.564963817596
189	1839.9498	388.3418	2025.8298	971.9357	1961.652	12.2575	1982.124	1931.0784	912.3333	1000.0	944999	177.25725	16.181187	177.25739	16.178646	-177.62085	2.32201	8585.638454914093
190	2010.9193	22.373137	2036.1006	1971.5367	2014.3701	6.0710073	2024.7101	2003.7573	1000.0	1000.0	949999	177.44058	16.185186	177.44066	16.183752	-177.83543	2.427048	8629.768786430359
191	2007.3939	15.830796	2023.0085	1979.0594	2050.9563	6.5588183	2060.3987	2036.0869	1000.0	1000.0	954999	177.51587	16.278555	177.51596	16.277872	-177.86098	2.2915757	8674.090018987656
192	2006.3269	20.412466	2026.7666	1976.5759	2016.5261	5.8222847	2032.5664	2003.784	1000.0	1000.0	959999	177.53177	16.541939	177.53188	16.542591	-177.8815	2.298531	8718.237200975418
193	2010.5803	12.192252	2023.5215	1987.3438	2053.769	8.828869	2068.5054	2035.49	1000.0	1000.0	964999	177.77885	16.27814	177.77887	16.276678	-178.1694	2.2111619	8762.400995969772
194	2024.1031	27.916418	2061.9172	1985.7368	2123.059	10.164493	2140.825	2095.2966	1000.0	1000.0	969999	178.03482	16.136461	178.0348	16.135536	-178.38567	1.8866086	8806.690264225006
195	2035.7832	12.319249	2048.433	2012.6956	2035.1357	13.6638155	2074.529	2010.6168	1000.0	1000.0	974999	178.31343	16.043474	178.31332	16.0446	-178.66129	1.8825579	8850.913607597351
196	2038.6469	13.896145	2058.642	2023.8047	1791.694	556.0226	2056.2197	290.89468	1000.0	878.5	979999	178.44223	16.092018	178.44225	16.091198	-178.76753	1.7772084	8895.08908033371
197	1737.1976	555.97406	2034.4789	625.6242	2110.881	11.538617	2128.3079	2082.2422	863.0	1000.0	984999	178.60405	16.249258	178.60413	16.246998	-178.94537	1.9238104	8939.366526603699
198	2038.1322	13.488727	2056.17	2016.6112	2087.3242	4.837939	2094.843	2075.5918	1000.0	1000.0	989999	178.77414	16.125168	178.77412	16.121107	-179.12392	1.880879	8983.52714586258
199	2042.2773	20.717474	2076.4468	2019.5984	2029.029	10.359789	2041.7916	2000.4435	1000.0	1000.0	994999	178.86183	16.131582	178.8619	16.131128	-179.1944	1.9307115	9027.711462974548
200	2020.0785	10.573193	2035.4602	2009.6151	2100.8237	13.474146	2125.278	2075.3044	1000.0	1000.0	999999	178.96805	16.440487	178.96802	16.438824	-179.30588	1.8977094	9071.842531442642
