Epoch	AverageEpRet	StdEpRet	MaxEpRet	MinEpRet	AverageTestEpRet	StdTestEpRet	MaxTestEpRet	MinTestEpRet	EpLen	TestEpLen	TotalEnvInteracts	AverageQ1Vals	StdQ1Vals	AverageQ2Vals	StdQ2Vals	LossPi	LossQ	Time
1	17.742393	18.089357	216.45636	5.5270658	95.616905	5.685202	109.09754	87.13935	21.78166	54.6	4999	5.7204123	3.9628012	5.7205358	3.9634054	-6.3163743	0.13922231	38.09433603286743
2	17.109608	18.16284	233.19366	3.7595246	54.554817	21.710192	148.95078	47.190357	21.02521	31.95	9999	21.817759	11.885473	21.81829	11.890041	-24.915127	1.3063422	81.54992270469666
3	135.67061	58.682983	213.49374	37.6267	175.2833	1.9094743	180.3665	171.9939	74.63636	94.25	14999	49.0898	16.509325	49.08997	16.513254	-52.94264	4.807008	131.35585522651672
4	368.58026	277.72012	1217.4529	54.655777	358.4234	8.965778	374.7809	346.14377	250.45	200.65	19999	64.56344	17.876617	64.56343	17.875547	-67.73739	8.567728	179.26175808906555
5	188.36049	138.96112	439.29346	15.74722	280.13452	2.111615	282.9299	275.68542	100.26	124.0	24999	85.85897	23.379004	85.85859	23.39154	-89.040115	15.832038	229.41503262519836
6	269.9202	27.186222	329.90305	223.2711	243.80351	7.1286764	258.32224	232.42549	131.21053	130.15	29999	106.79425	29.036346	106.79399	29.053543	-110.32237	23.084816	276.920184135437
7	290.54163	56.917526	432.18634	141.23645	265.3742	21.295063	346.7751	247.94482	135.64865	130.1	34999	123.96645	32.88878	123.96635	32.91404	-127.204834	22.883615	326.24995279312134
8	252.22102	36.5947	366.0859	131.85011	249.34619	12.165662	286.11188	241.42346	116.76744	123.35	39999	134.44647	37.840492	134.44617	37.8615	-137.67128	21.568369	373.9481887817383
9	301.20804	63.037678	434.11606	121.73654	351.67432	13.072761	377.61102	339.94412	132.83784	140.0	44999	142.60397	43.119556	142.60326	43.138107	-145.83972	22.151423	423.41031789779663
10	406.47495	63.804	523.6788	296.90543	363.31793	36.220192	407.76367	300.01782	167.1	151.9	49999	150.01064	48.232685	150.00983	48.241528	-153.07463	22.644346	470.6276354789734
11	280.62442	58.035213	411.99954	82.33893	373.31003	33.910496	441.24026	290.391	123.25	157.25	54999	156.9631	52.70074	156.96286	52.708935	-160.10657	24.096693	520.4736616611481
12	381.0855	75.21764	532.7606	284.98727	531.6709	70.63123	619.66394	378.68057	165.43333	245.55	59999	163.08873	57.173176	163.08832	57.18351	-166.07613	25.214478	568.9220156669617
13	528.81067	117.6336	854.9728	318.47595	428.8396	49.017063	486.4959	360.0021	221.56522	151.25	64999	166.32283	59.344505	166.32248	59.35319	-169.06996	24.096434	618.7643277645111
14	365.36688	120.82841	645.90735	95.41906	223.23418	56.98038	304.3183	138.60664	137.8108	98.9	69999	166.1513	60.657295	166.15015	60.66264	-168.61865	23.570518	665.9314889907837
15	355.7724	185.40422	786.29083	63.21625	625.2726	184.01263	810.86255	238.75824	133.97223	211.5	74999	164.83647	60.396404	164.83617	60.40102	-167.1054	22.290777	716.6295566558838
16	708.86707	193.79266	998.38184	236.51218	341.79135	8.197023	358.33478	328.00024	233.86363	144.3	79999	165.85991	60.327583	165.85843	60.33532	-168.3991	23.252604	764.1483509540558
17	501.93442	210.37355	873.25494	41.075512	541.777	115.561806	678.9305	397.41324	179.66667	189.05	84999	168.47241	59.747753	168.47145	59.750668	-170.88443	23.579996	813.9024920463562
18	754.15485	344.39667	1200.1235	12.383045	287.30496	12.217325	328.23032	273.94885	256.1	156.75	89999	169.0318	58.561543	169.03036	58.565536	-171.40266	24.729393	861.6039588451385
19	473.9753	267.58478	1030.8607	86.817444	284.7375	98.10664	584.84064	237.6772	239.61905	126.7	94999	172.32536	57.50888	172.3239	57.515373	-174.48907	26.949669	911.8442435264587
20	405.75253	237.35083	1027.3541	154.6367	441.96182	301.2381	1247.814	260.64578	174.07143	179.2	99999	173.59787	56.53407	173.5971	56.537018	-175.60532	25.727448	960.9034757614136
21	724.0376	256.95477	1000.04865	248.74571	295.19183	5.188182	305.43597	284.60062	420.91666	213.3	104999	173.31958	54.83452	173.31918	54.83712	-175.03136	24.862669	1010.3002932071686
22	614.94336	300.79224	1085.442	109.38919	799.3214	32.79531	850.68524	701.8209	225.63637	242.8	109999	173.52327	53.481487	173.52301	53.47954	-175.23746	23.07732	1058.8387961387634
23	908.18787	149.91626	1153.8292	657.94745	943.56604	378.03027	1840.5846	477.1841	288.82352	320.9	114999	174.7183	53.615562	174.71713	53.61757	-176.3657	22.556107	1110.550696849823
24	895.26715	101.53188	1061.5027	715.2779	1004.4474	165.38179	1359.2577	696.18176	286.16666	334.1	119999	176.91025	54.274918	176.91006	54.27779	-178.5811	21.430115	1160.8968687057495
25	844.7871	222.09612	1375.8105	252.95699	902.4044	109.7467	1131.0778	800.82166	275.22223	278.65	124999	179.19487	55.19296	179.19481	55.19387	-180.82722	20.971186	1209.5805706977844
26	778.79645	132.92343	1120.8083	571.1142	968.37366	107.56305	1167.5356	833.7421	246.95	295.65	129999	180.70207	56.044827	180.70201	56.047474	-182.28842	20.452665	1259.8361489772797
27	848.71484	117.784966	1017.3863	592.2895	1009.5441	14.259915	1036.5171	971.7121	258.55	292.35	134999	182.51015	57.0961	182.50967	57.100025	-184.12727	20.53523	1308.4292604923248
28	964.1412	103.695244	1252.2961	854.26495	929.7464	18.002674	952.79614	885.10205	284.35294	263.6	139999	185.36945	58.29946	185.36937	58.304646	-186.8932	19.897058	1358.7070207595825
29	940.14557	59.521263	1047.9357	827.80896	1045.8342	22.262133	1075.0808	989.9147	272.10526	295.4	144999	188.31909	59.72752	188.31926	59.728073	-189.81985	19.469059	1406.6004378795624
30	928.6677	84.50539	1126.616	770.5532	957.40466	39.97424	1056.7504	899.3809	267.0	267.55	149999	191.35353	61.085205	191.35347	61.084515	-192.92845	19.722857	1458.1466925144196
31	922.7866	223.19954	1299.6161	108.239426	1025.6992	342.89853	2451.414	837.76263	271.6842	304.15	154999	194.2523	62.10881	194.25204	62.112144	-195.7676	18.775122	1507.5046696662903
32	974.72565	327.65637	1623.0083	109.36311	1530.0875	273.85458	1849.646	994.08905	291.70587	464.45	159999	197.12592	63.0768	197.12541	63.075752	-198.60582	20.399132	1560.535161972046
33	1285.7394	272.21005	1901.0632	1029.3221	1616.0421	390.53653	2760.4795	1172.52	383.0	494.25	164999	199.60197	63.783306	199.60161	63.782856	-201.01715	20.01961	1610.7636342048645
34	1442.5277	454.34946	2460.272	632.8392	1373.5867	109.836136	1597.573	1176.7603	442.5	411.1	169999	202.00865	64.44368	202.0085	64.44444	-203.2954	19.703125	1663.4284882545471
35	1279.9391	288.3674	1889.5557	735.0269	1093.5679	444.6439	1950.1641	678.9557	381.83334	363.65	174999	204.27225	64.86103	204.27248	64.86029	-205.65009	19.87757	1712.592838048935
36	1356.3173	489.55444	2477.5422	769.9853	1283.4016	521.36584	3007.4958	752.254	399.30768	375.75	179999	205.88393	65.036064	205.88422	65.03816	-207.20308	20.64183	1767.2638268470764
37	1811.2926	573.73816	3141.0354	998.44196	1769.678	392.3394	3375.0503	1450.4656	534.6667	496.6	184999	207.35745	65.26719	207.35794	65.265144	-208.58157	21.191263	1817.6972732543945
38	2409.654	820.9005	3425.7715	1308.0865	1518.5	416.8588	3297.538	1319.9486	693.625	442.85	189999	209.43637	65.28579	209.43628	65.28972	-210.71245	20.340414	1872.7604489326477
39	1908.5491	988.7146	3417.2942	240.05836	3064.2769	702.66345	3420.2397	1009.2294	558.0	922.3	194999	211.70517	65.356064	211.70563	65.35479	-212.8407	19.624306	1924.2619013786316
40	2217.602	926.28094	3362.3582	848.0949	3011.5278	702.0085	3385.517	1289.0474	669.1429	893.5	199999	213.87477	65.860664	213.8748	65.86263	-215.09315	19.884493	1977.9004182815552
41	2245.8738	1111.4978	3457.6099	16.534447	2416.4673	666.8765	3470.1296	1520.1118	662.25	693.15	204999	216.3625	66.00328	216.3627	66.00055	-217.541	19.353094	2030.9438924789429
42	2044.1875	856.5552	3289.8047	556.4822	3195.5857	454.6918	3459.5154	1624.8566	598.25	940.85	209999	218.32933	66.35191	218.32973	66.34861	-219.53203	20.43065	2084.446877717972
43	1908.8234	896.6795	3339.5808	975.5522	2728.8042	621.17426	3491.9463	1615.9238	547.1111	777.05	214999	219.97588	66.72053	219.97595	66.7171	-221.0005	20.479153	2139.717166185379
44	2569.7769	922.5966	3450.9783	1071.16	3383.978	183.3596	3470.311	2591.4421	744.0	986.45	219999	221.52905	67.04394	221.52942	67.045044	-222.64897	19.955868	2194.1619210243225
45	1996.4983	688.2054	3374.6143	1162.7576	2193.1794	698.04803	3461.511	1504.101	567.375	611.1	224999	222.97873	67.2711	222.97873	67.26156	-223.98648	20.463047	2246.6820945739746
46	2418.9731	709.98773	3372.4182	1451.4271	3321.7305	230.35292	3425.1714	2325.823	702.4286	983.0	229999	224.54387	67.38497	224.5438	67.384	-225.5595	19.285015	2301.1276800632477
47	2440.2878	881.315	3337.2031	1139.4868	3004.5764	612.805	3465.7178	1479.4003	723.2857	869.75	234999	226.20917	67.52609	226.2091	67.52894	-227.2262	19.18652	2351.114689350128
48	3001.1396	433.26688	3407.3252	2185.4097	3357.2212	217.10228	3523.216	2786.9636	869.0	958.2	239999	228.01292	67.58126	228.01312	67.58049	-228.9385	18.884422	2406.4386422634125
49	2283.9473	548.83636	3500.6243	1684.9368	1924.0377	491.2719	3461.183	1510.9277	646.75	539.75	244999	229.48068	67.65437	229.48082	67.65177	-230.3663	18.462152	2457.1526720523834
50	1957.9962	694.5509	3322.9297	1278.0977	2799.8804	852.6109	3413.8083	1377.7548	560.5	834.5	249999	231.01418	67.861755	231.01434	67.86283	-231.94717	18.230337	2512.7399351596832
51	2743.9043	720.7273	3431.8872	1257.7471	1137.3473	215.13231	2021.9841	1020.94885	799.4286	367.85	254999	232.80505	67.95151	232.80513	67.95086	-233.6783	17.980597	2560.73104763031
52	2446.2017	630.14996	3348.912	1490.4525	1425.5708	442.48593	3339.9658	1247.2614	700.5714	451.85	259999	234.36963	68.09994	234.36998	68.09739	-235.3639	19.130117	2615.757439851761
53	2601.6555	844.17487	3309.8235	1016.2709	3313.0679	34.32681	3362.6045	3222.4263	791.0	1000.0	264999	236.0365	68.04964	236.03668	68.04845	-237.13882	17.354694	2665.945857524872
54	3035.0442	624.29315	3382.6797	1642.4946	3236.392	228.40123	3477.3428	2338.9932	911.1667	969.15	269999	237.49208	68.33675	237.4922	68.338135	-238.41463	18.2597	2721.773786306381
55	3197.2705	344.8301	3449.6636	2518.7556	3376.478	37.909668	3434.7256	3296.8215	949.8	1000.0	274999	239.15656	68.57294	239.15683	68.56637	-240.16423	17.070925	2772.294373035431
56	3149.2842	437.22702	3414.7625	2279.9548	3487.1223	22.673935	3530.92	3438.3564	923.2	1000.0	279999	240.54073	68.80854	240.54085	68.80852	-241.43675	17.4283	2826.3059799671173
57	2733.369	743.6811	3375.8535	1507.88	3473.396	20.194538	3509.5725	3441.1128	794.1429	1000.0	284999	242.02106	68.92015	242.02126	68.91601	-242.82065	16.726797	2878.9140441417694
58	3005.1528	710.98334	3427.6707	1586.6561	3485.9602	24.578814	3526.9382	3434.169	884.8	1000.0	289999	243.35683	69.0399	243.35695	69.036224	-244.1336	16.555874	2931.1157715320587
59	3344.2554	112.478226	3452.2327	3131.9343	3354.4016	19.205816	3395.5747	3317.3704	972.4	1000.0	294999	244.82242	69.17937	244.82277	69.17698	-245.58028	15.581165	2985.6378388404846
60	2842.336	747.2313	3479.3352	1467.5665	3410.5796	55.591743	3472.4658	3265.258	813.0	1000.0	299999	246.38463	69.45569	246.38507	69.45501	-247.25266	15.682597	3039.8688180446625
61	2590.6062	943.5702	3418.7622	1307.4479	3373.7026	5.843645	3383.3628	3362.1396	748.2857	1000.0	304999	247.93988	69.70444	247.94002	69.70508	-248.70108	15.674098	3095.159589767456
62	3110.3372	560.73175	3452.1646	1884.7383	3443.6184	43.767925	3539.7563	3376.113	895.6667	1000.0	309999	249.47173	69.860756	249.47145	69.86004	-250.259	15.611969	3146.3171837329865
63	3151.033	493.51038	3414.715	2164.617	3522.3745	19.971827	3547.9688	3467.7332	918.6	1000.0	314999	251.2966	69.95293	251.2972	69.94892	-252.07326	14.574062	3199.8246076107025
64	3433.8528	35.40177	3498.3853	3399.4968	3486.0137	11.59831	3507.518	3464.1162	1000.0	1000.0	319999	252.9185	70.186584	252.91882	70.184975	-253.58315	15.41875	3253.7679255008698
65	3441.2798	28.893452	3484.4294	3395.485	3484.7046	14.2752285	3502.9436	3440.8972	1000.0	1000.0	324999	254.4023	70.52702	254.40237	70.52572	-255.0447	15.6145	3305.179167032242
66	3178.7844	529.8192	3436.7087	1995.0856	3213.2524	359.8912	3625.7666	2485.7417	923.5	893.85	329999	255.999	70.746056	255.9995	70.74273	-256.7164	14.965537	3360.6268286705017
67	3446.7761	20.433493	3486.1714	3431.7085	3499.6685	6.318445	3510.306	3483.342	1000.0	1000.0	334999	257.54736	70.59156	257.54758	70.58696	-258.2675	14.207416	3411.356338262558
68	3464.377	14.93406	3493.1965	3451.3914	3531.9028	14.121513	3556.7239	3511.4272	1000.0	1000.0	339999	258.77948	70.55313	258.77963	70.552475	-259.59335	14.7817545	3466.894778728485
69	3008.4297	667.5473	3478.3936	1892.3147	3525.166	15.557596	3555.6567	3493.8525	856.8333	1000.0	344999	260.21735	69.97509	260.2178	69.97312	-260.9909	14.851484	3518.5321147441864
70	2908.3848	748.95734	3475.3186	1450.6857	3479.5012	6.525466	3492.716	3468.7275	835.1667	1000.0	349999	261.40732	69.95706	261.40802	69.95618	-262.27036	14.3152	3574.0110008716583
71	3199.8442	458.24118	3517.8918	2303.9785	3470.9734	193.45152	3542.211	2634.4075	907.2	986.5	354999	262.92236	69.97591	262.92252	69.97317	-263.69333	15.0775	3625.3403100967407
72	3273.5496	257.21146	3488.7676	2832.7327	3466.4343	35.371727	3517.0784	3405.47	934.4	1000.0	359999	264.15265	70.26471	264.15274	70.262505	-264.84448	15.067309	3678.498326778412
73	3440.1628	27.988117	3482.6396	3407.652	1297.9827	39.796623	1371.6404	1229.955	1000.0	371.4	364999	265.10022	70.45752	265.1005	70.45507	-265.7685	15.3766	3728.3946907520294
74	3086.1875	655.3926	3458.407	1631.4686	3305.2617	373.47186	3406.955	1677.7087	896.3333	973.4	369999	265.6559	70.96521	265.65594	70.96207	-266.4794	14.844122	3781.398653268814
75	3452.2644	27.67631	3495.904	3423.1902	3551.3523	4.6218553	3560.1501	3541.7283	1000.0	1000.0	374999	266.78607	71.02034	266.78635	71.0194	-267.54785	13.963197	3836.3631613254547
76	3462.729	19.533842	3488.5457	3436.8706	3514.8684	12.906971	3537.0051	3497.0945	1000.0	1000.0	379999	268.0129	71.01499	268.0131	71.01331	-268.73083	13.8916	3887.378036737442
77	3448.7039	26.245205	3474.5515	3398.4316	3516.3472	21.033714	3548.5774	3487.0876	1000.0	1000.0	384999	268.90363	70.97788	268.90372	70.974266	-269.57416	13.769419	3942.833152294159
78	3465.15	14.926792	3489.6323	3446.3184	3473.359	21.113659	3521.3047	3433.2004	1000.0	1000.0	389999	269.67133	70.79279	269.67084	70.79072	-270.3464	14.06078	3993.5891103744507
79	3337.9702	245.35869	3485.7415	2847.962	3494.816	4.9142184	3506.6987	3482.7642	962.2	1000.0	394999	270.6554	70.689766	270.65573	70.68996	-271.3464	13.638812	4049.661206007004
80	3147.045	709.6934	3521.0232	1561.2303	3470.5298	3.3075135	3475.7134	3463.3997	905.6667	1000.0	399999	271.58353	70.410446	271.5834	70.410515	-272.22034	12.673358	4100.548764228821
81	3429.2222	13.333643	3449.368	3408.9607	3501.6804	6.142505	3510.7202	3485.8433	1000.0	1000.0	404999	272.32617	70.36934	272.32617	70.365654	-272.8585	14.158734	4155.219763278961
82	3128.1267	651.7578	3464.9534	1824.6962	3530.062	3.1232939	3537.3281	3523.6243	897.0	1000.0	409999	273.277	70.24211	273.27698	70.24289	-274.00266	13.13609	4210.515176534653
83	3259.8855	415.4329	3459.8115	2331.0708	3504.7773	8.220756	3513.6467	3473.8604	937.6667	1000.0	414999	274.12225	70.31398	274.12213	70.31381	-274.73386	13.238462	4261.533489704132
84	3410.993	159.96788	3546.463	3096.4922	3547.9675	22.692947	3581.8364	3501.8599	966.6	1000.0	419999	275.06564	70.244255	275.0657	70.24294	-275.68875	13.685722	4317.372555732727
85	3111.6968	725.70386	3479.5957	1660.3043	3562.3918	14.709269	3577.3455	3516.713	890.2	1000.0	424999	275.64822	70.38399	275.6486	70.383095	-276.2494	13.7544	4368.017048597336
86	2884.949	842.0137	3489.8406	1447.2834	3586.15	3.6456237	3590.4795	3577.8516	822.6667	1000.0	429999	276.23422	70.37837	276.23444	70.377754	-276.91064	12.417102	4422.576139688492
87	3496.5962	6.8292937	3505.9478	3488.5066	3506.1284	2.7252436	3510.592	3499.535	989.0	1000.0	434999	277.18427	70.3923	277.1843	70.39261	-277.96234	12.818353	4474.046494722366
88	3190.1082	622.3954	3486.0002	1798.7036	3547.177	3.2971547	3552.797	3541.3562	913.3333	1000.0	439999	277.99057	70.43536	277.99094	70.43458	-278.5609	11.8732	4527.551850318909
89	3492.9758	26.984882	3529.5183	3461.453	3526.3242	16.011656	3557.7385	3503.0159	1000.0	1000.0	444999	278.4378	70.507706	278.4381	70.50613	-278.9519	13.476984	4581.235873699188
90	3263.136	477.81342	3530.282	2308.08	3440.8394	3.985812	3450.6775	3435.2056	918.0	1000.0	449999	278.9253	70.40658	278.92523	70.40654	-279.4255	12.541384	4632.946877479553
91	2519.5679	980.91907	3532.2034	1356.3722	3537.7605	7.0491233	3558.76	3527.2678	694.25	1000.0	454999	279.49088	70.40927	279.49097	70.40988	-279.9905	11.795462	4687.708571434021
92	2757.3567	1065.7559	3556.4348	1144.6719	3527.4055	19.768625	3550.8752	3495.1172	788.8333	1000.0	459999	280.22424	70.45773	280.22394	70.45909	-280.7933	12.109126	4738.355736732483
93	3158.6238	719.0637	3526.6555	1552.3356	3541.5574	7.0193086	3550.6267	3524.8303	887.5	1000.0	464999	280.7379	70.66135	280.73813	70.658714	-281.28925	12.446005	4793.842302799225
94	2905.9285	817.16077	3498.6416	1690.0916	3514.0144	7.5494804	3528.5808	3499.1323	822.1667	1000.0	469999	281.21243	70.760445	281.21265	70.75998	-281.7791	12.234351	4844.661659002304
95	3392.0515	171.9831	3514.583	3053.733	3574.377	3.4289374	3582.182	3568.9954	965.4	1000.0	474999	282.1367	70.558846	282.13666	70.55652	-282.79388	11.45832	4900.086312294006
96	3398.8665	153.15219	3482.077	3092.9194	3603.5364	15.810651	3631.0415	3583.5344	969.8	1000.0	479999	283.12607	70.367935	283.1264	70.36847	-283.74506	11.586422	4950.931746721268
97	3479.267	26.934645	3520.0242	3449.7065	3516.2585	2.675657	3520.9475	3510.7585	1000.0	1000.0	484999	283.70685	70.44399	283.7072	70.44155	-284.23645	11.947909	5005.7283411026
98	3503.5469	22.404966	3523.9368	3462.1033	3551.6184	3.2037172	3556.5369	3543.6975	1000.0	1000.0	489999	284.47925	70.1974	284.47913	70.19668	-284.91727	11.232192	5057.574796676636
99	3060.753	635.1614	3523.1628	1998.3533	3467.4097	12.124269	3494.1006	3437.4675	861.3333	1000.0	494999	285.1116	70.303955	285.1115	70.3053	-285.63824	10.89688	5110.942584514618
100	3087.6309	644.3986	3513.0566	1765.7942	3548.77	11.96497	3567.6094	3532.054	871.3333	1000.0	499999	285.78436	70.32264	285.7844	70.32387	-286.254	10.657964	5165.276966333389
101	3486.4558	12.240908	3500.5256	3465.565	3506.5632	17.700096	3551.6714	3476.0042	1000.0	1000.0	504999	286.54337	70.306015	286.54352	70.30363	-287.00055	11.318147	5216.079430103302
102	3497.8743	19.380333	3523.486	3474.9968	3538.2075	4.7455745	3549.0686	3531.0042	1000.0	1000.0	509999	287.25525	70.20638	287.25504	70.20607	-287.7181	9.809017	5271.388910293579
103	3560.3984	79.72908	3716.767	3492.9688	3500.901	4.5576153	3509.136	3491.0908	1000.0	1000.0	514999	288.15704	69.86024	288.15744	69.85993	-288.61502	10.810048	5321.9695518016815
104	3526.8625	11.869524	3544.7112	3508.5352	3392.7664	399.91528	3505.3784	1650.7921	1000.0	975.2	519999	289.1041	69.762665	289.1042	69.76196	-289.5777	10.538287	5377.831296205521
105	3525.7422	19.78973	3544.1216	3488.087	3558.1614	2.5293605	3564.8796	3555.3845	1000.0	1000.0	524999	289.9277	69.68884	289.92786	69.68648	-290.3724	10.722289	5432.4257917404175
106	3336.3555	395.25464	3544.1006	2545.9534	3589.6238	3.751059	3597.6018	3580.9604	936.2	1000.0	529999	291.01025	69.33924	291.01004	69.33724	-291.49216	11.183187	5486.954915761948
107	3558.015	25.160217	3605.1338	3536.0847	3523.8853	3.1773162	3532.5476	3519.9656	1000.0	1000.0	534999	291.7206	69.24499	291.72055	69.24386	-292.36554	10.407505	5542.111613512039
108	3149.2605	819.0606	3598.4666	1320.3867	3549.239	1.999238	3553.203	3545.7356	886.6667	1000.0	539999	292.21954	69.267876	292.21982	69.26751	-292.73767	9.961703	5596.353575229645
109	3302.696	424.6197	3545.575	2454.2156	3528.8374	10.989306	3546.1348	3502.949	928.0	1000.0	544999	292.75446	69.32114	292.75455	69.3211	-293.31042	10.766976	5648.13041806221
110	3503.8289	9.13704	3515.4592	3492.1611	3544.0913	3.065628	3549.031	3538.2786	1000.0	1000.0	549999	293.1617	69.299675	293.16156	69.29872	-293.6216	10.403233	5703.598362445831
111	3508.2827	17.855389	3537.943	3489.8545	3586.6426	5.4123425	3598.2834	3574.5466	1000.0	1000.0	554999	293.7476	69.06959	293.7477	69.07167	-294.18326	10.365046	5754.103900909424
112	3524.3984	24.341837	3540.148	3476.2488	3579.0767	4.3469343	3589.4775	3571.1604	1000.0	1000.0	559999	294.5836	68.88203	294.58337	68.88223	-295.0075	9.635101	5809.302883148193
113	3494.6746	70.77742	3558.898	3356.4922	3578.0234	2.6757407	3582.509	3573.6836	980.4	1000.0	564999	295.02695	68.95604	295.02707	68.95358	-295.54492	10.16478	5861.285159826279
114	3548.9185	13.474359	3568.5212	3529.2214	3595.9714	14.515355	3620.3596	3571.8525	1000.0	1000.0	569999	295.5222	68.9473	295.5222	68.94669	-295.97153	9.849472	5915.944342136383
115	3546.0825	20.976917	3575.511	3516.1743	3575.52	2.2545226	3579.3765	3571.1033	1000.0	1000.0	574999	296.3604	68.52989	296.3607	68.52782	-296.84094	9.741111	5968.082940816879
116	3225.0837	702.1464	3573.467	1656.3165	3609.153	6.102419	3620.2036	3589.2146	908.3333	1000.0	579999	296.6605	68.57174	296.6599	68.576004	-297.21085	10.086554	6020.575592756271
117	3032.6162	986.3211	3540.9006	1060.0979	3583.235	8.63761	3594.9885	3562.875	859.2	1000.0	584999	297.0449	68.602165	297.04504	68.60018	-297.57996	9.742415	6074.40324306488
118	3548.4336	23.181349	3578.4844	3510.7468	3596.548	10.988758	3613.053	3577.7112	1000.0	1000.0	589999	297.8203	68.471535	297.82062	68.47128	-298.21066	9.272153	6125.614366531372
119	3401.8064	370.25464	3587.982	2574.3386	3618.8762	3.2638597	3625.209	3613.4084	949.6667	1000.0	594999	298.37534	68.01344	298.37537	68.01178	-298.867	9.589119	6181.470346450806
120	3577.7085	15.685446	3603.399	3556.5854	3608.855	6.454913	3618.513	3595.228	1000.0	1000.0	599999	298.81125	68.096794	298.81107	68.098076	-299.2538	9.499759	6231.944566011429
121	3134.51	878.948	3641.785	1378.0477	3558.6152	6.713247	3569.1624	3544.7966	873.8	1000.0	604999	299.437	67.91524	299.43674	67.91282	-299.8335	9.7061205	6287.423987150192
122	3227.258	704.7639	3583.017	1653.4358	3613.8574	7.5958495	3624.7056	3600.0378	907.6667	1000.0	609999	299.75082	67.96598	299.7506	67.96729	-300.1805	9.015459	6338.061788082123
123	3555.3782	24.142603	3585.816	3525.968	3605.8164	3.0373552	3611.9917	3598.891	1000.0	1000.0	614999	300.2833	67.93555	300.28366	67.93694	-300.6754	9.448421	6393.533987998962
124	3471.4858	174.05379	3571.661	3124.3877	3640.481	6.2007184	3660.1362	3632.992	965.0	1000.0	619999	300.9242	67.54072	300.9244	67.539635	-301.38083	9.44652	6445.139582872391
125	3547.7827	8.211769	3556.5737	3536.0833	3573.6777	6.994048	3590.7976	3563.2415	1000.0	1000.0	624999	301.57523	67.57043	301.5751	67.570305	-301.97125	9.358978	6498.830715894699
126	3269.932	758.32245	3722.7578	1581.1075	3613.819	24.923962	3648.3413	3556.8518	902.8333	1000.0	629999	301.8615	67.702156	301.86163	67.70234	-302.27078	8.923029	6551.782348394394
127	3081.5134	729.37317	3581.3564	1694.962	3634.4597	4.466938	3643.0828	3624.947	850.0	1000.0	634999	302.1462	67.56211	302.14584	67.56048	-302.6277	9.095464	6606.473932504654
128	3586.8777	19.080309	3611.9749	3558.5557	3642.4224	7.6827044	3656.0632	3624.1008	1000.0	1000.0	639999	302.5159	67.42143	302.51584	67.42371	-302.87854	8.760743	6661.837630271912
129	3511.571	330.433	3758.2537	2791.1155	3580.659	5.0512376	3590.398	3571.684	956.1667	1000.0	644999	303.1017	67.46431	303.10168	67.466	-303.48956	8.841082	6712.999268293381
130	3598.302	54.24122	3705.5203	3561.9875	3623.1016	3.504254	3631.9202	3617.8928	1000.0	1000.0	649999	303.74	67.31779	303.7399	67.31681	-304.2433	8.203358	6767.689783573151
131	3524.0923	51.069073	3570.5076	3425.2844	3572.8562	7.8381	3583.1353	3553.1104	979.4	1000.0	654999	304.14502	67.43401	304.145	67.436356	-304.61966	8.554077	6820.032915115356
132	3422.482	228.34294	3667.7432	3054.962	3639.65	6.2807813	3652.9192	3625.0513	931.6	1000.0	659999	304.37646	67.4188	304.37646	67.415985	-304.7871	8.873248	6872.726408243179
133	3368.9133	378.3892	3568.0613	2612.2817	3598.9504	14.697074	3634.2363	3576.4705	936.0	1000.0	664999	304.5467	67.44665	304.54642	67.45082	-304.8398	8.615254	6928.074114084244
134	2828.2263	969.5963	3829.7385	1323.399	3599.6902	13.038793	3626.973	3572.8003	772.5714	1000.0	669999	305.0053	67.07408	305.00534	67.07455	-305.3753	8.786507	6979.245290517807
135	3539.4907	27.409544	3585.6367	3500.131	3612.6108	4.524498	3622.4397	3605.8557	1000.0	1000.0	674999	305.597	66.76894	305.5967	66.77317	-306.02252	8.343315	7034.8246257305145
136	3286.2986	572.3438	3582.376	2007.6145	3605.2136	6.7200007	3626.3228	3593.8796	920.0	1000.0	679999	306.1063	66.5744	306.10626	66.57373	-306.49625	8.505375	7085.95726108551
137	3515.9897	54.018036	3565.707	3411.178	3598.3926	13.731352	3623.6643	3575.5981	982.6	1000.0	684999	306.44345	66.439766	306.44357	66.43628	-306.76846	8.753209	7140.7998921871185
138	2997.8604	562.19965	3573.8066	2360.8904	2915.136	477.6143	3838.2158	2262.2358	819.6667	763.2	689999	306.6151	66.47708	306.61514	66.4753	-307.02026	7.9916673	7192.786195039749
139	3119.246	583.25214	3689.525	2262.5896	3564.8472	9.105352	3581.5605	3543.335	851.2	1000.0	694999	307.06976	66.24779	307.06967	66.24885	-307.4122	8.772848	7248.325709104538
140	3097.2483	612.96954	3531.1816	1964.4635	3601.1235	17.009636	3627.0308	3571.544	863.5	1000.0	699999	307.7418	66.20101	307.74173	66.20007	-308.14508	8.540997	7304.05880522728
141	3441.922	232.56401	3561.777	2922.763	3588.3953	9.236644	3611.1978	3572.0464	963.3333	1000.0	704999	307.7369	66.41897	307.7367	66.41936	-308.1021	8.11683	7354.733126401901
142	3513.8625	121.36145	3580.5483	3271.2725	3576.6157	4.616474	3582.9788	3564.9905	971.4	1000.0	709999	308.00073	66.253044	308.0009	66.24935	-308.4267	8.582894	7409.79643201828
143	3270.0388	454.09702	3560.0383	2382.9739	3588.5737	12.008729	3603.9998	3553.526	900.2	1000.0	714999	308.24448	66.25307	308.24457	66.25259	-308.60254	8.343661	7461.77854347229
144	3204.47	637.221	3563.0603	1800.2012	3553.0757	11.616823	3573.9695	3536.0408	889.5	1000.0	719999	308.85147	66.06163	308.85144	66.06226	-309.23486	8.336684	7514.760952949524
145	3540.0312	4.55148	3543.4429	3531.0356	3583.6316	9.407764	3599.8442	3561.5164	1000.0	1000.0	724999	309.02075	66.11646	309.02057	66.11625	-309.3436	7.6922054	7569.052656173706
146	3336.5671	408.57608	3632.0015	2532.9275	3591.6746	7.12431	3615.463	3584.2698	912.6	1000.0	729999	309.12363	66.17158	309.12378	66.172485	-309.42444	8.617334	7620.309794664383
147	3572.3164	20.543043	3610.0186	3551.4626	3616.7104	12.037748	3635.2556	3596.0188	1000.0	1000.0	734999	309.4884	66.12628	309.48813	66.123886	-309.76575	8.64459	7675.767608642578
148	2949.51	779.0904	3596.4424	1732.7242	3554.689	3.8371537	3560.8035	3546.2705	808.6667	1000.0	739999	309.88412	66.05531	309.88416	66.05428	-310.22037	7.9933906	7726.270514011383
149	3063.412	713.0937	3591.2676	1794.0253	3596.7039	8.142733	3616.5798	3582.2598	848.6667	1000.0	744999	310.53595	65.89763	310.5356	65.9012	-311.01315	7.719172	7782.179743528366
150	3544.8176	14.411251	3563.388	3528.9148	3637.8997	3.6040804	3642.671	3629.8303	1000.0	1000.0	749999	311.12244	65.875656	311.1226	65.876434	-311.5066	8.133376	7833.487012147903
151	3552.0645	19.166372	3580.4937	3525.6506	3608.435	5.2606707	3617.5674	3601.162	1000.0	1000.0	754999	311.3083	65.73536	311.3083	65.73789	-311.66473	7.5285335	7888.768249511719
152	3552.3945	12.13177	3564.5708	3531.5095	3630.795	7.2577357	3641.5498	3617.14	1000.0	1000.0	759999	311.50082	65.445435	311.50125	65.44595	-311.7625	8.788014	7939.054698705673
153	3482.0913	175.2735	3591.168	3132.2903	3643.3188	5.397994	3651.7754	3630.8499	965.2	1000.0	764999	311.58884	65.535515	311.5885	65.5363	-311.83853	8.628597	7993.363967418671
154	3563.222	12.824386	3578.4036	3540.257	3599.2876	6.724046	3610.157	3585.887	1000.0	1000.0	769999	311.78796	65.460014	311.78815	65.458	-312.0873	8.21908	8045.882266521454
155	3122.206	604.3215	3565.9333	2149.2432	3634.3528	3.9132464	3645.8281	3626.3638	864.6667	1000.0	774999	312.00287	65.343765	312.00287	65.34556	-312.27734	8.0473795	8098.920624494553
156	3552.707	19.377811	3577.0288	3526.187	3610.4734	3.2964041	3615.906	3601.6655	1000.0	1000.0	779999	312.20706	65.08213	312.20703	65.082214	-312.50775	7.910433	8153.20520234108
157	3284.8508	618.1895	3590.353	1903.2493	3134.2122	742.439	3627.8225	1613.1316	914.8333	855.55	784999	312.52295	64.926445	312.5229	64.92753	-312.8878	7.639361	8204.009798049927
158	3564.688	24.708967	3602.0935	3524.2456	3648.1562	4.036523	3655.345	3639.6438	1000.0	1000.0	789999	313.00394	64.638336	313.00403	64.63893	-313.27582	7.1994658	8259.413791418076
159	3585.85	24.870678	3613.2893	3540.6519	3601.237	4.278589	3612.128	3594.2573	1000.0	1000.0	794999	313.172	64.56263	313.1722	64.56194	-313.53006	6.9570975	8310.466805934906
160	3574.614	10.519778	3587.972	3560.426	3639.6382	4.0800333	3646.6843	3630.3684	1000.0	1000.0	799999	313.26758	64.44229	313.2672	64.44468	-313.5338	8.551567	8366.417689561844
161	3564.4478	12.485274	3582.8003	3543.8813	3630.185	4.2585273	3639.0203	3621.1257	1000.0	1000.0	804999	313.51913	64.256256	313.5192	64.255745	-313.88974	7.2580624	8420.750316858292
162	3557.1313	9.221249	3572.1074	3543.7551	3613.4617	2.4624493	3619.2705	3608.3079	1000.0	1000.0	809999	313.69144	64.34342	313.69144	64.34476	-313.9624	7.507761	8475.221550941467
163	3569.7222	5.8183765	3575.1108	3558.473	3635.5898	6.4350467	3649.118	3624.4197	1000.0	1000.0	814999	314.0592	64.09976	314.0594	64.10127	-314.43192	7.298771	8530.63212275505
164	3564.1262	17.710373	3584.8245	3543.5337	3611.809	7.5892315	3622.7817	3598.1545	1000.0	1000.0	819999	314.3041	63.903736	314.30392	63.90271	-314.6476	7.703212	8581.667209148407
165	3571.1907	18.488747	3591.168	3547.8909	3630.118	4.644085	3638.0286	3622.0903	1000.0	1000.0	824999	314.5031	63.8751	314.50323	63.87316	-314.79114	8.074285	8636.564695596695
166	3571.9507	9.599565	3586.646	3562.167	3664.6414	7.47749	3677.281	3654.112	1000.0	1000.0	829999	314.75217	63.6379	314.75214	63.640545	-314.9044	7.360596	8689.236361980438
167	3574.3938	17.26807	3590.5237	3550.3474	3600.263	2.8881338	3604.6306	3594.6287	1000.0	1000.0	834999	315.12354	63.253864	315.1235	63.25222	-315.43	7.524778	8741.399262666702
168	3174.7944	776.73926	3582.4075	1621.5518	3564.1543	3.1415896	3570.4014	3557.3105	884.2	1000.0	839999	315.27374	63.237984	315.2737	63.23794	-315.643	6.54085	8796.362538576126
169	3568.839	6.0028677	3574.647	3558.361	3609.1016	5.812843	3621.5144	3597.3296	1000.0	1000.0	844999	315.46573	63.284008	315.46582	63.284035	-315.72247	6.691425	8847.52397942543
170	3540.8066	83.65599	3591.2556	3374.9963	3605.6406	2.7527308	3610.5454	3600.436	978.8	1000.0	849999	315.7581	63.095165	315.7581	63.09807	-316.15344	6.9514475	8903.406662225723
171	3348.429	519.80914	3596.2227	2186.378	3641.5645	3.0681412	3646.143	3636.3962	928.5	1000.0	854999	315.94165	63.130627	315.94168	63.132652	-316.1389	7.2641354	8954.729892730713
172	3582.2583	15.213001	3605.6042	3563.766	3679.466	5.2533393	3688.561	3670.687	1000.0	1000.0	859999	316.07373	63.15941	316.07355	63.159355	-316.34146	7.292069	9009.966669559479
173	3600.2395	10.593444	3616.746	3585.101	3636.6992	2.3026755	3641.9524	3631.8115	1000.0	1000.0	864999	316.2809	63.031513	316.28113	63.03397	-316.54404	7.183366	9061.388283252716
174	3063.537	566.6405	3671.3604	2057.6829	3621.0347	6.9868913	3635.0962	3609.329	818.5	1000.0	869999	316.70612	62.849377	316.7063	62.84706	-316.9122	7.6362576	9114.682488679886
175	3309.4165	566.6063	3617.4604	2176.5098	3639.1946	2.1710956	3644.6414	3636.405	913.8	1000.0	874999	316.88776	62.83835	316.88803	62.835213	-317.17435	6.3376	9169.122451543808
176	3591.8828	8.015324	3604.0251	3579.816	3645.702	5.1362195	3656.0532	3637.497	1000.0	1000.0	879999	317.30176	62.878864	317.3019	62.879246	-317.5898	7.6023493	9220.484246253967
177	3578.2798	13.182882	3591.6143	3561.736	3649.679	3.532504	3656.5964	3642.0415	1000.0	1000.0	884999	317.6925	62.65311	317.69257	62.654408	-317.95712	6.870468	9276.074150323868
178	3593.5073	16.582607	3614.122	3565.605	3675.564	4.1345596	3685.155	3668.387	1000.0	1000.0	889999	317.9453	62.612534	317.94516	62.613655	-318.20776	6.374541	9326.626714229584
179	3373.4797	457.23666	3605.278	2352.1475	3642.9937	3.1388812	3647.6116	3636.8591	935.5	1000.0	894999	318.1679	62.357296	318.16806	62.35557	-318.4214	6.6415405	9382.261382818222
180	3403.976	366.21106	3612.1877	2672.3755	3664.7097	4.8608813	3678.3677	3657.6848	942.4	1000.0	899999	318.2645	62.2784	318.26456	62.278545	-318.5739	6.887814	9433.654209375381
181	3589.153	11.724057	3611.8816	3579.2827	3649.9556	5.171629	3659.3425	3638.6116	1000.0	1000.0	904999	318.29776	62.362804	318.29767	62.36196	-318.5055	6.484627	9488.912509441376
182	3568.6577	13.37811	3589.3901	3548.4617	3657.9993	4.3816514	3668.6309	3651.5122	1000.0	1000.0	909999	318.4821	62.18799	318.48236	62.18614	-318.78	6.3806663	9544.027784347534
183	3373.6692	419.09973	3600.0222	2535.9944	3667.683	5.920328	3680.2769	3658.053	931.6	1000.0	914999	318.62903	62.21242	318.6289	62.215702	-318.9891	6.914754	9598.93451666832
184	3219.45	823.4331	3620.0178	1378.8944	3660.0938	3.2099302	3665.1018	3654.1963	895.8333	1000.0	919999	319.04553	61.980114	319.04532	61.979538	-319.3056	6.563638	9653.129034042358
185	3590.5078	21.862442	3626.4521	3566.667	3668.477	4.02191	3676.3152	3659.6335	1000.0	1000.0	924999	319.3585	62.06195	319.35846	62.06131	-319.60626	6.080478	9706.517854452133
186	3603.8862	21.892197	3642.407	3580.0215	3654.2583	5.110837	3664.3118	3648.1033	1000.0	1000.0	929999	319.4154	62.19023	319.41528	62.18917	-319.5251	6.5926533	9758.738956212997
187	3603.7012	18.563675	3627.087	3581.4229	3644.8315	3.6450462	3649.3833	3635.7363	1000.0	1000.0	934999	319.7123	61.972885	319.7122	61.97013	-319.9142	5.9860263	9813.454952478409
188	3592.9233	24.811087	3629.3733	3570.5784	3643.636	8.018231	3663.6465	3630.7036	1000.0	1000.0	939999	319.8212	62.003857	319.82095	62.004227	-320.10672	6.929375	9864.36314034462
189	3596.8403	25.759424	3638.6821	3564.5269	3670.4597	3.126737	3676.9546	3663.907	1000.0	1000.0	944999	320.1132	61.98872	320.1129	61.9894	-320.42212	6.4326077	9919.862263917923
190	3613.754	43.90117	3701.2314	3587.1138	3658.142	3.8545046	3667.8564	3652.831	1000.0	1000.0	949999	320.41858	61.7011	320.41873	61.70082	-320.6247	6.4885454	9971.366686820984
191	3587.125	13.572744	3605.6616	3565.1514	3625.0886	3.113641	3630.7688	3616.7913	1000.0	1000.0	954999	320.4715	61.8554	320.47128	61.85746	-320.7255	6.6563	10026.630978345871
192	3578.023	16.170044	3602.0552	3554.6838	3654.0085	4.830073	3661.861	3644.81	1000.0	1000.0	959999	320.92218	61.526733	320.9223	61.526997	-321.15662	6.1863155	10077.515596866608
193	3245.9473	778.06665	3617.5625	1506.3871	3647.4712	3.473691	3653.811	3638.5054	900.5	1000.0	964999	321.22214	61.30072	321.22205	61.3008	-321.49884	6.668843	10132.46786570549
194	3576.3735	12.64343	3594.0337	3561.2334	3673.1882	3.6920927	3680.9648	3667.0642	1000.0	1000.0	969999	321.4015	61.162945	321.40152	61.16161	-321.6515	6.3050623	10188.04330611229
195	3618.9321	64.56096	3731.3374	3558.712	3663.4375	3.8456943	3669.2693	3656.8242	994.8	1000.0	974999	321.59964	61.031166	321.6	61.028316	-321.8042	6.716839	10239.431251525879
196	3606.022	44.951725	3685.554	3560.0146	3627.768	5.3435597	3639.4827	3619.1216	1000.0	1000.0	979999	321.93518	60.724655	321.9352	60.72336	-322.1537	6.270515	10294.913241147995
197	3591.0874	16.528664	3613.857	3566.1877	3676.4712	12.62796	3705.1597	3646.0522	1000.0	1000.0	984999	321.9478	60.794598	321.94766	60.795635	-322.162	5.650172	10345.488183498383
198	3593.3914	3.8085625	3599.951	3589.4905	3673.4297	3.8624709	3682.8508	3667.9722	1000.0	1000.0	989999	322.26913	60.571827	322.26904	60.568466	-322.39944	5.9363637	10400.574922084808
199	3604.1335	13.78779	3617.4058	3579.0396	3677.067	9.314813	3686.8982	3648.7637	1000.0	1000.0	994999	322.59497	60.453735	322.59464	60.451603	-322.87726	6.4146986	10451.825017929077
200	3242.8726	695.3975	3624.2756	1852.6029	3634.1628	3.3947182	3641.1655	3626.8528	899.8	1000.0	999999	322.83365	60.469105	322.8335	60.470062	-323.11346	6.016043	10506.075676202774
