Epoch	AverageEpRet	StdEpRet	MaxEpRet	MinEpRet	AverageTestEpRet	StdTestEpRet	MaxTestEpRet	MinTestEpRet	EpLen	TestEpLen	TotalEnvInteracts	AverageQ1Vals	StdQ1Vals	AverageQ2Vals	StdQ2Vals	LossPi	LossQ	Time
1	1.9082897	5.9119735	36.283432	-9.990845	181.81715	135.78215	501.15067	62.700153	20.129032	224.5	4999	6.1216397	5.9369597	6.1215034	5.9372454	-8.652969	0.1805737	26.241491556167603
2	2.0134354	5.9203615	30.854982	-9.231546	146.76613	87.012825	371.87598	68.57322	21.229788	191.8	9999	37.493073	17.787554	37.492958	17.788767	-44.081604	2.889186	62.715492248535156
3	96.0044	164.08446	400.99786	-91.21255	206.74081	67.493965	337.40698	115.4466	184.62962	134.0	14999	66.69959	19.24231	66.69934	19.246304	-71.69008	7.7334404	99.235196352005
4	163.36351	81.493225	350.35974	36.934933	118.4376	52.73679	196.66045	20.144327	172.06897	143.45	19999	80.96826	21.378996	80.968864	21.374235	-85.05107	10.660018	138.08060932159424
5	114.65739	125.64797	407.2657	-37.099125	196.55421	198.6562	968.0688	-1.6790684	180.59259	238.9	24999	87.82757	22.506392	87.82846	22.51069	-90.847244	10.11661	175.0772488117218
6	172.6973	113.66079	352.38037	-29.345324	197.51218	92.64333	430.959	44.232185	183.07143	165.0	29999	90.156395	25.390566	90.155975	25.395426	-92.956985	11.530746	214.88517498970032
7	140.53825	95.78017	371.7744	-5.9074254	244.69742	99.06178	508.9212	57.786022	156.4	197.4	34999	92.86569	26.757156	92.86604	26.759676	-95.23498	12.737797	248.82421708106995
8	216.83781	103.287636	444.55518	33.120792	259.3255	178.62732	679.1896	38.098354	190.71428	217.95	39999	93.01115	28.111841	93.01197	28.110678	-95.088715	13.724059	288.5593430995941
9	234.50156	105.19793	473.32797	24.517668	211.20609	111.934746	433.44647	-13.892892	165.1	155.2	44999	93.77869	28.97663	93.7801	28.975927	-95.75016	13.703585	321.7349319458008
10	188.38696	83.8408	311.66513	21.464317	193.00394	236.33093	965.56274	-138.98497	139.27777	214.4	49999	95.21336	29.886269	95.21458	29.885447	-97.08039	13.923716	364.36299443244934
11	172.9693	93.70785	413.31653	17.470081	206.64978	190.013	977.0086	35.50788	122.97561	180.05	54999	96.086494	30.79927	96.08726	30.8002	-97.799736	14.43061	401.25186252593994
12	145.37386	66.32931	354.32587	-9.472063	211.45874	51.547485	322.19888	101.58489	102.770836	122.05	59999	95.348045	32.071102	95.34842	32.06868	-96.83795	14.905744	439.8451931476593
13	195.50517	75.958374	392.08154	85.79124	244.65872	70.08913	496.93765	186.61375	122.65854	141.8	64999	94.13888	33.52654	94.139015	33.527702	-95.626015	15.360253	473.3805227279663
14	207.23157	75.86712	383.36655	83.10268	186.22092	62.046837	339.82382	115.91053	144.85294	122.65	69999	93.33927	34.437664	93.339	34.437664	-94.79375	14.921592	512.0391306877136
15	176.13461	89.986496	452.9231	-3.3751194	226.71638	95.11312	375.90256	37.431934	147.05882	154.4	74999	91.636215	34.894268	91.63624	34.891705	-92.96942	14.523487	546.3467054367065
16	264.4999	129.0655	543.09296	36.158012	215.4679	74.494095	427.83408	121.258675	197.08	165.8	79999	89.2474	34.6613	89.247154	34.65836	-90.42399	14.076911	585.6904430389404
17	253.68	128.96104	496.25998	0.25141218	230.70749	131.35126	536.89667	128.43166	197.34616	125.0	84999	86.927734	33.47284	86.927315	33.470055	-87.96854	12.680532	619.461021900177
18	186.04445	64.420876	409.3406	59.597157	185.26802	44.97651	289.62582	131.2698	117.666664	112.7	89999	84.55959	32.53754	84.55984	32.53371	-85.57202	11.702898	657.2706291675568
19	233.1818	90.40377	508.43265	120.698	229.63269	76.40328	381.2675	130.17224	126.975	120.75	94999	82.185585	31.60738	82.18573	31.60291	-83.075226	10.775088	691.9320497512817
20	267.5981	114.675064	678.9392	113.97281	377.98608	189.05342	688.03864	34.280163	153.0	266.2	99999	80.80526	30.443447	80.80532	30.439775	-81.64753	10.160301	730.9040348529816
21	352.10666	128.42061	587.52594	144.14317	296.299	88.9354	507.39325	148.9319	237.54546	217.0	104999	80.4206	29.258911	80.42052	29.256544	-81.2648	9.837761	767.03196144104
22	439.99933	159.06792	814.1252	221.23238	436.53873	129.53835	649.14453	200.49701	354.0	306.75	109999	80.72222	28.363653	80.72211	28.359426	-81.58243	9.462819	805.273024559021
23	400.98492	139.05623	723.0301	207.12343	412.60345	136.41035	603.2811	52.06872	298.375	317.35	114999	81.08744	27.885138	81.08754	27.88024	-81.91749	9.3111105	841.9961721897125
24	394.20822	132.32738	665.09357	178.3585	389.48468	117.6472	763.9154	194.82816	284.22223	249.25	119999	81.3821	27.957785	81.381996	27.953613	-82.08267	9.264163	879.5861914157867
25	254.8382	152.14633	721.62506	51.563644	299.75638	69.03104	442.37564	147.03047	177.65517	163.5	124999	81.93657	28.517376	81.93632	28.514273	-82.737274	9.798044	915.6300446987152
26	225.03772	120.35289	591.5192	46.435078	361.13498	95.88173	528.65344	176.70232	130.86842	204.55	129999	84.06069	30.237377	84.06065	30.233105	-85.145996	10.609762	952.4312789440155
27	284.5906	140.77141	584.2667	30.120369	355.9212	84.95838	518.25385	176.4367	206.625	209.85	134999	87.68691	32.689037	87.68645	32.68565	-88.69526	11.499574	989.3859052658081
28	320.43158	171.5866	777.8344	18.107399	350.5137	191.38469	742.9595	7.8852625	219.39131	288.2	139999	87.84125	32.919456	87.8408	32.915894	-88.5802	11.025799	1026.87619638443
29	292.67618	200.82413	774.5795	5.5736833	421.44196	210.97134	892.1529	124.96529	262.10526	287.75	144999	86.868546	32.513695	86.868484	32.51203	-87.52403	10.611827	1065.429084777832
30	424.9397	152.04279	698.9733	17.22035	242.44588	80.42979	584.1353	196.7423	280.94446	146.2	149999	86.53026	32.209335	86.52997	32.208973	-87.14531	10.336723	1101.7396275997162
31	404.57758	148.2149	603.69495	59.47607	412.9925	113.63878	702.84674	150.93452	233.61905	213.85	154999	86.661064	32.2879	86.660904	32.28683	-87.29047	10.299109	1139.8442413806915
32	370.93942	85.20533	583.9002	255.36116	361.79657	93.38398	659.979	209.05382	212.41667	212.8	159999	86.76642	32.450954	86.76595	32.450813	-87.43835	10.032049	1175.5621392726898
33	395.30313	97.85556	611.7354	191.0374	376.99014	180.96288	638.73804	36.20847	210.08333	209.3	164999	87.22126	32.44813	87.22094	32.44801	-87.841675	9.773829	1213.7298736572266
34	446.7811	125.693954	699.80804	213.61797	472.40414	147.36755	762.90594	138.11354	235.04762	226.95	169999	87.99687	32.63706	87.99664	32.63544	-88.61746	9.650366	1248.81223320961
35	342.906	197.30649	783.6881	5.8524117	413.76416	186.97171	790.54767	66.392876	176.96428	211.65	174999	89.29325	32.976875	89.29308	32.97733	-89.90803	9.688582	1287.7461194992065
36	474.7752	153.43912	837.7386	251.13597	607.97766	150.36537	1073.1808	352.2629	217.43478	251.4	179999	90.57901	33.45131	90.57872	33.451042	-91.18949	9.784779	1322.2298102378845
37	542.43896	153.17833	854.3096	279.0656	481.59604	195.70576	831.9306	111.18715	268.78946	237.45	184999	91.94782	34.019337	91.94755	34.021145	-92.5616	9.65901	1361.7578418254852
38	564.159	180.92743	1010.5153	304.06796	579.3501	66.134834	664.04156	450.78284	255.52632	238.75	189999	93.76534	34.901375	93.76526	34.9023	-94.427704	9.828967	1394.922325372696
39	585.2948	121.92211	776.5414	349.215	777.4813	228.67079	1240.5464	484.96295	272.66666	295.05	194999	96.1805	35.891804	96.180145	35.893864	-96.85842	9.853247	1434.6764860153198
40	625.41473	139.81548	908.8849	346.74402	495.9842	21.759172	525.7949	451.3137	269.05264	239.15	199999	98.87988	36.948822	98.8796	36.94964	-99.61627	9.950114	1468.0029525756836
41	543.42224	204.77171	1124.1276	293.10342	529.10046	109.52023	663.73584	319.78592	242.14285	219.5	204999	101.10869	37.903446	101.10835	37.905674	-101.8486	10.16277	1507.1127481460571
42	473.401	198.24289	942.6728	208.67455	329.25583	77.34812	439.22183	155.24904	232.09525	159.8	209999	102.82073	38.491177	102.82016	38.493156	-103.501	10.257063	1540.1173672676086
43	373.6555	233.44643	998.14465	19.284948	468.19717	203.97647	1065.5265	211.0537	167.66667	191.15	214999	103.88895	39.09713	103.88869	39.09787	-104.53113	10.573106	1579.630824804306
44	495.2144	261.17603	1016.2533	3.9191759	513.665	418.75516	1389.6743	15.298574	205.28	215.75	219999	105.13068	39.582024	105.13074	39.582714	-105.784225	10.481218	1614.4453988075256
45	941.07294	408.06433	1759.867	328.70352	861.58124	287.12988	1497.1346	324.29477	379.92307	599.25	224999	107.04648	40.290035	107.04662	40.288998	-107.794266	10.7151985	1657.405314207077
46	767.8126	373.93704	1516.8066	180.19159	429.74982	53.830982	528.84125	342.28647	336.66666	175.7	229999	109.36783	41.085793	109.3678	41.086075	-110.06425	10.77958	1690.661999464035
47	521.3414	209.81155	1103.6193	325.89157	608.5268	168.72752	1219.9813	479.9263	205.33333	202.45	234999	111.09432	41.884327	111.09434	41.883537	-111.8329	10.810501	1730.2566492557526
48	583.9389	294.73538	1525.015	336.23386	757.45996	244.65395	1062.4667	149.17877	227.0	273.7	239999	112.52203	42.75731	112.52211	42.75824	-113.18824	11.029724	1766.9207241535187
49	647.7441	216.09714	1203.6744	402.06494	816.62494	525.3859	1958.4546	373.9736	235.33333	276.6	244999	114.30743	43.615765	114.30733	43.615067	-115.020424	11.407212	1807.4503028392792
50	618.57745	195.75511	1109.7821	346.11133	514.4728	166.76764	1003.7147	239.97633	214.95833	163.35	249999	116.34209	44.597992	116.34165	44.597713	-117.17252	11.740631	1840.8437585830688
51	734.4599	240.94751	1100.3291	247.46106	996.9435	495.9857	2280.6653	376.15433	232.14285	344.95	254999	118.97395	45.60066	118.97361	45.601208	-119.72717	12.008587	1882.0528647899628
52	992.6522	299.45013	1409.9146	104.39089	717.152	101.30794	1027.6881	594.4916	299.41177	216.55	259999	122.04075	46.76118	122.04022	46.75945	-122.96381	12.61913	1915.4423797130585
53	921.04944	430.08795	1748.1674	27.548977	1053.3918	427.48233	2175.9893	161.00285	284.2353	321.9	264999	125.25109	47.90835	125.25084	47.907337	-126.188965	13.309486	1956.0235595703125
54	1165.2467	583.23834	2186.66	113.85507	1024.4202	798.35834	2517.8132	61.217346	353.92856	377.55	269999	128.71043	48.9082	128.7098	48.907475	-129.68568	13.99359	1991.9608726501465
55	1301.6964	529.7203	2735.0583	659.0216	1485.2052	728.7332	3487.4275	639.93207	393.92307	418.15	274999	131.72113	49.666164	131.72089	49.6649	-132.6305	14.4463625	2034.2666292190552
56	1493.5515	778.1936	3466.0608	658.7343	1656.863	655.3823	2920.8936	803.3829	440.6	489.1	279999	134.15474	50.774647	134.15419	50.775356	-135.02722	14.807113	2070.382108926773
57	1343.4949	368.6944	2184.0125	675.3149	1339.258	413.8699	2441.7812	691.62714	403.2143	411.2	284999	137.37015	52.19419	137.37012	52.193665	-138.3603	15.911519	2111.081826210022
58	1265.839	459.3081	2223.5256	299.15637	1756.8705	720.4598	3724.6086	1063.1592	376.53845	494.15	289999	140.78389	53.459465	140.78346	53.45987	-141.83076	16.906513	2148.8144557476044
59	1435.8163	493.17172	2249.4902	453.92776	1795.4246	825.26654	3597.0667	118.13107	416.41666	507.35	294999	144.2943	54.86375	144.29414	54.86477	-145.38342	17.592594	2189.6076214313507
60	1769.8138	908.7027	3708.226	859.1586	2256.3848	1046.2588	4129.569	946.97565	491.9	606.65	299999	147.61378	56.26031	147.61317	56.260063	-148.57988	18.408134	2228.5343639850616
61	1443.4543	879.1244	3643.816	546.61694	646.7788	208.57018	1453.8395	490.10333	403.92307	187.95	304999	151.27652	57.861614	151.27625	57.861317	-152.32747	19.08029	2265.6263332366943
62	1973.8538	767.3641	3554.6753	438.79077	1074.4434	1167.2743	3568.1565	126.73008	539.8889	326.6	309999	155.19104	59.227787	155.19095	59.227715	-156.40727	19.531471	2304.911360025406
63	2635.589	997.4318	4079.7815	1056.6216	2145.6216	900.36084	3693.4941	687.6809	709.1429	577.8	314999	158.8007	60.301327	158.8004	60.30144	-159.93793	20.33836	2344.055074930191
64	1586.866	873.3922	3432.515	477.76547	2242.3208	1099.3252	3660.9968	430.58963	457.27274	612.4	319999	162.69783	61.129074	162.69737	61.129677	-163.8813	20.341303	2384.767778635025
65	1842.9169	1070.9017	3573.0952	803.64545	1762.1725	966.6478	4010.478	890.67505	513.44446	492.7	324999	166.12262	62.001873	166.12209	62.00054	-167.2396	21.191357	2422.608947992325
66	2672.4834	1030.306	4007.4763	1164.4177	2232.1824	1253.4603	4043.19	850.948	688.5	604.45	329999	169.51181	62.964817	169.51123	62.963627	-170.66869	21.692999	2464.5958635807037
67	2236.1365	1229.7583	3727.5884	591.38403	2606.4966	750.3355	3874.0159	1149.7761	602.0	736.4	334999	171.90808	63.944756	171.90808	63.942738	-172.99448	22.545694	2501.6437752246857
68	2295.5166	1005.04224	3820.1672	910.35156	3058.9639	1203.1344	4132.9546	767.9544	604.875	800.95	339999	174.70454	64.93693	174.70383	64.937805	-175.78752	23.255846	2544.3093836307526
69	2444.318	975.4578	3715.1218	1213.3158	1372.6785	514.1466	2605.0115	546.6275	659.0	453.5	344999	177.9636	65.87793	177.96269	65.8802	-179.11115	23.94437	2580.4118065834045
70	2149.8833	997.7802	4049.931	671.5715	2089.6516	1114.8513	4142.4443	718.2051	572.4	559.1	349999	180.69548	67.18007	180.69455	67.180916	-181.86214	25.28145	2623.086320400238
71	1901.3236	514.1772	2815.516	1085.0819	2589.2698	903.1976	3998.1284	1245.6503	621.5	739.55	354999	183.41472	68.43519	183.41495	68.4331	-184.64217	25.878717	2660.256551504135
72	2392.5503	1130.6251	3847.5132	1176.3062	2288.439	920.26746	4044.6306	822.5705	695.0	631.85	359999	185.96063	69.28449	185.95985	69.28453	-187.18864	26.169216	2702.6107959747314
73	2375.873	651.10376	3607.778	1552.9706	3315.8657	827.03284	4114.7715	1390.0883	630.625	862.1	364999	188.38121	69.288795	188.38109	69.28751	-189.5512	25.998684	2740.0562489032745
74	2705.424	1116.7727	3883.5593	664.4993	2661.7246	1175.8862	4193.0117	787.708	720.8333	673.35	369999	190.19528	69.442955	190.1955	69.440735	-191.3285	26.538162	2781.037959098816
75	2541.4556	1228.758	4094.67	757.0429	3151.3757	855.0136	4021.5747	1073.5076	762.0	824.45	374999	192.15102	69.46286	192.15073	69.459816	-193.25247	26.040092	2819.8839445114136
76	2950.104	1130.5455	4025.057	914.0565	3090.692	1276.4666	3882.689	161.70761	771.2857	843.05	379999	193.99837	69.56893	193.99834	69.566414	-195.00993	26.08882	2859.4742770195007
77	3228.8264	1294.9049	4103.6196	650.3539	2917.176	1067.1407	4167.9937	654.2718	838.8	783.65	384999	195.54048	70.116684	195.54027	70.112915	-196.53285	25.833124	2899.629861831665
78	2406.1362	1331.3757	4118.567	672.6672	2245.9324	1006.509	3935.4578	1333.8618	716.5714	892.2	389999	197.01219	70.76245	197.0118	70.761665	-198.02841	25.729017	2938.167286634445
79	3259.896	920.4291	4092.9834	1669.3713	4268.716	251.6772	4521.483	3430.6912	827.7143	976.2	394999	198.54115	71.332825	198.54103	71.33157	-199.59178	25.727995	2979.5929713249207
80	3280.9648	1141.8792	4082.6304	857.5842	3335.269	1077.859	4229.39	635.9432	834.6667	820.45	399999	199.93904	72.14965	199.93846	72.14637	-200.9737	26.150282	3016.685957670212
81	3323.4097	1221.1888	4083.6448	891.85834	2974.7056	1150.9441	4213.4077	1223.9381	852.2	754.9	404999	201.65857	72.72929	201.65874	72.72479	-202.69252	26.61575	3059.3083465099335
82	2959.517	1122.552	4114.271	1098.9977	2246.5288	1076.7372	3928.2869	685.74445	763.2857	630.0	409999	203.51874	73.32548	203.5184	73.3234	-204.58261	26.62541	3096.602953195572
83	2014.7115	1410.5596	4054.3062	532.8379	1551.2205	1238.4147	4181.685	580.6001	529.2	447.55	414999	205.67792	73.67476	205.67769	73.67373	-206.72556	26.736275	3139.1664066314697
84	3121.2234	925.9922	3992.8389	1505.5841	2541.333	1324.8795	3851.348	336.6797	837.1667	729.9	419999	207.57796	74.069305	207.57748	74.0666	-208.83818	27.55551	3176.1167991161346
85	1629.9803	1661.6556	3804.056	12.662424	1406.0347	1265.4159	3930.008	507.31128	478.5	436.15	424999	211.13658	74.713326	211.1369	74.709785	-212.33405	28.818916	3218.652578353882
86	2161.6382	1439.4353	3845.0024	423.999	1184.619	1179.2836	3983.408	503.74478	636.1429	345.0	429999	213.20218	74.59017	213.20245	74.58493	-214.2604	29.252625	3255.495198726654
87	1569.5934	1566.1642	3912.2063	331.70795	96.04344	61.880764	300.92075	34.3979	471.25	188.9	434999	212.06763	74.878654	212.06805	74.876526	-213.00162	29.354013	3294.702045440674
88	3104.042	974.3023	3923.0835	1574.6261	2269.9902	1340.1732	4109.25	318.2033	843.5	704.35	439999	211.18002	75.801216	211.1795	75.80242	-212.00133	29.112135	3331.938772201538
89	3019.6074	1094.9084	3926.4814	1146.79	2802.9248	1170.8969	4013.2358	872.65326	867.6	817.2	444999	211.6846	76.473076	211.68535	76.47079	-212.64082	29.804976	3373.17759680748
90	2628.8743	1138.369	4153.5283	694.74347	2612.4224	1442.5852	4159.0156	448.2644	753.0	705.3	449999	212.5439	76.64318	212.54295	76.64053	-213.60776	29.65579	3411.6114859580994
91	3457.045	638.188	3929.347	2230.1987	3618.567	868.0564	4285.654	1304.3075	890.0	882.6	454999	213.47893	77.41471	213.47905	77.41246	-214.2947	29.664606	3451.5924940109253
92	3022.4521	1173.229	3993.5857	1220.6199	3297.4546	1115.111	4168.466	850.8252	800.6667	849.9	459999	215.26167	77.613495	215.2619	77.611664	-216.07945	29.6012	3491.260103225708
93	3639.5242	863.92236	4368.392	1854.4175	2901.9038	1215.3687	4137.9272	749.4445	897.6667	759.15	464999	216.64833	78.020966	216.64873	78.01938	-217.65202	29.3327	3529.959317922592
94	3975.4585	102.10038	4088.9104	3813.0596	3785.2144	974.55084	4291.9683	854.00977	1000.0	923.2	469999	218.75604	78.04775	218.75615	78.041824	-219.6168	29.248888	3571.0004699230194
95	3833.2786	297.78104	4067.0144	3245.5747	3596.0044	642.37195	4168.0083	1753.8339	962.8	923.6	474999	219.91193	78.73337	219.91193	78.731316	-220.8944	28.704159	3608.338618040085
96	3698.0378	653.5089	4179.1694	2421.8418	3654.0293	548.8407	4082.9685	1502.1787	926.2	956.1	479999	221.19943	79.1273	221.2002	79.12427	-221.9969	28.721502	3650.634956598282
97	3568.5947	1190.9772	4250.934	915.54364	3758.3452	807.95593	4253.7217	1113.1576	880.1667	920.75	484999	222.20386	79.88926	222.20355	79.88769	-223.01096	28.390976	3687.723415374756
98	3399.167	1188.4642	4367.7344	1378.2224	4201.3867	161.94022	4469.71	3871.3213	819.0	994.0	489999	223.25568	80.690414	223.25568	80.687256	-224.0377	29.01935	3730.4446518421173
99	4171.893	172.36377	4362.936	3912.5557	3658.914	1219.3291	4528.471	1072.824	997.4	846.25	494999	224.75107	81.052925	224.7512	81.050316	-225.6157	28.604763	3767.4825944900513
100	4309.9214	149.56628	4459.597	4031.3792	3492.7239	1270.1272	4601.0635	743.6098	974.4	829.7	499999	226.7428	81.50496	226.7426	81.50102	-227.6627	28.20988	3810.1315310001373
101	4332.802	209.37617	4582.849	3968.9067	3982.9355	580.08826	4522.0244	2185.9224	1000.0	962.95	504999	228.8153	82.02697	228.8155	82.022194	-229.7662	28.462053	3847.3081295490265
102	3859.3762	712.7013	4437.872	2543.501	3569.8145	1107.2382	4345.4624	584.09845	910.6667	871.55	509999	230.48293	82.47489	230.48288	82.473015	-231.3058	28.269882	3888.7663338184357
103	4244.327	267.82254	4652.5796	3897.549	4198.742	136.45569	4522.2188	3957.636	1000.0	1000.0	514999	232.48593	82.97607	232.4863	82.971756	-233.37144	28.093128	3926.9992854595184
104	4177.4336	216.15108	4398.137	3781.8975	4141.08	95.04164	4317.4014	3951.6355	1000.0	1000.0	519999	234.3523	83.61888	234.35257	83.61591	-235.14908	28.427313	3967.101140499115
105	4258.7095	152.79128	4472.2793	4101.986	4131.366	131.4232	4362.3003	3898.2585	1000.0	1000.0	524999	236.2164	84.08732	236.21628	84.084625	-237.12125	27.87033	4006.697414159775
106	4176.025	67.905045	4235.4653	4047.4656	4342.5967	262.03244	4575.5186	3324.5544	1000.0	985.5	529999	237.9841	84.81966	237.98433	84.81551	-238.7984	28.054834	4045.4863710403442
107	3479.1458	1338.6573	4266.2344	813.4214	4390.4004	125.509125	4611.385	4057.7153	850.8	1000.0	534999	239.66588	85.27255	239.666	85.26991	-240.5369	28.422503	4086.4180903434753
108	4270.4844	193.52158	4510.3716	3933.413	4365.5215	74.93346	4563.9263	4200.0293	1000.0	1000.0	539999	241.01642	85.63571	241.0168	85.63191	-241.8456	27.887512	4123.850653409958
109	4279.573	90.8533	4420.6514	4163.4526	4171.6494	97.06379	4322.408	3888.847	1000.0	1000.0	544999	242.78615	86.106544	242.78587	86.104034	-243.50908	27.445034	4166.0682961940765
110	4140.3975	129.12944	4347.2974	3990.1265	4023.515	55.75001	4097.844	3901.3289	982.8	1000.0	549999	244.87198	86.411705	244.87218	86.40861	-245.68217	27.692802	4203.199269533157
111	4269.924	132.19853	4414.9585	4068.9004	3939.4155	747.55927	4410.813	744.9934	1000.0	958.9	554999	246.80768	86.80516	246.80812	86.79904	-247.5461	27.964676	4245.787782430649
112	3730.3928	881.2977	4359.7427	1809.38	4195.035	124.81203	4388.8833	3947.3188	895.0	1000.0	559999	248.30443	87.45151	248.30438	87.44743	-249.3558	28.279179	4282.979067802429
113	4239.142	56.73257	4309.7812	4161.232	4352.0996	153.32693	4600.009	4012.2544	1000.0	1000.0	564999	250.10847	87.83805	250.10883	87.83459	-250.99265	27.931557	4325.472354650497
114	4233.2676	153.4025	4478.408	4073.6548	4043.05	674.8519	4456.98	1901.7739	1000.0	952.2	569999	251.7876	88.14203	251.7882	88.13795	-252.63765	27.573603	4362.583226680756
115	4445.8213	102.472855	4612.908	4353.123	4365.335	143.90973	4497.769	3952.7944	1000.0	1000.0	574999	253.58035	88.675575	253.58058	88.669426	-254.32823	27.817303	4404.138981342316
116	4259.8965	147.48662	4465.727	4099.0283	4315.9795	95.89669	4660.864	4178.2783	1000.0	1000.0	579999	255.1863	88.98477	255.18723	88.979	-256.07275	27.488531	4442.222589969635
117	4345.9575	112.097755	4474.5767	4195.0767	4174.233	814.7574	4632.3306	683.9515	1000.0	959.4	584999	256.92493	89.2671	256.92484	89.263245	-257.75186	27.6313	4482.440651416779
118	4312.376	153.5103	4525.1045	4116.3047	4159.224	49.210007	4296.057	4083.3577	1000.0	1000.0	589999	258.59164	89.54327	258.5919	89.541176	-259.46423	27.533203	4521.8053295612335
119	4354.6914	177.59679	4670.082	4191.2817	4233.616	88.97136	4413.5347	4030.3655	1000.0	1000.0	594999	260.26028	89.8121	260.2606	89.80721	-261.1993	27.630112	4560.819021701813
120	4261.13	109.77648	4416.3364	4116.8447	4284.741	145.65031	4615.6616	4037.5537	1000.0	1000.0	599999	262.0659	89.91604	262.06586	89.91433	-262.93356	27.355783	4601.3927755355835
121	4320.2603	68.82452	4385.062	4195.856	4413.8877	125.00439	4642.2217	4192.805	1000.0	1000.0	604999	263.52972	90.259895	263.53043	90.25592	-264.3068	27.435263	4639.1460247039795
122	4250.918	129.40652	4423.1704	4024.4365	4309.001	69.49089	4433.251	4150.8125	1000.0	1000.0	609999	265.15695	90.77537	265.15695	90.772125	-265.9998	27.029984	4681.091019153595
123	4403.6646	166.03078	4647.9526	4234.868	4344.8564	81.45998	4562.8438	4204.673	1000.0	1000.0	614999	266.61188	90.85283	266.61154	90.85251	-267.36624	26.58595	4718.116742134094
124	4235.8535	129.17784	4415.8037	4083.4236	4102.895	39.082745	4232.4062	4061.1501	1000.0	1000.0	619999	267.72232	91.33904	267.72296	91.333885	-268.3819	26.438118	4760.674523591995
125	4293.0156	138.48203	4488.4434	4090.1804	4350.1895	137.15102	4637.6255	4138.04	1000.0	1000.0	624999	269.19363	91.60362	269.19363	91.600815	-270.10077	26.649387	4797.925340175629
126	4347.5947	77.68048	4447.575	4232.5796	4320.0835	69.68993	4440.816	4150.7573	1000.0	1000.0	629999	270.28433	91.94685	270.28436	91.943924	-271.0275	26.744463	4840.547503232956
127	4337.741	26.747858	4375.2974	4308.8735	4250.639	713.2712	4682.7476	1179.9323	1000.0	965.0	634999	271.69907	92.20507	271.69916	92.20251	-272.56128	26.741943	4877.636490821838
128	4419.678	33.51702	4475.0024	4386.6987	4460.106	59.235596	4608.206	4359.094	1000.0	1000.0	639999	273.34076	92.328545	273.34064	92.32526	-274.24988	26.737318	4919.523289203644
129	4469.936	195.50696	4647.8496	4105.3564	4398.2847	139.72606	4656.0337	4186.024	976.2	1000.0	644999	274.81073	92.59613	274.81082	92.59373	-275.63834	26.475285	4957.15606379509
130	4445.7607	110.57035	4585.509	4280.5835	4368.6143	81.41356	4525.042	4203.6924	1000.0	1000.0	649999	275.91837	93.039215	275.91824	93.03757	-276.69073	26.430153	4997.827789068222
131	4422.729	42.057106	4479.0986	4371.653	4427.402	87.94456	4579.599	4272.495	1000.0	1000.0	654999	277.13568	93.28559	277.13556	93.28286	-277.93356	26.617163	5036.839061260223
132	4514.259	106.82809	4677.9604	4364.4814	4301.724	57.27927	4419.745	4223.986	1000.0	1000.0	659999	278.0406	93.511314	278.04074	93.508705	-278.77084	26.609282	5076.2412786483765
133	4502.0674	69.06366	4588.596	4442.965	4237.9507	73.426674	4396.9233	4102.319	1000.0	1000.0	664999	279.25244	93.588486	279.25302	93.584435	-279.93347	26.719944	5116.539541482925
134	4526.9097	61.742928	4576.565	4428.7104	4623.1377	68.45935	4749.6816	4495.193	1000.0	1000.0	669999	280.49167	93.68256	280.49115	93.68119	-281.30334	25.977213	5154.6191573143005
135	4469.839	78.47878	4589.459	4349.8545	4564.2056	58.916077	4714.0586	4465.1123	1000.0	1000.0	674999	281.8013	94.024445	281.80176	94.02345	-282.5946	26.40254	5196.175741910934
136	4482.2207	91.45123	4638.8794	4357.5947	4545.72	100.577095	4683.528	4294.1387	1000.0	1000.0	679999	283.2465	94.195885	283.24646	94.19253	-283.96564	26.263529	5233.243206977844
137	4576.7764	79.07254	4653.8057	4437.738	4735.433	88.45634	4874.503	4534.495	1000.0	1000.0	684999	284.33746	94.45031	284.33777	94.44706	-285.12515	26.584404	5275.835365533829
138	3745.1223	1614.3499	4648.8584	148.30898	4586.071	45.66707	4673.8965	4499.4517	845.0	1000.0	689999	285.58054	94.38566	285.57996	94.38465	-286.2817	26.087044	5312.960364580154
139	4520.1167	108.66794	4650.2417	4321.9185	4514.3647	96.05701	4799.247	4410.688	1000.0	1000.0	694999	286.74826	94.35312	286.74908	94.35011	-287.58536	26.528572	5355.587545156479
140	4583.016	98.27221	4663.4795	4404.9624	4475.4316	800.3055	4818.738	1221.4783	1000.0	951.1	699999	287.60654	94.572685	287.60626	94.56918	-288.2874	25.929668	5392.726242303848
141	4587.909	44.936687	4656.4033	4525.5376	4635.0425	108.27409	4823.4937	4430.0205	1000.0	1000.0	704999	288.93817	94.36949	288.93845	94.36648	-289.85416	25.214441	5434.968909502029
142	4549.539	82.76091	4652.613	4445.193	4737.979	34.92039	4771.2505	4625.971	1000.0	1000.0	709999	289.887	94.80788	289.88754	94.80594	-290.578	25.243216	5472.472338676453
143	4834.16	80.01379	4937.311	4720.561	4498.5835	45.866436	4587.8745	4369.594	1000.0	1000.0	714999	291.19904	94.88187	291.19904	94.87842	-291.9718	25.645344	5513.290479183197
144	4638.1846	54.78127	4746.263	4596.4985	4662.311	72.40329	4797.19	4502.9487	1000.0	1000.0	719999	292.25452	95.22642	292.2541	95.224365	-293.01514	25.642685	5552.0958795547485
145	4704.9307	27.424463	4729.798	4653.154	4790.462	32.240204	4854.911	4745.623	1000.0	1000.0	724999	293.39893	95.57919	293.3994	95.57469	-294.1502	24.982172	5591.756482362747
146	4628.948	105.801506	4742.2305	4443.427	4838.705	33.610245	4905.527	4774.762	1000.0	1000.0	729999	294.744	95.78394	294.7439	95.78047	-295.41025	25.337643	5631.867681503296
147	4660.2817	73.65447	4776.8203	4583.676	4577.6807	94.60641	4740.265	4417.809	1000.0	1000.0	734999	295.8452	96.259796	295.84534	96.25717	-296.51562	25.197086	5670.022593736649
148	4692.491	111.890465	4846.573	4500.1514	4611.892	91.239914	4796.7515	4423.44	1000.0	1000.0	739999	297.03714	96.60168	297.0376	96.59649	-297.79126	25.3281	5711.3488755226135
149	4719.7866	22.810633	4753.046	4692.4243	4710.0996	56.08922	4818.016	4601.142	1000.0	1000.0	744999	297.97147	96.80847	297.97168	96.80386	-298.50644	24.96636	5748.45432472229
150	4686.351	79.011055	4773.2124	4573.602	4776.0464	50.46663	4865.4614	4697.4917	1000.0	1000.0	749999	299.44794	96.72279	299.4482	96.7214	-300.19275	24.933407	5791.003367424011
151	4755.1416	79.58128	4855.6343	4629.768	4734.2573	96.94949	4905.086	4566.4473	1000.0	1000.0	754999	300.88828	96.56075	300.88803	96.55939	-301.75714	24.328566	5828.047160387039
152	4273.616	1081.9335	4837.752	1858.4523	4578.206	64.308334	4717.6284	4462.7246	909.3333	1000.0	759999	302.29642	96.923294	302.29672	96.92047	-302.90256	24.682009	5870.673456430435
153	4698.313	174.72147	4929.896	4454.073	3184.16	1172.5253	4856.0605	2011.6874	1000.0	683.85	764999	303.6359	97.19575	303.63586	97.19446	-304.418	24.65686	5907.7415335178375
154	4567.0864	301.52713	4784.429	3971.179	4598.8955	129.60759	4837.1484	4214.7515	971.4	995.25	769999	304.59094	97.500244	304.5915	97.49689	-305.3623	24.905413	5950.178587675095
155	4674.3594	105.02624	4756.932	4471.3228	4550.114	48.703194	4633.333	4475.5312	1000.0	1000.0	774999	305.90604	97.434395	305.90625	97.43221	-306.6851	24.727243	5987.436604499817
156	4738.458	51.60618	4801.9277	4664.1943	4708.3145	97.582306	4831.351	4513.8047	1000.0	1000.0	779999	306.75772	97.62877	306.75754	97.62588	-307.57874	24.710579	6028.430049657822
157	4722.6714	112.910355	4909.3955	4556.2837	4882.71	69.879295	4992.1655	4763.935	1000.0	1000.0	784999	307.78232	97.9528	307.78244	97.95245	-308.54514	24.975382	6067.0120503902435
158	4725.2256	91.40545	4837.418	4632.473	4255.4805	1251.8573	4888.7876	484.21292	1000.0	915.45	789999	308.9262	98.21846	308.9262	98.21789	-309.6454	24.97267	6106.795853376389
159	4655.424	163.34103	4805.1895	4343.0444	4796.0103	33.537502	4858.77	4719.3774	987.0	1000.0	794999	309.8997	98.528824	309.9001	98.52563	-310.6692	24.043879	6146.681179285049
160	3975.5957	1647.7576	4850.245	301.14865	3938.6863	1005.1908	4739.245	1913.9729	851.6667	878.4	799999	310.91095	98.76885	310.9111	98.7662	-311.4604	24.078161	6185.2608551979065
161	4683.997	112.49681	4816.094	4531.784	4348.7393	1314.41	4945.3022	362.28525	1000.0	913.4	804999	311.8349	98.91649	311.83496	98.91348	-312.42206	24.293293	6226.456294775009
162	4782.0073	146.97346	4930.043	4568.5776	4652.534	280.98782	4855.965	3533.3801	1000.0	988.0	809999	312.5084	99.407265	312.50864	99.404976	-313.0178	24.376463	6263.6013197898865
163	4644.111	78.72182	4739.713	4561.5815	3861.976	1132.1202	4745.5073	1536.1602	1000.0	848.6	814999	313.3835	99.64047	313.3834	99.638954	-314.09216	25.000723	6306.033591270447
164	3746.6418	1504.3701	4845.2935	861.1481	4603.0376	53.010754	4702.76	4521.4995	797.1667	1000.0	819999	314.55563	99.43262	314.55563	99.43212	-315.2439	24.70052	6343.20712852478
165	4761.4272	83.72104	4871.5063	4627.5576	4917.77	97.98609	5099.6616	4747.302	1000.0	1000.0	824999	314.9887	99.49869	314.98914	99.49598	-315.6831	25.359331	6385.781226634979
166	4101.3906	1358.236	4858.6084	1071.4955	609.92084	941.71326	4638.5283	298.29575	878.0	176.35	829999	315.40573	99.89604	315.40543	99.89464	-315.99054	25.089571	6422.87312746048
167	4614.073	58.888588	4719.9385	4558.316	4628.583	96.04495	4765.8335	4310.7354	1000.0	1000.0	834999	315.94482	99.975006	315.94476	99.9749	-316.63007	24.935741	6465.470692157745
168	4715.288	49.186928	4803.362	4661.0835	4782.234	24.565847	4824.7695	4743.4253	1000.0	1000.0	839999	316.77817	99.93694	316.77817	99.937096	-317.47794	24.98915	6502.5283262729645
169	4699.603	57.092926	4754.5244	4601.3013	4712.737	69.55449	4885.216	4588.1167	1000.0	1000.0	844999	317.82898	99.94952	317.8287	99.94772	-318.45715	25.072544	6543.926302194595
170	4686.683	98.68214	4860.781	4589.3374	4664.9644	72.66748	4792.7324	4523.1084	1000.0	1000.0	849999	318.56555	99.72725	318.5652	99.72575	-319.23233	25.0865	6582.084468603134
171	4782.671	84.03708	4936.057	4682.5127	4740.1504	39.991367	4806.046	4650.4927	1000.0	1000.0	854999	319.04758	100.01652	319.0476	100.01487	-319.5611	25.050844	6622.192032575607
172	4713.9453	74.683945	4785.2876	4584.7344	4655.216	18.324707	4696.5825	4630.0093	1000.0	1000.0	859999	319.51547	100.348335	319.51584	100.34515	-320.11295	24.891615	6661.61700797081
173	4832.1436	53.23161	4884.8784	4731.735	4863.745	85.39395	5096.061	4744.899	1000.0	1000.0	864999	320.2364	100.34468	320.23666	100.34152	-320.81104	25.544546	6700.426468849182
174	4811.7095	78.08958	4887.847	4701.354	4724.9165	41.06863	4803.367	4641.673	1000.0	1000.0	869999	320.76666	100.580315	320.76672	100.57901	-321.533	24.819244	6741.159084558487
175	4483.637	495.6379	4796.042	3499.515	4798.9116	439.04907	4986.1445	2894.6375	950.4	980.3	874999	321.35797	100.719315	321.35806	100.717415	-322.01556	24.809662	6778.691175937653
176	4722.407	142.93495	4834.123	4441.2393	3794.1348	1381.3107	4738.602	390.17154	1000.0	877.3	879999	322.23	100.79202	322.22983	100.791214	-322.71326	24.85304	6820.697747468948
177	4714.8086	96.72657	4847.988	4613.034	4925.495	38.18467	4999.1826	4849.7354	1000.0	1000.0	884999	322.73862	100.912704	322.73853	100.912186	-323.36774	24.241943	6857.747291326523
178	4641.0107	110.544556	4790.003	4469.609	4739.8228	31.514687	4816.3784	4679.307	1000.0	1000.0	889999	323.26108	101.06638	323.2615	101.063896	-323.84946	24.678013	6900.284961462021
179	4745.7446	73.798706	4878.6313	4666.0635	4561.1846	796.3556	4976.334	2035.369	1000.0	946.8	894999	323.75934	101.43193	323.75906	101.43036	-324.18625	23.99799	6937.4228303432465
180	4794.051	92.27616	4906.785	4646.7134	4663.917	92.36105	4966.45	4563.261	1000.0	1000.0	899999	324.2829	101.69812	324.2835	101.694824	-324.8314	24.67869	6980.095735549927
181	4854.235	111.22671	4956.202	4642.0024	4893.5625	53.922894	4971.8916	4814.1416	1000.0	1000.0	904999	325.0215	101.751526	325.02145	101.75011	-325.6602	24.072763	7017.18371462822
182	4874.1416	59.12977	4936.6846	4775.779	4886.7764	74.32599	5008.639	4762.6777	1000.0	1000.0	909999	325.71237	101.75166	325.71234	101.75097	-326.2017	25.108435	7058.8576192855835
183	4836.777	99.99595	4976.9985	4686.5615	4664.669	22.966536	4699.084	4622.9746	1000.0	1000.0	914999	326.67493	101.44133	326.6756	101.438805	-327.32883	24.094696	7096.860290050507
184	4799.0547	13.129934	4817.4673	4782.1274	4871.085	25.234297	4963.566	4836.928	1000.0	1000.0	919999	327.58878	101.093544	327.58835	101.09427	-328.0919	23.735529	7137.183792829514
185	4783.3467	88.58189	4878.2866	4618.8286	4768.905	398.40735	4993.6313	3044.4846	1000.0	983.1	924999	328.77414	100.76041	328.77417	100.75981	-329.34204	24.126617	7176.553786754608
186	4818.1816	77.882866	4919.223	4727.392	4710.9683	35.157425	4769.17	4650.6304	1000.0	1000.0	929999	329.59467	100.885796	329.59445	100.883766	-330.28998	23.936892	7215.577477455139
187	4762.465	140.66815	4956.07	4616.476	4535.651	401.09564	4710.2095	2803.003	1000.0	982.05	934999	330.2584	101.22897	330.25836	101.22784	-330.77515	23.943651	7256.162231683731
188	4125.038	1669.6145	4966.4263	396.16556	3835.386	1663.0426	4832.6133	391.83145	858.3333	836.75	939999	330.9879	101.6465	330.988	101.6456	-331.56586	24.094044	7293.976306915283
189	4809.575	144.56812	4983.9336	4600.7964	4960.474	40.7803	5049.895	4891.866	1000.0	1000.0	944999	332.0433	101.57635	332.04318	101.576546	-332.60065	23.71298	7335.054124116898
190	4891.3843	53.73011	4967.5137	4818.615	4879.216	55.151863	4954.9395	4755.745	1000.0	1000.0	949999	332.9894	101.5516	332.98956	101.54862	-333.70596	23.606895	7372.320683717728
191	4904.5474	37.25323	4947.3013	4849.374	4814.395	77.41864	5004.736	4693.6816	1000.0	1000.0	954999	333.77197	101.54645	333.77237	101.54225	-334.33615	24.195774	7414.720711231232
192	4071.3777	1531.391	4919.47	654.7405	4831.172	36.674576	4903.754	4769.2197	868.5	1000.0	959999	334.2609	102.014015	334.2612	102.011765	-334.90475	23.954857	7451.902145624161
193	4847.069	115.574326	4965.8374	4633.64	3550.7078	1086.6102	4605.33	1596.9878	1000.0	802.65	964999	334.63052	102.364685	334.6306	102.363235	-335.14706	23.44945	7494.522219419479
194	4828.586	67.23067	4920.4517	4744.7617	4832.0	40.409683	4915.69	4773.235	1000.0	1000.0	969999	335.1217	102.600075	335.12177	102.60013	-335.75574	23.830544	7531.575985193253
195	4894.267	73.323814	4979.9277	4785.1074	4835.01	39.66589	4929.1987	4753.972	1000.0	1000.0	974999	335.507	103.03394	335.50742	103.03171	-336.00806	24.169025	7574.067733287811
196	4218.0444	1347.5536	5015.6777	1526.4485	3535.7695	1964.1835	4897.1235	355.36993	879.2	746.75	979999	335.91083	103.33622	335.9106	103.33507	-336.3635	23.799395	7611.150531053543
197	4078.409	1760.2423	4928.9424	148.96797	4405.8765	774.38513	4925.7183	2117.8972	844.6667	932.05	984999	336.42972	103.50683	336.4296	103.506325	-336.84985	23.592478	7652.433207035065
198	4888.706	83.929115	5000.8027	4773.9204	4448.698	1295.5361	5041.201	546.51245	1000.0	916.15	989999	337.02975	103.71152	337.03006	103.71057	-337.6453	23.641638	7690.835071563721
199	4712.9185	204.75267	4931.9307	4370.604	4487.7144	869.7596	4732.347	698.6987	1000.0	960.0	994999	337.69775	103.80619	337.6979	103.80349	-338.37415	23.576134	7730.801864862442
200	4513.6255	789.57434	4935.5947	2753.2383	4821.762	454.64572	5112.5815	2869.6716	932.0	980.35	999999	338.4032	103.81802	338.40363	103.81568	-338.8917	23.870365	7770.456993818283
