Epoch	AverageEpRet	StdEpRet	MaxEpRet	MinEpRet	EpLen	AverageVVals	StdVVals	MaxVVals	MinVVals	TotalEnvInteracts	PolicyLoss	ValueLoss	Entropy	AvgKL	StopIter
1	-250.58728	42.40937	-190.00398	-297.13962	1000.0	0.99443007	0.58376515	4.6960096	-0.36144567	5000	-0.105336905	194.72617	2.0328445	0.02975027	79.0
2	-182.0492	44.774395	-139.43169	-255.00623	1000.0	-21.364838	5.7531433	-1.2046843	-42.469143	10000	-0.11023921	106.4273	2.0022054	0.01462244	79.0
3	-161.80328	31.317953	-106.11114	-203.20145	1000.0	-17.960135	4.362549	-2.6325517	-36.35614	15000	-0.10752534	79.4095	2.0161428	0.012924627	79.0
4	-89.367165	18.257345	-68.09606	-122.85592	1000.0	-15.542996	4.6380296	-2.4918456	-47.286865	20000	-0.11458655	92.66633	1.994095	0.022925083	79.0
5	-60.449898	30.335562	-20.932306	-105.89099	1000.0	-8.085944	1.9984266	-1.768781	-16.402063	25000	-0.11444222	85.817604	1.9662089	0.026595514	79.0
6	22.761929	40.163357	90.05158	-17.618479	1000.0	-5.4674015	1.8041656	-0.70109475	-14.806789	30000	-0.114631094	151.26007	1.9109406	0.027888004	79.0
7	22.588297	82.37454	134.27252	-95.186226	1000.0	1.2420924	2.256308	9.548275	-15.193494	35000	-0.12157316	73.50427	1.906968	0.043551646	79.0
8	78.59681	42.74026	161.35712	39.28023	1000.0	3.6460671	6.879358	20.950422	-13.102262	40000	-0.11812991	68.65868	1.8370762	0.03873512	79.0
9	94.74571	59.366234	193.57755	33.17318	1000.0	9.524532	3.4514668	22.995779	-5.678312	45000	-0.120158486	107.59353	1.7903842	0.025625817	79.0
10	214.6464	43.88248	282.66345	147.71608	1000.0	11.521577	4.757535	28.252748	-4.1871886	50000	-0.11668132	103.804665	1.7347375	0.03751702	79.0
11	205.17061	52.98653	292.04248	126.51481	1000.0	19.227938	8.076697	38.70689	-5.1048946	55000	-0.12128496	98.586945	1.6925777	0.039890155	79.0
12	280.43027	85.73266	374.4296	145.43983	1000.0	21.114725	10.125842	37.98269	-6.457493	60000	-0.122313745	74.122826	1.6396077	0.03745216	79.0
13	264.1781	122.9323	442.11313	121.98813	1000.0	27.073444	11.021583	51.51639	-11.536414	65000	-0.122214794	149.06435	1.5441047	0.0453897	79.0
14	339.0923	50.08725	413.13324	267.88467	1000.0	29.218193	8.731497	53.143124	-6.5658073	70000	-0.12366543	136.59212	1.5002291	0.03699619	79.0
15	307.31183	94.29887	437.35312	153.22179	1000.0	28.2933	16.503656	56.877373	-10.990982	75000	-0.12639716	123.81314	1.4590595	0.04941939	79.0
16	396.93033	90.36993	503.03998	265.76956	1000.0	34.79018	9.785529	57.26211	1.6698389	80000	-0.123117335	112.37007	1.3961664	0.04196498	79.0
17	389.48575	123.29195	480.9764	149.42128	1000.0	34.35967	20.918123	61.391937	-25.852709	85000	-0.1210146	110.711624	1.3162775	0.039282437	79.0
18	376.44662	157.44714	609.98596	191.18053	1000.0	38.125496	16.206259	63.99618	-3.2428794	90000	-0.11999374	135.71135	1.3028423	0.04182438	79.0
19	518.1465	60.093994	631.29095	451.88797	1000.0	47.487263	12.350215	72.78398	-2.6435425	95000	-0.11816837	130.01941	1.2300178	0.033399627	79.0
20	412.68985	259.48575	611.4637	-98.37692	1000.0	39.18701	26.941555	74.28139	-17.889656	100000	-0.12181326	142.44843	1.1548406	0.035704963	79.0
21	583.0612	71.08421	668.0961	496.00452	1000.0	53.89885	10.714808	79.09618	9.89677	105000	-0.12513797	162.83224	1.1001499	0.03557168	79.0
22	587.4609	115.83843	782.40497	443.32736	1000.0	59.460358	11.787184	90.76141	11.457103	110000	-0.11638352	189.47694	1.0454527	0.04489795	79.0
23	593.69806	101.507454	745.7344	471.53046	1000.0	55.272858	17.074162	83.252686	7.3505273	115000	-0.12022331	191.03998	0.9872638	0.02898405	79.0
24	671.3821	63.233177	781.3628	587.7909	1000.0	63.25665	13.642517	90.48831	-1.3493371	120000	-0.12095657	181.43448	0.8923789	0.033478435	79.0
25	683.3241	110.277534	822.0301	544.48175	1000.0	63.58069	22.427732	91.2404	-32.81265	125000	-0.12294221	183.36569	0.81152016	0.039730433	79.0
26	610.5128	148.7948	811.0324	363.02423	1000.0	64.82096	22.132534	92.66771	2.5092745	130000	-0.11931484	170.40341	0.76741785	0.027758038	79.0
27	798.6995	45.711765	872.8914	732.9501	1000.0	71.25265	8.894656	93.81115	16.526989	135000	-0.12204127	140.28522	0.6821158	0.041813366	79.0
28	631.1693	208.15645	897.2166	286.74277	1000.0	67.29672	25.279755	102.116554	-3.1181505	140000	-0.12450266	173.2497	0.58860314	0.04806712	79.0
29	743.19885	276.96408	976.89014	293.01343	1000.0	65.71123	30.83177	96.414894	-22.698536	145000	-0.12412273	248.55898	0.49650532	0.0421024	79.0
30	860.6193	98.97789	997.1767	689.8918	1000.0	83.57102	20.26676	114.73582	3.6159492	150000	-0.119645484	233.93727	0.46311763	0.038333997	79.0
31	951.6452	89.424515	1068.6823	800.504	1000.0	90.795166	11.618864	116.94223	25.874922	155000	-0.120680116	241.7795	0.38566402	0.032531854	79.0
32	1007.4928	69.353836	1113.516	914.95087	1000.0	98.53856	11.209462	128.67259	33.06419	160000	-0.11682134	161.45047	0.2830673	0.041928377	79.0
33	998.56287	123.62735	1103.5259	768.5433	1000.0	99.8925	14.75946	130.3366	27.372108	165000	-0.121886	206.33115	0.21391758	0.044886306	79.0
34	1029.9844	55.67747	1073.6566	923.45374	1000.0	100.496544	19.216324	133.3414	21.230534	170000	-0.12233008	342.66074	0.13397537	0.03893915	79.0
35	1060.2709	125.4917	1234.9055	874.61957	1000.0	106.1447	15.148184	133.21417	11.50998	175000	-0.12301907	202.82886	0.039368745	0.04728107	79.0
36	954.9999	452.7089	1253.8413	69.48994	1000.0	94.81801	34.993927	134.86574	-6.0733533	180000	-0.12116243	229.92537	-0.009474852	0.040254176	79.0
37	1082.1475	120.98901	1244.2888	912.2604	1000.0	112.52195	22.556866	143.0681	9.867613	185000	-0.11645925	305.6844	-0.03712158	0.03541732	79.0
38	1170.7859	140.82639	1309.084	932.25397	1000.0	113.14595	18.204088	147.53659	31.607914	190000	-0.11973025	263.0992	-0.13154228	0.045840193	79.0
39	1152.544	113.48088	1280.5575	980.9652	1000.0	119.23261	18.0822	153.14937	27.713423	195000	-0.11833648	335.0775	-0.2092167	0.048450217	79.0
40	1207.3953	103.691246	1326.0803	1059.0261	1000.0	119.15611	17.266108	153.16206	43.27806	200000	-0.11594217	291.8357	-0.29092035	0.038680263	79.0
41	1258.1677	161.89738	1463.684	974.68585	1000.0	120.23865	24.583246	149.15715	-3.9622376	205000	-0.11414758	385.2208	-0.35994223	0.035586756	79.0
42	1149.5814	591.2895	1557.2448	-4.815912	1000.0	108.6963	53.404068	158.69519	-20.422272	210000	-0.08940167	452.7997	-0.4416903	0.08047173	64.0
43	1429.028	53.389023	1504.3287	1353.7351	1000.0	141.69592	18.024273	174.47383	17.873014	215000	-0.116483204	291.56436	-0.53175515	0.035918403	79.0
44	1437.0809	81.00142	1553.6962	1333.994	1000.0	144.83936	16.091206	182.43947	40.47826	220000	-0.10540447	282.71243	-0.5993043	0.051230334	79.0
45	1514.792	71.72276	1602.7136	1405.9069	1000.0	147.07594	17.096764	181.5125	63.883163	225000	-0.11592192	257.0576	-0.68399036	0.03959449	79.0
46	1507.6244	43.32626	1563.3285	1460.43	1000.0	155.69365	14.860404	186.92015	69.5449	230000	-0.112820774	324.1411	-0.7272862	0.04727995	79.0
47	1671.4127	118.57711	1801.3711	1460.0671	1000.0	158.02672	12.549582	184.95462	79.042175	235000	-0.116900906	284.35876	-0.8645211	0.041609284	79.0
48	1425.851	255.47084	1744.6036	1056.5306	1000.0	158.86462	27.199593	195.05771	77.86021	240000	-0.11637907	634.0389	-0.8531544	0.02971596	79.0
49	1622.9851	247.94588	1821.1287	1217.6626	1000.0	154.95245	30.263397	195.6539	13.183776	245000	-0.104163975	655.6032	-1.0018145	0.02967207	79.0
50	1591.4504	175.41684	1797.7627	1338.7991	1000.0	160.7004	48.98409	221.89664	-63.46775	250000	-0.110245824	722.1492	-1.06499	0.04136289	79.0
51	1629.2516	115.838425	1764.5654	1450.415	1000.0	163.23462	27.3954	210.60399	44.330948	255000	-0.10597281	614.4365	-1.127641	0.04662207	79.0
52	1252.8842	526.9941	1934.0541	427.0002	1000.0	124.9039	79.22866	209.29538	-37.477604	260000	-0.11208291	862.293	-1.2146	0.014189984	79.0
53	1761.0193	123.09092	1988.364	1664.3198	1000.0	167.62183	20.784578	207.01134	21.879766	265000	-0.1076428	547.7364	-1.3277484	0.04667559	79.0
54	1813.559	175.51366	2042.1709	1554.6748	1000.0	177.01805	20.630415	212.07089	67.7699	270000	-0.10582397	549.3545	-1.4057024	0.04579868	79.0
55	1614.6198	290.1847	2030.174	1202.6931	1000.0	176.7381	34.10847	228.78227	45.53955	275000	-0.103907175	941.4665	-1.4571395	0.028856568	79.0
56	768.17334	815.3859	1860.8546	-132.01724	1000.0	76.827034	94.50281	214.24509	-48.87193	280000	-0.109955154	1039.3022	-1.4791582	0.04612448	79.0
57	1825.1156	282.34402	2061.2834	1277.6053	1000.0	161.36487	67.775566	217.36037	-100.41365	285000	-0.09894591	465.9137	-1.6541023	0.03780976	79.0
58	1807.9382	209.21266	2114.849	1542.392	1000.0	182.95828	47.418083	222.79448	-2.074334	290000	-0.10166941	889.1262	-1.7055297	0.034565136	79.0
59	1679.986	836.66296	2155.0237	9.058991	1000.0	159.73233	80.39338	230.53197	-22.276495	295000	-0.06414712	479.9007	-1.7372668	0.07843847	20.0
60	1748.612	425.0234	2066.9004	917.5957	1000.0	180.46938	74.347015	244.71083	-35.372543	300000	-0.089786544	798.6993	-1.8101394	0.038497955	79.0
61	2071.4927	187.50552	2262.9817	1712.5765	1000.0	196.62144	18.250154	227.73985	54.353004	305000	-0.06221159	654.4371	-1.9023633	0.095612735	50.0
62	1683.7981	800.04083	2263.844	115.1985	1000.0	165.6321	97.40578	249.0548	-78.749596	310000	0.033587757	837.3222	-1.8695211	0.085634105	1.0
63	912.8602	969.0841	2087.3777	-97.47252	1000.0	93.19713	115.027435	252.34846	-40.64392	315000	0.029127557	1058.8499	-1.7884289	0.09960554	1.0
64	1921.9203	242.5776	2131.0012	1464.0005	1000.0	181.99586	37.265522	234.09851	-27.599333	320000	-0.11209414	993.2019	-1.9135016	0.03214523	79.0
65	1925.5309	584.00867	2246.6707	758.3749	1000.0	179.10207	71.62722	241.64279	-40.73021	325000	-0.097408004	759.3713	-2.0060241	0.051192697	79.0
66	1281.6987	989.6435	2422.6045	-139.77707	1000.0	108.79265	127.98336	248.68214	-98.976425	330000	-0.10023607	1162.585	-2.0046344	0.03434626	79.0
67	1342.9135	877.76074	2286.3179	279.67908	1000.0	136.04758	107.55521	269.21313	-48.20988	335000	-0.096785985	1084.3427	-2.0272813	0.020800695	79.0
68	1727.8816	776.13196	2205.5322	181.30644	1000.0	163.10478	87.71972	246.85646	-38.046154	340000	-0.09956229	905.009	-2.2003865	0.05738495	79.0
69	2194.871	108.183334	2340.6367	2050.3674	1000.0	216.93077	15.203558	250.19064	48.51505	345000	-0.008927767	390.36682	-2.2493653	0.07596371	7.0
70	2031.9465	447.9353	2354.3125	1153.2234	1000.0	203.27856	68.67119	260.00208	-25.366322	350000	0.054665003	774.8487	-2.3127906	0.10744083	1.0
71	2248.3235	130.82489	2427.1943	2085.442	1000.0	225.7217	16.638653	255.53583	78.3546	355000	0.016273106	357.9762	-2.3243847	0.09825394	4.0
72	2039.1917	602.2383	2450.3528	840.6029	1000.0	201.8778	78.50551	255.36194	-31.77914	360000	0.032380525	563.5618	-2.335104	0.079468906	1.0
73	2349.6716	170.19151	2662.7644	2184.582	1000.0	231.87723	30.44203	261.84683	-4.3750534	365000	0.00977576	500.6955	-2.394279	0.08548244	3.0
74	2407.3237	63.61043	2488.6887	2303.0083	1000.0	237.27177	35.15036	275.90433	-30.448547	370000	-0.08512378	507.9253	-2.4893641	0.049917698	79.0
75	2435.9412	183.70103	2629.0745	2119.4553	1000.0	242.3936	21.679214	277.49026	43.778824	375000	-0.09049716	610.0608	-2.5684316	0.037128557	79.0
76	2014.3424	456.3641	2324.0444	1114.7249	1000.0	219.5364	72.83056	280.5586	-8.6407585	380000	-0.100095846	1638.5166	-2.6006136	0.023998491	79.0
77	2549.0051	191.86969	2746.0952	2213.2578	1000.0	222.8728	49.959347	267.8851	-38.6944	385000	-0.09101428	758.4599	-2.7408683	0.049234282	79.0
78	2089.7944	734.4592	2746.9355	1082.6438	1000.0	211.50603	108.14723	295.29517	-27.071161	390000	-0.07791241	1262.6996	-2.724075	0.024529967	79.0
79	2312.5168	876.8614	2873.8862	572.2266	1000.0	220.7885	95.90159	300.18805	-29.126959	395000	-0.06692026	1008.7948	-2.809888	0.07781589	28.0
80	2576.9282	61.272938	2652.0605	2472.9219	1000.0	266.10638	30.505955	317.70352	-0.9698356	400000	-0.09187035	363.6039	-2.8688116	0.049624097	79.0
81	2508.875	360.3261	2799.5513	1804.4467	1000.0	250.03955	64.441284	292.58286	-4.285908	405000	-0.052775342	894.9295	-2.895073	0.0753083	27.0
82	2044.1022	969.12177	2735.881	121.33457	1000.0	206.5062	112.97427	293.3326	-26.260885	410000	-0.08237226	1462.597	-2.8890178	0.029789807	79.0
83	2763.2932	101.989586	2887.1807	2596.716	1000.0	261.9765	18.45539	302.80255	14.433518	415000	-0.09602317	336.6737	-3.0801544	0.04165625	79.0
84	2302.9133	1076.5021	2990.4604	168.35738	1000.0	229.6235	112.41528	311.3067	-23.005919	420000	-0.075535335	1629.4194	-3.0792048	0.06004546	79.0
85	2634.141	168.84319	2825.9434	2425.1948	1000.0	270.52228	49.04806	329.77753	-17.11575	425000	-0.088540785	802.7435	-3.157221	0.02483857	79.0
86	2835.7458	104.41095	2933.2278	2647.0967	1000.0	271.03192	38.856693	301.47546	-8.577279	430000	-0.07673002	795.60345	-3.2453988	0.05592571	79.0
87	2810.8508	75.105995	2912.3064	2688.719	1000.0	287.05905	11.051997	315.88144	199.8237	435000	0.03096188	332.89755	-3.2457116	0.08217184	2.0
88	2885.454	145.07434	3024.764	2661.7336	1000.0	284.87982	33.70105	321.81204	13.940509	440000	0.04065051	1448.2179	-3.3158267	0.086914115	1.0
89	2857.9832	50.88549	2941.256	2808.6147	1000.0	290.50864	22.975477	327.9335	54.827282	445000	0.057894506	528.0133	-3.244518	0.16169067	1.0
90	2913.686	79.93126	3037.7817	2792.122	1000.0	290.1454	12.505304	317.5826	153.30162	450000	0.039954554	488.5393	-3.32949	0.10156821	1.0
91	2943.2612	65.0033	3043.0667	2849.939	1000.0	297.6659	12.493457	327.83475	230.09566	455000	0.053195093	300.11163	-3.327391	0.09187325	1.0
92	2989.4316	85.38504	3088.786	2837.6855	1000.0	300.3469	19.410414	335.29968	48.88449	460000	0.071498245	376.70932	-3.4294643	0.18119997	1.0
93	2666.9888	576.7244	3076.8755	1549.7391	1000.0	268.61124	102.50461	342.0633	-16.68394	465000	-0.0036978428	1693.2694	-3.3510609	0.08029447	4.0
94	2812.77	542.6727	3226.88	1744.2803	1000.0	269.3444	83.379105	337.6951	-41.32796	470000	-0.077446036	1946.8668	-3.4564602	0.031019274	79.0
95	3130.014	144.11725	3313.5125	2893.945	1000.0	300.5363	15.156488	333.6754	137.71478	475000	0.018058354	518.66895	-3.4792988	0.10354322	4.0
96	3119.102	90.92248	3249.0195	3022.5237	1000.0	315.9271	26.94592	346.8031	-2.2012663	480000	0.028505852	1265.2426	-3.511061	0.08565821	1.0
97	2000.3011	803.7714	3067.545	894.13184	1000.0	210.27745	148.20433	346.04547	-31.64745	485000	-0.08003061	2320.0493	-3.3213031	-0.015168108	79.0
98	3112.8608	177.17278	3335.1318	2791.313	1000.0	283.28784	19.823832	320.35074	71.01207	490000	-0.05766952	701.9303	-3.5421278	0.07928366	27.0
99	3070.4321	122.58731	3180.5566	2879.7205	1000.0	313.0477	38.30256	351.2188	23.514828	495000	0.034852814	1059.2216	-3.6019087	0.12868722	1.0
100	2693.933	1066.0447	3317.6904	565.26917	1000.0	271.3405	115.37175	352.09784	-16.422707	500000	-0.071609885	1038.0184	-3.603566	0.037697174	79.0
101	3023.6562	177.6075	3161.4182	2680.2112	1000.0	314.04663	37.9396	357.85837	19.887768	505000	-0.06471939	958.224	-3.6961813	0.07506489	67.0
102	2541.8752	1228.9904	3310.1394	93.456795	1000.0	257.42975	128.35208	348.4246	-35.03477	510000	-0.06966138	892.3031	-3.706644	0.063546665	79.0
103	2718.6938	559.62146	3122.3853	1611.0447	1000.0	279.6947	104.32049	351.00513	-35.11591	515000	-0.07298887	1270.1943	-3.786025	0.02002754	79.0
104	3252.6187	149.99295	3453.354	2995.807	1000.0	304.96143	20.046215	330.44406	75.076996	520000	-0.06997774	568.90924	-3.9598773	0.077495836	70.0
105	3147.866	171.71526	3370.513	2860.7212	1000.0	325.0181	36.367134	357.33783	60.547848	525000	-0.018983778	1099.9152	-3.9334376	0.08170521	9.0
106	3144.458	494.42703	3433.2974	2157.2217	1000.0	308.94846	78.4811	359.95834	-23.614616	530000	-0.075557455	1248.1515	-3.9560962	0.042422783	79.0
107	2603.2925	964.4919	3470.9524	1172.0511	1000.0	261.28696	142.93605	363.20496	-33.75871	535000	-0.0675328	1974.4852	-3.8959563	0.01695068	79.0
108	2173.0747	1507.1471	3550.883	308.31888	1000.0	206.62555	166.70361	372.52695	-40.146717	540000	-0.065882884	2031.3016	-3.8789554	0.033513155	79.0
109	3389.9492	203.13048	3570.0354	2998.1191	1000.0	322.34286	63.831776	377.14957	-30.290266	545000	-0.028404083	1094.5548	-4.1284666	0.07510497	14.0
110	3531.4543	54.7363	3568.5852	3423.5967	1000.0	350.54044	19.937374	380.32623	27.972008	550000	0.027759204	1202.6993	-4.134231	0.08151493	1.0
111	2450.3284	1104.8016	3692.552	816.0238	1000.0	251.9559	162.82773	388.22906	-33.86083	555000	0.03849036	2357.9683	-3.9999352	0.14411075	1.0
112	3451.0737	177.87723	3596.2434	3113.0903	1000.0	331.47717	45.06962	369.40927	-28.321362	560000	-0.019513689	1309.4132	-4.1750436	0.08083825	8.0
113	3357.2664	327.89438	3599.3203	2708.8635	1000.0	332.3394	79.45805	380.62366	-46.96276	565000	-0.0591286	1559.7948	-4.238957	0.047752697	79.0
114	3244.9832	646.8912	3733.588	1971.9668	1000.0	320.85382	106.89992	387.19406	-29.183878	570000	-0.053813428	1387.9913	-4.267725	0.07981243	75.0
115	2420.231	1540.181	3671.0503	-99.143074	1000.0	242.79147	171.62408	386.43954	-31.241	575000	-0.013818569	1755.3029	-4.135411	0.07658245	6.0
116	2406.2156	1394.0051	3655.495	659.20056	1000.0	239.97142	174.06856	392.92477	-36.78278	580000	0.010638586	2027.0444	-4.1344557	0.07541393	1.0
117	3338.0762	455.05182	3713.9373	2464.1052	1000.0	324.03714	92.26746	391.80157	-25.582811	585000	0.026299853	1619.3624	-4.3049016	0.108379446	1.0
118	3038.977	1112.5692	3874.3923	848.6809	1000.0	303.7918	131.1669	390.48737	-40.252106	590000	0.023707626	1891.704	-4.268633	0.110691406	2.0
119	3628.2363	109.88168	3744.4043	3482.1228	1000.0	360.1451	38.07486	411.66324	31.335566	595000	-0.015231577	578.9424	-4.361256	0.07921501	7.0
120	3650.8726	220.25696	3835.94	3231.9377	1000.0	369.07507	67.6212	417.8868	-23.531887	600000	0.02946532	1325.9176	-4.361363	0.12322598	1.0
121	2907.6582	951.753	3737.571	1653.7878	1000.0	298.18314	158.59158	410.71295	-43.131145	605000	-0.003261244	2068.4924	-4.2293897	0.08781141	6.0
122	2314.741	1252.2705	3794.553	327.02222	1000.0	221.91537	179.35495	397.72482	-42.83376	610000	-0.019749021	2967.462	-4.1271305	0.08519226	8.0
123	3748.3784	162.78186	3932.3274	3463.7593	1000.0	345.28546	23.119522	403.14633	27.557196	615000	-0.020069275	617.7895	-4.3769345	0.09069197	13.0
124	2286.274	1742.1287	3819.069	153.39087	1000.0	237.68912	187.66333	410.88797	-37.478836	620000	-0.0660461	2198.2173	-4.1738906	0.002213043	79.0
125	2946.5483	1300.7977	3798.758	354.57217	1000.0	295.51727	147.03268	408.02094	-37.83437	625000	-0.012880627	1583.0961	-4.266067	0.08241379	7.0
126	2312.0322	1524.827	3900.3513	81.5641	1000.0	230.11505	185.86	401.1723	-62.336945	630000	-0.07562618	2716.338	-4.2327952	-0.00035233118	79.0
127	3702.3667	175.52928	3871.8494	3366.163	1000.0	352.56894	43.864647	404.70557	-9.854002	635000	0.0010988035	1085.6777	-4.4674516	0.08981686	4.0
128	2317.8196	873.7964	3354.5215	1053.4633	1000.0	263.63995	166.03433	411.4406	-14.389894	640000	0.013404559	3282.2163	-4.218045	0.07990032	2.0
129	1684.2836	1636.3201	3719.3008	186.11209	1000.0	152.63388	171.99202	371.91083	-38.966106	645000	0.03062265	3006.0557	-4.0873885	0.16242477	1.0
130	3060.3618	1352.0092	3822.9897	362.4214	1000.0	285.641	137.83337	398.57053	-30.39207	650000	0.03501081	1494.3604	-4.2989054	0.08870353	1.0
131	3838.4036	118.2906	3984.7063	3649.9226	1000.0	373.4243	38.42845	414.30307	-20.677557	655000	0.042626448	1513.403	-4.4294806	0.12740843	1.0
132	2988.8623	1443.6567	3868.9724	109.30853	1000.0	310.9356	157.30162	427.28482	-32.396202	660000	-0.005436312	1685.3534	-4.3231826	0.083855174	6.0
133	3500.4614	763.8559	4119.9214	1993.5806	1000.0	336.08887	122.1206	416.76572	-43.58776	665000	-0.010650733	2525.2097	-4.370329	0.07989535	6.0
134	2403.3896	1293.0948	3926.491	978.0848	1000.0	232.39355	194.00893	409.99124	-38.214027	670000	0.008850774	4430.0674	-4.2648287	0.09658944	2.0
135	3493.1985	596.4573	4001.9688	2328.5066	1000.0	329.49054	102.58814	409.5157	-30.27059	675000	0.01356913	1769.4836	-4.412862	0.093262784	3.0
136	3914.5962	48.08204	3964.1348	3850.4626	1000.0	380.3265	18.073559	412.00848	155.38647	680000	0.023069058	270.24765	-4.482435	0.08921952	3.0
137	3066.965	1213.526	3873.168	664.4443	1000.0	325.5241	153.56956	427.6133	-23.045446	685000	0.027272241	2219.9485	-4.366539	0.10943275	1.0
138	2577.526	1636.6165	4008.8662	159.18417	1000.0	252.62642	182.45125	407.6501	-30.726093	690000	0.0021901212	2886.9785	-4.3118677	0.07611712	4.0
139	2848.6206	949.98846	3920.0103	1538.9619	1000.0	292.97305	159.94522	421.86258	-42.692047	695000	-0.00075787486	3262.6897	-4.3412423	0.09511236	5.0
140	3628.0696	27.644415	3676.067	3601.7175	1000.0	356.07205	20.421682	394.02585	214.31248	700000	0.05841759	442.84714	-4.441956	0.11817073	2.0
141	3508.0261	203.21643	3768.0225	3258.3542	1000.0	365.8966	39.045265	411.97876	13.381573	705000	0.054668367	829.8691	-4.414489	0.17832798	1.0
142	2957.7385	1249.9332	3821.2517	491.9584	1000.0	286.2535	151.40536	394.52228	-24.647266	710000	0.026222775	3932.8503	-4.3449836	0.11062523	1.0
143	2212.4531	1502.2438	3892.0547	-85.76152	1000.0	208.09296	193.18922	403.29385	-53.774048	715000	0.003951056	2807.8003	-4.224078	0.08336561	3.0
144	3978.02	156.38232	4191.0283	3733.1472	1000.0	364.52234	39.846573	415.44196	-14.562488	720000	-0.06938567	860.8116	-4.536533	0.049154855	79.0
145	3433.7603	773.3569	4081.6082	1941.9052	1000.0	355.6083	131.81523	443.87738	-18.427969	725000	-0.025659326	3101.1213	-4.4451323	0.08440883	12.0
146	3221.474	890.33765	4163.8726	1617.7141	1000.0	327.81284	135.09569	428.86356	-38.107624	730000	-0.06961177	2863.3535	-4.4490867	0.047252763	79.0
147	3307.966	1315.1246	4198.7236	743.64246	1000.0	315.80045	147.83607	413.42783	-39.626354	735000	0.003915974	2246.132	-4.476198	0.11160284	6.0
148	3260.4272	1604.9158	4108.431	53.04732	1000.0	324.1893	165.52539	450.68903	-39.58792	740000	-0.020428067	1409.7675	-4.4831343	0.07702088	9.0
149	3940.782	153.69406	4122.0664	3712.4985	1000.0	406.2249	25.421713	449.8082	186.57144	745000	0.015654553	683.47424	-4.5666366	0.07610636	1.0
150	3268.5386	599.46014	3881.503	2144.042	1000.0	341.26636	145.564	435.6083	-34.751545	750000	0.03742136	4793.454	-4.526148	0.1426686	1.0
151	3507.5337	746.7831	3964.4453	2022.9216	1000.0	323.52765	110.70638	395.59915	-35.12557	755000	-0.010039575	1632.5376	-4.5695906	0.07952461	7.0
152	3813.9636	153.48457	3946.0908	3538.714	1000.0	382.8124	29.203257	433.46255	-6.224133	760000	0.005672914	775.516	-4.627743	0.07626742	4.0
153	3840.3535	346.27667	4196.3228	3210.6863	1000.0	380.192	79.6711	423.521	-25.256374	765000	0.022568412	1714.3464	-4.634648	0.08245064	1.0
154	3049.257	1146.5105	4086.2363	1290.3757	1000.0	306.99176	173.07587	430.28583	-34.089718	770000	-0.049754754	2829.7048	-4.5431695	0.01591016	79.0
155	3382.0503	972.92035	4120.9277	1457.8821	1000.0	335.09396	133.7232	429.75595	-31.028368	775000	-0.03285458	2035.8992	-4.594425	0.07937118	17.0
156	2524.5002	1431.0425	4189.785	367.0561	1000.0	252.2015	193.97406	425.42255	-61.965218	780000	-0.070501566	4257.233	-4.505275	-0.018590797	79.0
157	3633.897	618.93384	4112.2593	2418.3835	1000.0	349.4015	64.173416	403.29535	-13.8089285	785000	-0.07717032	2422.0994	-4.6548004	0.033314746	79.0
158	2950.605	975.0651	3834.968	1169.062	1000.0	296.7885	166.165	432.54517	-53.60061	790000	-0.06578418	3396.7537	-4.6039286	0.021001803	79.0
159	3345.0132	874.1554	4089.0505	1649.7382	1000.0	319.59357	128.72217	410.98276	-32.56592	795000	0.005238826	3402.796	-4.6270914	0.095917694	4.0
160	3281.7058	1633.7036	4227.1177	23.062239	1000.0	305.47894	155.9154	418.19275	-28.3569	800000	-0.03487776	954.8608	-4.677777	0.07630044	12.0
161	2954.8618	1493.8142	4166.9575	591.806	1000.0	297.02585	192.57071	452.6127	-59.65171	805000	-0.06092749	2936.0076	-4.65788	0.01971554	79.0
162	3257.338	1272.9235	4100.452	724.3561	1000.0	323.9649	163.66985	441.3916	-54.373592	810000	-0.063717276	3190.6836	-4.7234383	0.012880969	79.0
163	3232.1216	1208.6313	4471.1836	1301.1205	1000.0	309.28885	166.86601	422.71262	-29.838943	815000	-0.01351436	2568.628	-4.745684	0.076448485	4.0
164	3949.6218	273.7656	4428.325	3655.7952	1000.0	391.9522	65.78033	437.89655	-42.853294	820000	-0.06989523	1837.0704	-4.875793	0.040466435	79.0
165	2883.4683	1490.1085	4389.795	379.5093	1000.0	298.0544	182.59981	448.75717	-23.162394	825000	-0.017093671	3797.1272	-4.71572	0.07596435	8.0
166	2400.5103	1395.1239	4099.478	419.68445	1000.0	245.38237	197.73315	448.4869	-29.670887	830000	-0.062910356	4355.4243	-4.645168	-0.027599191	79.0
167	3245.1787	1646.8027	4327.8677	-33.844383	1000.0	292.07166	153.67372	423.00052	-28.721983	835000	0.012823563	1701.0892	-4.784149	0.07593416	2.0
168	3887.366	213.95999	4136.0337	3507.573	1000.0	401.3086	38.29948	449.17426	78.22155	840000	0.027258344	1180.6165	-4.8696055	0.0869607	1.0
169	3373.9312	1087.4419	4185.0435	1222.0531	1000.0	342.81866	150.175	452.3249	-30.257805	845000	0.052058253	2628.473	-4.79623	0.14380197	1.0
170	3829.009	301.73242	4107.221	3250.2847	1000.0	378.76743	85.00803	433.0503	-15.912802	850000	0.03791413	1759.0878	-4.895486	0.1298607	2.0
171	2828.0034	1294.5574	3949.781	1227.0125	1000.0	287.55096	183.73155	436.1141	-24.267292	855000	0.023463393	3419.3296	-4.7605634	0.09179126	1.0
172	4172.3975	93.42643	4277.7944	4039.0	1000.0	388.0859	33.185215	429.0539	41.241665	860000	0.0060204975	1983.2048	-4.9358506	0.08924552	6.0
173	2732.1926	1084.2062	4152.2505	1230.6615	1000.0	289.8896	191.20064	459.31223	-25.790909	865000	0.03375429	4073.4907	-4.801757	0.10345714	1.0
174	4122.6943	171.85016	4324.87	3809.6816	1000.0	368.8008	31.13368	411.84647	5.2014813	870000	0.06927991	1084.2913	-4.8938403	0.17799656	1.0
175	2115.746	1507.1898	3845.6611	10.966146	1000.0	234.647	207.9336	454.24084	-23.270906	875000	0.043504205	3662.154	-4.7339773	0.14325535	1.0
176	2873.789	1205.3054	3927.8508	1239.6812	1000.0	264.16055	172.84076	404.0747	-27.55171	880000	0.02291347	3676.9932	-4.8426332	0.076167226	1.0
177	3309.3367	1056.5132	4367.3096	1517.0764	1000.0	308.5385	150.51262	415.59045	-30.180883	885000	0.024484638	3354.921	-4.9396315	0.09743907	1.0
178	3492.8835	736.02655	4134.718	2051.9075	1000.0	345.75525	124.39436	428.5864	-27.20099	890000	-0.031157013	2640.9053	-4.9378242	0.07602133	11.0
179	2731.3784	1249.6943	4000.203	639.61176	1000.0	283.7336	176.08147	432.05768	-30.0674	895000	0.001928818	3175.2952	-4.80884	0.07733789	2.0
180	3865.2222	244.04208	4238.478	3603.4316	1000.0	362.79556	63.415268	415.6382	-27.364756	900000	0.026139319	3037.664	-5.0205164	0.07741752	1.0
181	2796.8254	1524.0688	4252.006	580.8209	1000.0	277.83304	188.6683	440.1522	-33.3572	905000	0.024390977	3201.6675	-4.8463387	0.09200656	1.0
182	3557.099	897.5599	4348.133	1815.7905	1000.0	346.0084	130.48454	436.15442	-30.70673	910000	0.04003802	2484.1108	-4.9432406	0.10047626	1.0
183	3360.7844	595.2504	3914.0925	2249.4219	1000.0	357.45392	121.993256	440.1385	-32.40561	915000	0.051554073	2255.7173	-4.8758416	0.11770186	1.0
184	2588.4153	1563.3357	4094.785	164.11852	1000.0	252.3474	186.63208	419.60947	-40.401497	920000	0.026715029	2769.8733	-4.8080506	0.07573734	1.0
185	3605.2864	205.36382	3787.3335	3207.239	1000.0	370.4487	35.844116	425.26324	71.07192	925000	0.06706753	2378.267	-4.9275265	0.22929777	1.0
186	2443.104	1485.2314	3744.0388	473.23376	1000.0	244.1069	181.49622	420.93878	-34.788345	930000	0.05822661	3553.05	-4.8072476	0.21026394	1.0
187	3491.0571	833.659	4060.7676	1837.3091	1000.0	325.65976	118.7278	417.7054	-39.49089	935000	0.050798275	1857.1976	-4.947017	0.09524349	1.0
188	3879.9995	338.05948	4223.7114	3302.731	1000.0	381.359	63.084896	437.61642	-42.547134	940000	0.0998579	3943.2651	-5.0949264	0.37665492	1.0
189	3158.6614	1334.6129	4086.2822	541.8786	1000.0	322.58926	152.24078	443.7215	-28.922823	945000	0.008453865	2767.7024	-4.985528	0.10160077	4.0
190	2721.8267	1401.7256	4046.119	278.41284	1000.0	258.15314	195.99054	453.32663	-63.008217	950000	-0.06830287	3841.6753	-4.9773273	0.009455092	79.0
191	3238.1724	1367.5316	4509.6274	627.44403	1000.0	309.02466	153.81384	432.16806	-52.786175	955000	-0.007532505	3159.7188	-5.046941	0.08155919	7.0
192	2679.3823	1885.6658	4569.99	143.38849	1000.0	257.2963	199.68819	453.0486	-41.621872	960000	0.044635106	3406.884	-4.951789	0.1822715	1.0
193	2396.2903	1340.4681	4024.5396	541.2847	1000.0	236.1262	210.03577	466.7876	-49.93857	965000	0.0219479	5399.8374	-4.8948574	0.09503185	1.0
194	3549.536	476.6196	4089.1157	2762.3079	1000.0	327.54626	104.248184	430.61832	-75.77809	970000	0.040312786	4069.6265	-5.036656	0.1550633	2.0
195	2353.9768	1205.709	3568.768	634.454	1000.0	229.473	178.19023	425.3745	-11.6972685	975000	0.030036023	4215.8286	-4.885214	0.08874105	1.0
196	3622.4739	495.55838	4157.643	2732.6328	1000.0	309.09186	123.270996	407.6265	-18.487617	980000	0.04572807	4027.7456	-5.0738697	0.14059663	2.0
197	3343.7485	1478.7264	4234.6	397.65057	1000.0	323.2247	158.2856	438.2412	-27.425673	985000	0.034719814	2345.0508	-5.046654	0.15505037	1.0
198	3564.429	1138.6223	4400.7734	1361.0515	1000.0	349.87164	153.66516	453.9303	-40.124546	990000	-0.00030637684	3264.719	-5.0831566	0.0817669	4.0
199	2432.567	1823.0431	4112.2544	-10.728979	1000.0	259.5554	200.36876	455.95404	-34.88613	995000	0.029320916	3094.484	-4.8877306	0.11514038	1.0
200	2998.4377	1428.2294	4264.078	477.83868	1000.0	288.5037	187.60136	457.63913	-47.71319	1000000	0.016902447	3461.7952	-5.0419273	0.09319204	3.0
201	2306.666	1396.8585	3912.729	280.3369	1000.0	240.13533	199.70006	454.6998	-25.952374	1005000	-0.071848534	4245.643	-4.9081297	-0.026659906	79.0
202	3210.9243	1168.0917	4521.8223	1569.22	1000.0	275.44745	154.89452	401.34796	-34.616978	1010000	-0.0070813554	3673.7852	-5.080175	0.08198972	4.0
203	3063.1045	1414.7448	4376.2334	858.0813	1000.0	299.59708	180.75761	469.43213	-36.51181	1015000	0.018913534	3715.4275	-5.0761986	0.11123026	4.0
204	2788.3215	1630.1761	4491.484	257.6653	1000.0	270.21338	197.45903	444.9735	-34.11836	1020000	-0.061927147	3565.2356	-5.053169	0.027661167	79.0
205	3564.7454	495.21158	4305.3145	2983.1055	1000.0	354.79883	128.78886	446.73914	-29.877035	1025000	-0.021516835	4676.7144	-5.133719	0.07644369	9.0
206	2090.032	1752.0582	4518.986	190.28296	1000.0	199.85858	205.788	444.6258	-34.779713	1030000	-0.057506848	3800.6392	-4.9575953	0.030240076	79.0
207	2046.3112	1807.5222	4266.304	152.13268	1000.0	185.24765	206.9043	434.76343	-44.297844	1035000	-0.06265142	3725.619	-5.0235524	0.025614014	79.0
208	3462.8774	869.70013	4097.5073	1788.4132	1000.0	331.57028	147.64586	447.93124	-23.709896	1040000	-0.0129293995	3991.916	-5.1894746	0.07553075	6.0
209	3940.7993	373.0736	4248.316	3239.4893	1000.0	376.9744	103.50977	445.60886	-31.355307	1045000	0.014069087	3031.3474	-5.255329	0.081721626	2.0
210	2691.6724	1975.509	4552.2134	149.19499	1000.0	264.3649	209.94122	461.76462	-37.990433	1050000	-0.00952788	3599.1553	-5.1221027	0.08254678	5.0
211	3855.1003	560.3225	4290.293	2803.6484	1000.0	380.4799	124.28281	476.6129	-40.045425	1055000	-5.295563e-06	3150.3616	-5.232403	0.0960179	7.0
212	2320.9055	1325.815	3766.4495	599.6724	1000.0	234.8463	214.78253	462.65665	-34.128986	1060000	-0.06388276	5667.8223	-5.102579	-0.04098288	79.0
213	3536.2156	964.1059	4521.1265	2031.1953	1000.0	307.38565	160.61476	448.5692	-43.001087	1065000	-0.008207834	4636.6714	-5.2578697	0.08250364	6.0
214	3557.401	698.6839	4345.5537	2519.5986	1000.0	341.3645	163.16571	486.54752	-38.091053	1070000	0.021399738	5746.3506	-5.2375045	0.09144385	1.0
215	2582.253	1585.7073	4428.333	465.1439	1000.0	241.21913	199.3587	449.68655	-61.83651	1075000	-0.009557198	4404.347	-5.1371074	0.075799786	6.0
216	1699.0967	1421.7383	4044.1611	-124.29135	1000.0	158.0102	203.58307	445.79123	-48.88137	1080000	-0.013073974	4039.1423	-5.0005736	0.07613921	6.0
217	2782.6655	1563.2275	4198.883	-32.22805	1000.0	252.73535	179.52318	434.9283	-31.485197	1085000	-0.016430598	2880.08	-5.149951	0.09813297	8.0
218	3349.0164	1595.5305	4527.4307	183.48123	1000.0	316.08224	168.0392	447.23758	-30.542902	1090000	0.03134912	3345.808	-5.247052	0.098756865	2.0
219	3431.8418	1080.1785	4366.298	1365.3792	1000.0	346.42776	149.7909	458.11157	-26.08442	1095000	0.0009746735	2663.0647	-5.224772	0.07554596	4.0
220	2773.9897	1520.7041	4235.561	679.9503	1000.0	278.46216	194.84253	460.77438	-26.571651	1100000	-0.021055741	3518.1785	-5.1489367	0.08097845	9.0
221	2757.3652	1638.7777	4458.3623	57.598236	1000.0	271.853	187.91959	446.01285	-28.885437	1105000	-0.012075296	3333.4216	-5.1435313	0.077324644	5.0
222	2962.0503	1455.701	4382.3877	1119.2494	1000.0	284.37247	189.8431	442.36276	-49.377556	1110000	0.022488844	2738.507	-5.174061	0.08373387	1.0
223	4294.6694	139.71101	4483.083	4080.036	1000.0	406.3422	34.80302	453.93954	-37.815907	1115000	0.044382393	1601.368	-5.3674974	0.1836037	1.0
224	2759.9683	1856.2965	4307.0747	49.105938	1000.0	284.526	211.19662	473.5238	-26.345234	1120000	0.041870635	2805.1475	-5.1430435	0.14743552	1.0
225	3370.3901	1567.3776	4303.855	247.47485	1000.0	340.44495	164.2763	471.25223	-29.85309	1125000	0.022212282	2079.7888	-5.234566	0.10403169	1.0
226	3973.9636	261.3814	4360.435	3552.1345	1000.0	415.5537	37.36872	481.39117	110.36373	1130000	0.007960892	707.7401	-5.329334	0.08365968	4.0
227	3265.9045	1396.5082	4233.702	589.8329	1000.0	325.6111	180.25081	459.34756	-35.59167	1135000	0.031018184	3042.1611	-5.2389565	0.123087354	1.0
228	4078.325	459.63422	4465.512	3185.6174	1000.0	394.45355	102.31061	464.4247	-29.983282	1140000	-0.009136937	2776.9885	-5.3910127	0.07727602	6.0
229	4191.198	251.5623	4418.7363	3705.9553	1000.0	419.4917	70.395905	481.61932	-19.261602	1145000	0.010265341	1978.0865	-5.388392	0.087818064	5.0
230	3595.2554	1397.0414	4526.261	821.1679	1000.0	361.56738	160.048	494.20755	-20.20753	1150000	0.0228325	2048.56	-5.305625	0.07535835	1.0
231	3680.518	942.2548	4284.1035	1802.5608	1000.0	378.22165	137.11884	470.94843	-21.164902	1155000	-0.004748921	1975.892	-5.3198133	0.078464955	7.0
232	3061.2668	1436.3822	4258.0024	897.39215	1000.0	304.7413	187.34517	453.89377	-20.870375	1160000	-0.018018305	3637.1804	-5.245804	0.0780145	7.0
233	3000.6194	1170.8558	4513.081	1606.8073	1000.0	282.25397	200.57304	458.1804	-47.02657	1165000	-0.0018491547	4493.512	-5.258038	0.08332462	5.0
234	3550.517	1550.7251	4442.058	454.40738	1000.0	340.0554	161.9726	475.6566	-35.206127	1170000	0.025040554	2069.704	-5.38309	0.0893745	1.0
235	2650.6836	1335.1997	4314.594	1020.2542	1000.0	276.30475	206.51236	469.24957	-50.712376	1175000	-0.0012192186	4497.9785	-5.205944	0.08918595	3.0
236	3489.3608	1026.5697	4416.924	1494.9094	1000.0	326.1267	143.63278	436.80173	-24.182281	1180000	0.029216016	4358.0654	-5.3854175	0.15405238	1.0
237	3689.6106	269.36304	4154.7334	3350.9448	1000.0	373.44736	96.17502	448.7526	-45.20919	1185000	-0.009832597	3675.934	-5.3796453	0.08902264	9.0
238	2259.729	1754.6194	4338.7407	140.20493	1000.0	215.85115	207.17673	434.28506	-38.94817	1190000	0.031094333	3892.626	-5.158422	0.11484648	1.0
239	2234.0156	1724.4141	4262.2246	198.16307	1000.0	212.5749	204.75923	466.81345	-46.69297	1195000	0.010466643	3430.0056	-5.1409845	0.07816286	2.0
240	3580.7468	1177.4404	4292.4766	1233.123	1000.0	340.4712	141.58076	444.04333	-28.619253	1200000	0.034093577	1750.294	-5.4070253	0.15948793	2.0
241	3656.6348	418.11166	4252.2466	2997.0305	1000.0	375.81384	113.35279	453.93607	-57.798653	1205000	-0.028238293	4170.0825	-5.3890095	0.08580351	13.0
242	4188.6577	214.17818	4480.2583	3851.0315	1000.0	396.7982	36.735336	438.9135	-3.6541474	1210000	0.028164422	1143.5135	-5.5121336	0.1391436	3.0
243	3552.2124	894.9118	4220.35	1841.7025	1000.0	375.55054	135.2017	471.30728	-13.142273	1215000	0.040825438	2558.0945	-5.3889637	0.12497527	1.0
244	3372.4473	1352.3645	4207.66	683.389	1000.0	344.03333	147.68501	451.43054	-20.371763	1220000	0.044016264	2182.1292	-5.3895226	0.21542124	1.0
245	2911.7788	1504.82	4089.0051	-8.435273	1000.0	294.78656	183.26094	455.7191	-37.83183	1225000	-0.014230536	3237.0986	-5.265182	0.0827063	8.0
246	4077.2778	135.28413	4218.4565	3827.519	1000.0	389.1812	31.98478	435.90787	26.072092	1230000	0.027101463	655.15314	-5.5154314	0.0798636	1.0
247	3887.2383	289.3412	4120.8613	3330.0757	1000.0	411.45612	28.910587	455.76593	215.97552	1235000	0.06475517	2075.9883	-5.4560313	0.18399265	1.0
248	2167.5547	1616.459	3815.386	31.444866	1000.0	228.61113	203.36703	453.40704	-28.164637	1240000	0.062041365	4437.194	-5.1830816	0.19339629	1.0
249	3216.813	1279.7395	4144.511	696.3702	1000.0	313.12796	150.27345	441.79376	-55.334366	1245000	0.049324438	1999.1794	-5.3668866	0.24336854	1.0
250	3100.0247	1313.5391	3941.67	503.2752	1000.0	317.57288	157.7893	439.49405	-36.458317	1250000	-0.007195475	2517.8733	-5.3405323	0.07637559	5.0
251	3469.3442	473.75067	3895.025	2557.2546	1000.0	347.80396	99.80781	426.6372	-18.85127	1255000	0.022728927	2156.6924	-5.4073944	0.09181703	1.0
252	2863.2346	1332.0309	3762.0364	235.49776	1000.0	290.42108	150.29517	403.89072	-25.60383	1260000	0.00479831	2897.0205	-5.2917314	0.082343355	2.0
253	2752.2144	904.6222	3814.9062	1695.3978	1000.0	264.64368	165.84232	399.5767	-22.455446	1265000	0.026692927	3168.086	-5.2824593	0.12290784	1.0
254	3316.1782	521.3201	3855.962	2421.4683	1000.0	321.25925	107.51518	408.2252	-100.14289	1270000	-0.078989066	2048.8833	-5.3721857	0.062405303	79.0
255	3378.599	530.05365	3867.5742	2397.989	1000.0	324.6156	120.17897	408.40182	-127.86637	1275000	-0.060478076	2307.589	-5.4338474	0.035659496	79.0
256	3580.9539	382.75632	3865.2246	2833.613	1000.0	351.8138	83.36093	415.1962	-57.65569	1280000	0.002784098	1583.2097	-5.474699	0.089624755	4.0
257	3278.1335	1062.2051	3963.013	1160.8751	1000.0	326.48135	133.60172	423.73022	-21.874632	1285000	-0.012077765	1655.3314	-5.4249773	0.08197075	6.0
258	2997.573	1237.6863	4004.6372	714.84467	1000.0	294.18106	164.82896	416.6746	-32.49368	1290000	0.008059225	2419.9104	-5.381596	0.09239487	4.0
259	3299.6765	1110.7299	4007.1038	1105.2974	1000.0	327.6882	132.30669	421.19376	-47.82236	1295000	0.0018851655	1998.9364	-5.4380345	0.08771668	6.0
260	3986.9185	143.52057	4227.6685	3823.654	1000.0	385.1455	24.799234	427.03528	230.71606	1300000	0.051490564	644.0701	-5.5986023	0.11372861	2.0
261	3417.85	972.24603	4121.3877	1506.2559	1000.0	348.45737	143.41057	443.07086	-63.726177	1305000	0.025079673	2197.5293	-5.5024986	0.1090344	1.0
262	3839.1772	487.75085	4292.778	2893.072	1000.0	381.1966	81.245926	429.16296	-11.8273535	1310000	-0.00566156	2107.6707	-5.595855	0.078276254	6.0
263	3941.4148	375.9996	4255.421	3206.018	1000.0	389.7889	83.85528	455.8769	-16.439512	1315000	-0.06279464	1966.522	-5.6418056	0.04242999	79.0
264	3915.2395	217.70972	4120.0635	3528.039	1000.0	393.9915	69.88788	447.23984	-22.540257	1320000	-0.054508753	1531.421	-5.609953	0.048889372	79.0
265	3147.268	1174.1074	4205.8853	1074.0447	1000.0	317.9027	168.1621	439.44238	-28.409283	1325000	-0.053717528	2762.2646	-5.5092053	0.031688288	79.0
266	4128.6157	125.98252	4284.1567	3900.1602	1000.0	392.23495	24.051388	431.4821	-1.0994995	1330000	-0.02933493	748.4988	-5.7051306	0.08579637	17.0
267	4247.675	103.939095	4357.2183	4120.0117	1000.0	425.0515	18.096106	467.55377	307.58875	1335000	0.06133428	428.4428	-5.7537255	0.120903514	1.0
268	4101.3105	193.05669	4280.6465	3733.0813	1000.0	425.11026	49.713978	465.1136	-9.997159	1340000	0.0493269	2405.3215	-5.7239046	0.16359243	1.0
269	3987.3257	198.33768	4240.3896	3644.3413	1000.0	411.56445	22.617723	451.56308	273.18887	1345000	0.044856917	754.0224	-5.6876554	0.09918707	1.0
270	3634.5144	643.42664	4164.7144	2383.9333	1000.0	378.1819	111.83773	456.62747	-53.05512	1350000	0.048991203	2680.9749	-5.609999	0.10771223	1.0
271	4046.0688	95.84387	4172.051	3905.9685	1000.0	399.94308	24.388454	450.58484	184.25418	1355000	0.07661503	432.1156	-5.707309	0.21591665	1.0
272	3910.276	196.35947	4200.488	3657.027	1000.0	398.7669	73.42705	451.43915	-22.275738	1360000	0.04595732	2157.4324	-5.6759233	0.14299142	1.0
273	3126.165	1556.9734	4288.836	125.32716	1000.0	318.8273	167.64813	451.45416	-33.551594	1365000	0.0026317514	3215.7236	-5.5589247	0.09495338	3.0
274	3292.0093	1055.3789	4235.962	1311.9877	1000.0	328.2261	164.36737	452.61908	-38.842155	1370000	-0.05870585	2867.0684	-5.5987406	0.008955626	79.0
275	2626.0225	1330.9498	4322.2	609.8908	1000.0	254.19775	196.12686	434.18356	-37.887028	1375000	-0.06368552	4153.313	-5.5203915	0.01657407	79.0
276	3682.28	682.9756	4102.4062	2322.021	1000.0	359.68607	99.614624	436.89792	-48.31715	1380000	0.008090804	2329.2131	-5.709063	0.09782431	5.0
277	3941.9773	204.95102	4145.1797	3607.0637	1000.0	389.97885	54.108086	448.58295	28.44784	1385000	0.06015749	2103.5671	-5.7439523	0.20490268	1.0
278	3089.1013	1430.7406	4314.248	635.7569	1000.0	309.36572	180.7664	457.59872	-23.562	1390000	0.023273813	2834.2805	-5.585696	0.07678924	1.0
279	2769.9797	1559.2227	4062.1296	163.19844	1000.0	278.1415	193.3161	442.38794	-32.205223	1395000	0.025247037	2306.0405	-5.551951	0.077195205	1.0
280	3777.1191	440.32877	4353.335	3049.3047	1000.0	359.68726	115.56879	437.2348	-23.086874	1400000	0.025365606	3434.6636	-5.735782	0.12546436	2.0
281	3966.054	104.37415	4152.7007	3868.6338	1000.0	397.2865	56.05886	449.13156	-17.349575	1405000	0.027586749	1649.7092	-5.782426	0.08726546	1.0
282	3600.105	796.88336	4151.566	2018.2748	1000.0	366.0304	118.741615	450.4626	-29.080648	1410000	-0.02244959	1870.687	-5.6955175	0.086908564	10.0
283	3611.5645	675.8496	4004.7388	2261.4004	1000.0	367.69894	114.164925	442.49036	-27.96872	1415000	-0.053863585	1535.915	-5.7483063	0.036368996	79.0
284	3924.112	278.46335	4111.499	3370.528	1000.0	378.50696	85.172264	431.5211	-40.84871	1420000	-0.053021375	2389.0808	-5.8505344	0.024242688	79.0
285	3460.2266	1440.845	4238.0913	582.1226	1000.0	335.48978	152.51439	433.345	-15.6934185	1425000	-0.034275047	1784.3503	-5.8008633	0.07542769	15.0
286	2594.939	1494.7292	4076.854	71.320114	1000.0	266.733	203.55797	451.93152	-26.535006	1430000	-0.059333056	3178.7527	-5.699462	-0.046953883	79.0
287	3720.48	397.6874	4096.3145	3120.1985	1000.0	348.537	121.389915	432.68546	-79.21236	1435000	0.007811305	4110.95	-5.859687	0.080089	1.0
288	2884.6814	1552.9695	4233.542	690.8361	1000.0	285.0241	183.78214	440.70935	-43.755318	1440000	0.00808865	3016.3164	-5.723593	0.115020655	3.0
289	2882.8906	1431.469	4343.2217	690.10596	1000.0	271.2521	191.8958	445.30435	-27.17729	1445000	-0.0055058342	3931.6255	-5.7487507	0.080075175	5.0
290	3199.4338	1566.6542	4191.0522	76.07224	1000.0	315.02023	164.1227	446.22256	-37.290375	1450000	0.0026530144	2396.1436	-5.7731695	0.09806518	4.0
291	4193.4834	79.90245	4338.755	4104.754	1000.0	405.12796	21.036026	454.2929	247.8635	1455000	0.08834592	362.90784	-5.9511595	0.24366306	2.0
292	4127.081	251.6447	4417.642	3668.1047	1000.0	417.8182	65.77122	466.83942	-24.90149	1460000	0.028132586	1252.233	-5.9768	0.16610855	1.0
293	3928.58	370.16125	4326.4507	3252.9006	1000.0	408.2033	90.851006	465.68756	-10.083738	1465000	-0.017008133	2387.912	-5.9396596	0.07940915	10.0
294	3711.7656	1319.1337	4433.5825	1076.3778	1000.0	353.84207	148.70059	448.2999	-21.161983	1470000	0.0016580387	1683.9146	-5.9237404	0.079918966	4.0
295	4187.2896	116.32711	4345.7007	3987.9614	1000.0	430.9247	22.113853	461.86447	278.64453	1475000	0.050293483	403.29742	-6.0035067	0.096277334	1.0
296	4240.2646	102.367714	4380.07	4098.064	1000.0	433.43674	16.458038	463.08835	307.28864	1480000	0.086357	265.9384	-6.0331936	0.17907661	1.0
297	4112.2524	422.60632	4396.914	3272.7666	1000.0	414.432	95.825584	463.32867	-33.870697	1485000	0.085798636	1960.0914	-6.0298705	0.34842777	1.0
298	3334.1047	1383.0159	4549.8276	1073.194	1000.0	328.40088	186.8475	464.83997	-20.77901	1490000	-0.0075496887	2738.062	-5.8643694	0.075278275	4.0
299	3429.8484	1577.2301	4309.3896	278.348	1000.0	348.45166	170.79088	472.17093	-24.762117	1495000	0.019745909	1470.3246	-5.8983707	0.08122934	1.0
300	4042.2957	676.1754	4536.977	2701.9126	1000.0	391.61905	125.62681	465.55133	-19.038141	1500000	0.033367213	3036.5173	-5.991836	0.13190565	1.0
301	3608.834	1125.1761	4419.3745	1446.8972	1000.0	363.34665	170.07729	469.31674	-44.68743	1505000	0.011061611	3016.1438	-5.911357	0.09305301	4.0
302	3960.8203	725.76544	4602.24	2720.9866	1000.0	373.19818	144.97316	466.42795	-22.15115	1510000	0.008172543	2973.2056	-5.9603176	0.09065953	4.0
303	3444.1016	1786.113	4406.638	-126.95407	1000.0	349.57254	180.4468	478.74103	-22.464909	1515000	0.01391387	890.6518	-5.8848605	0.08720062	2.0
304	4425.7964	86.900185	4583.061	4346.4624	1000.0	444.66235	30.854822	488.0382	83.63377	1520000	0.030513989	435.7703	-6.0541883	0.119436756	3.0
305	3933.114	954.0446	4520.329	2041.6746	1000.0	398.54953	155.21336	484.26212	-25.229061	1525000	0.016187841	3342.6548	-5.952716	0.0949949	1.0
306	4018.0168	785.4853	4477.5356	2452.653	1000.0	401.78186	131.15643	483.04663	-62.2758	1530000	-0.0056498093	1656.3312	-5.957392	0.0973068	6.0
307	4391.219	108.461784	4530.3247	4254.112	1000.0	440.7213	21.450195	476.905	86.48304	1535000	0.039890703	555.572	-6.0006633	0.119987406	1.0
308	4395.0166	81.792534	4501.424	4282.6074	1000.0	451.93045	19.93387	480.1368	300.64398	1540000	0.09344914	301.48083	-6.0395346	0.30839735	1.0
309	4285.3096	55.810932	4389.3506	4225.479	1000.0	448.3459	15.574804	482.3674	323.3267	1545000	0.0662202	327.57373	-6.026677	0.14457452	1.0
310	4299.555	47.360054	4355.724	4215.515	1000.0	440.4099	16.929485	466.71255	308.58856	1550000	0.11587942	194.54352	-6.041704	0.25419223	1.0
311	3896.7812	575.4147	4325.5596	2775.8723	1000.0	400.90244	125.92769	466.3305	-16.290325	1555000	0.051605657	3121.248	-5.9559693	0.33283505	1.0
312	3760.5493	1181.5464	4416.9873	1400.0588	1000.0	369.1018	148.25867	455.33777	-41.827656	1560000	0.019472286	1673.6235	-5.9681892	0.08940483	1.0
313	4358.6377	74.816	4483.6943	4265.5376	1000.0	434.5953	17.838015	471.60233	286.91107	1565000	0.06255305	466.87585	-6.0731893	0.22323827	2.0
314	3626.3489	1697.4102	4602.377	237.35501	1000.0	365.06085	175.17276	477.6214	-22.415655	1570000	0.037612855	1973.0413	-5.9332275	0.1972548	1.0
315	3248.332	1576.2847	4492.7534	155.31503	1000.0	329.72867	202.23064	509.10303	-28.832659	1575000	0.02783523	4366.0386	-5.9366627	0.13329785	2.0
316	3536.7993	1085.7703	4626.5474	1785.5615	1000.0	326.40244	182.09694	467.90756	-24.72179	1580000	0.0077069853	4044.9028	-5.9686832	0.08052271	2.0
317	3537.9714	1764.333	4588.4165	18.08366	1000.0	347.33957	176.56682	470.19617	-24.636835	1585000	-0.009757561	1465.7582	-5.9623766	0.0752696	5.0
318	3502.9895	1285.2625	4664.2275	1069.7142	1000.0	348.74524	191.77109	481.9534	-31.392145	1590000	0.0054621296	4442.3047	-5.9557943	0.08513459	6.0
319	3533.0586	1269.921	4633.9053	1843.1388	1000.0	338.8641	181.86751	476.16638	-29.029356	1595000	0.019130817	3625.476	-5.9515214	0.15302695	1.0
320	3272.677	1292.4038	4381.952	1313.1002	1000.0	324.37057	197.00452	509.32562	-53.678745	1600000	-0.020566447	2936.496	-5.933328	0.07930437	14.0
321	3374.8784	1262.8988	4449.046	1153.7808	1000.0	322.99146	183.00623	473.95963	-43.389286	1605000	-0.010752542	3437.8376	-5.919125	0.09941029	8.0
322	3946.9644	927.89996	4543.1123	2105.6245	1000.0	380.03052	135.14934	465.5141	-27.802105	1610000	0.008653681	2043.7604	-6.002613	0.083830535	2.0
323	2705.7944	849.1632	4120.9966	1742.7871	1000.0	271.06635	220.75644	478.8704	-43.36814	1615000	-0.0056328764	4886.4526	-5.81553	0.08529679	6.0
324	4213.362	521.4706	4660.031	3240.3127	1000.0	376.8975	90.02553	475.12643	-25.89821	1620000	0.024927774	2345.588	-6.0520387	0.081689365	1.0
325	3391.5833	1334.968	4473.628	1123.2253	1000.0	340.0395	192.45647	482.63528	-50.937263	1625000	0.035398744	3014.3809	-5.9400644	0.121045336	1.0
326	3849.855	1123.3284	4572.0283	1617.6084	1000.0	376.5654	148.9594	481.92267	-69.42301	1630000	0.019507423	2327.5173	-5.9968686	0.077477835	1.0
327	4270.0874	108.087654	4390.6733	4103.995	1000.0	430.538	64.06788	489.59894	-31.30565	1635000	0.033787597	1902.6888	-6.0535045	0.13525493	1.0
328	3606.623	1438.4915	4477.6562	741.20544	1000.0	366.46896	167.81335	469.81903	-49.21826	1640000	0.008863757	2130.6902	-5.9501123	0.11996458	4.0
329	3593.15	807.1345	4396.418	2543.214	1000.0	351.58334	176.41669	474.133	-38.072983	1645000	0.011405425	4303.512	-5.945132	0.07959681	1.0
330	3592.5977	1543.2083	4470.076	516.59784	1000.0	346.30725	167.79489	465.92935	-30.476292	1650000	0.020836653	1813.2484	-5.9330506	0.080167614	1.0
331	2806.5764	1958.9537	4572.0566	360.8916	1000.0	280.63687	217.20546	470.54834	-28.971777	1655000	0.020030973	3020.1548	-5.8514147	0.08996186	1.0
332	3627.8652	1750.3884	4596.6753	129.60301	1000.0	351.06863	178.64687	467.15912	-33.563835	1660000	0.027161138	1370.8176	-5.9588723	0.21524714	1.0
333	3270.0093	1617.9851	4768.912	322.259	1000.0	316.20358	214.39024	489.77618	-34.560566	1665000	-0.0073125022	4370.7603	-5.914165	0.08202696	7.0
334	4156.924	802.3773	4685.981	2578.9783	1000.0	399.19696	135.92186	497.12863	-24.942026	1670000	-0.04221371	2786.5835	-6.068593	0.07968312	37.0
335	4170.3345	964.2372	4780.4775	2248.4653	1000.0	415.6044	136.77258	499.51877	-19.362898	1675000	0.015828742	2246.0967	-6.0748687	0.102548696	3.0
336	2697.439	2082.5376	4660.6665	158.12985	1000.0	279.28693	230.31096	527.84314	-24.824284	1680000	0.01936796	3397.3755	-5.8445225	0.100333884	1.0
337	4024.8477	628.8102	4602.6	2978.69	1000.0	396.9924	146.7452	506.564	-23.928093	1685000	0.023414772	3543.1353	-6.053274	0.11234308	2.0
338	3573.685	1519.2281	4673.7124	607.222	1000.0	357.14346	177.31313	475.82147	-24.313745	1690000	-0.008281662	3417.4	-6.0105877	0.09046879	6.0
339	3795.1782	1352.3748	4560.0283	1092.3365	1000.0	375.86835	159.20393	487.1424	-26.472507	1695000	0.00030621813	1956.1514	-6.051589	0.07927621	5.0
340	4483.4014	142.14359	4634.8926	4234.535	1000.0	442.8585	44.114273	482.93405	4.334412	1700000	-0.032567315	860.1927	-6.171864	0.07839087	39.0
341	4365.8916	337.38947	4691.7983	3718.7305	1000.0	450.9974	42.662174	503.53506	1.233548	1705000	0.0051199645	740.379	-6.147915	0.09628233	4.0
342	4255.845	464.19226	4726.1445	3408.9814	1000.0	425.43515	121.377754	489.35632	-13.718586	1710000	0.02865887	3135.4468	-6.1490784	0.103469215	1.0
343	4499.38	256.57443	4748.4595	4182.2515	1000.0	449.3946	43.907234	487.09125	15.748515	1715000	0.02218767	1373.4227	-6.20102	0.08954919	1.0
344	4351.3604	589.6198	4771.862	3185.123	1000.0	435.0476	121.15759	502.35504	-16.084015	1720000	0.030178647	2028.742	-6.169858	0.1388626	1.0
345	4581.624	206.89972	4777.132	4198.1514	1000.0	467.65314	25.01364	503.73047	238.83551	1725000	0.0389159	714.6011	-6.1981273	0.10375036	2.0
346	4459.4497	353.23892	4714.7085	3759.2056	1000.0	455.4039	88.63307	504.10257	-19.85018	1730000	0.02995819	1950.136	-6.1894484	0.1420806	1.0
347	3862.4968	796.05585	4540.531	2533.5986	1000.0	397.5917	165.42424	516.4803	-31.2706	1735000	-0.043724895	3300.7932	-6.1165013	0.024051053	79.0
348	4011.7551	1191.7322	4720.6167	1633.2909	1000.0	385.4972	152.08336	478.80762	-19.904484	1740000	0.025476282	1861.735	-6.162566	0.09447473	3.0
349	4097.3735	816.79565	4671.2656	2482.596	1000.0	415.7186	135.18315	503.99673	-26.518396	1745000	0.014977947	2120.0151	-6.151228	0.08454576	2.0
350	4445.7686	191.4786	4568.5386	4063.8967	1000.0	447.4129	60.132446	490.47125	-26.572666	1750000	0.03299331	2318.537	-6.236996	0.13485849	1.0
351	4286.294	566.9287	4679.255	3171.332	1000.0	427.9503	109.40402	492.14816	-35.888466	1755000	-0.035923965	2208.126	-6.235793	0.08409692	45.0
352	4603.1704	159.11693	4779.9375	4357.4487	1000.0	458.454	20.576231	492.23627	229.12384	1760000	0.041212555	472.5136	-6.285642	0.10120605	1.0
353	4650.421	90.15148	4746.679	4503.7905	1000.0	471.2968	20.039253	500.47473	281.43152	1765000	0.081746876	371.42374	-6.326527	0.18264984	1.0
354	4240.389	905.54736	4806.337	2440.4907	1000.0	426.6315	154.93881	508.3177	-71.29125	1770000	0.09565676	1562.3522	-6.221893	0.49594757	1.0
355	4165.109	671.0799	4559.991	2826.8728	1000.0	430.76266	126.50839	496.49402	-27.501654	1775000	0.026709916	2084.9768	-6.223247	0.07804636	1.0
356	2384.0557	1826.2778	4694.454	296.1871	1000.0	236.21915	236.88078	482.03262	-52.262615	1780000	-0.05267896	4771.024	-5.961558	-0.052517653	79.0
357	4023.854	877.9372	4535.5903	2272.8901	1000.0	369.3499	134.65746	458.76086	-31.856348	1785000	0.008831472	3488.7495	-6.253194	0.087481216	5.0
358	3661.0188	1734.5524	4710.3774	205.60602	1000.0	356.17502	182.69301	485.11426	-35.33648	1790000	0.040590327	1585.0352	-6.215294	0.10703042	1.0
359	3353.394	1528.0381	4649.933	521.3538	1000.0	344.24738	204.63911	500.1339	-36.084175	1795000	0.032063503	3218.866	-6.1571846	0.101564035	1.0
360	4396.296	130.25838	4591.4243	4198.877	1000.0	440.5398	34.10185	486.35208	60.84366	1800000	0.035313506	804.1493	-6.3760705	0.10552456	1.0
361	3524.9973	1348.3948	4460.126	877.35834	1000.0	359.5517	187.95697	495.52893	-28.90828	1805000	0.0096442625	3522.96	-6.2196007	0.09645537	3.0
362	3156.7957	1343.1283	4470.8413	1371.8641	1000.0	309.19424	205.17415	487.11127	-40.149246	1810000	0.02206977	4730.544	-6.1627173	0.08728769	1.0
363	3581.4434	1689.9584	4602.0347	208.23514	1000.0	342.45346	170.34183	462.11642	-33.385815	1815000	0.026685968	2005.577	-6.2458267	0.08773505	1.0
364	3446.4465	1220.9386	4740.104	1915.5327	1000.0	337.33994	192.9416	483.40762	-32.21371	1820000	0.0302479	3510.2656	-6.208	0.09887937	1.0
365	1478.8153	1608.5052	4420.534	313.99332	1000.0	147.87003	223.93774	478.75272	-44.437813	1825000	0.024230307	3986.192	-5.85897	0.102981925	1.0
366	3904.129	912.6921	4541.4146	2089.1685	1000.0	353.2209	127.92751	482.7336	-48.8033	1830000	0.029780352	2105.81	-6.255121	0.097977005	1.0
367	3157.9216	1727.1666	4514.53	-199.41089	1000.0	317.2426	198.41324	471.58215	-47.184124	1835000	0.034684062	2792.8767	-6.124096	0.14375503	1.0
368	3388.589	1574.3804	4602.362	338.78406	1000.0	340.6225	177.82455	472.84186	-67.04174	1840000	0.04138375	3187.44	-6.16454	0.09341837	1.0
369	4440.072	65.50788	4565.933	4387.779	1000.0	427.31326	32.060158	473.20175	124.95347	1845000	0.053144075	798.2947	-6.317331	0.11625884	1.0
370	4313.904	204.93144	4500.433	3950.2454	1000.0	453.711	25.686682	504.48605	287.29538	1850000	0.1023454	672.8252	-6.2064857	0.24782674	1.0
371	4340.216	137.4197	4578.216	4160.3354	1000.0	442.9619	21.031153	483.5741	287.2408	1855000	0.14509282	464.0069	-6.252815	0.4424377	1.0
372	4518.6006	123.865326	4699.251	4349.3086	1000.0	445.6551	20.303185	490.56348	304.50146	1860000	0.07379214	550.11237	-6.3682704	0.20366274	1.0
373	3637.4336	1310.9933	4423.8447	1019.353	1000.0	388.99448	165.55116	502.2314	-28.230331	1865000	0.066808194	3841.3777	-6.2808642	0.27027547	1.0
374	2966.856	1467.2511	4393.026	603.5351	1000.0	310.98508	189.99182	479.59012	-48.69783	1870000	0.00027222213	3617.9976	-6.235667	0.08851271	5.0
375	3930.519	517.07294	4411.629	2938.2734	1000.0	382.11215	109.92886	481.83966	-35.287037	1875000	0.009914995	1904.072	-6.429222	0.08860576	5.0
376	3948.9207	413.60306	4385.3813	3238.5728	1000.0	394.3551	106.31047	464.59296	-22.433552	1880000	-0.027126182	3217.6892	-6.441229	0.077827	48.0
377	3413.731	1749.5862	4486.089	-77.7696	1000.0	333.95078	173.16353	462.92648	-32.341743	1885000	-0.028730353	1657.5293	-6.343144	0.07678149	13.0
378	3833.101	860.32336	4476.6772	2156.3647	1000.0	392.15405	127.456	479.9808	-32.28151	1890000	-0.028374474	2800.63	-6.4068403	0.07717412	23.0
379	4200.637	152.3877	4457.7734	3992.3267	1000.0	424.17953	29.13147	476.1962	193.38387	1895000	0.0030273406	743.9081	-6.462942	0.07697315	6.0
380	4068.2065	610.5915	4577.4863	2866.6897	1000.0	412.03326	95.23664	473.95676	-29.914328	1900000	-0.012604802	1978.991	-6.4103713	0.09171505	13.0
381	3648.9087	1513.3346	4487.175	632.1219	1000.0	364.5011	164.6742	471.48517	-15.53552	1905000	-0.025864555	2261.3684	-6.330695	0.07654613	11.0
382	2687.126	1528.3666	4523.2275	661.6487	1000.0	277.514	219.1438	482.17892	-42.31129	1910000	-0.05468772	4584.5366	-6.1857266	-0.04363524	79.0
383	3481.6694	1621.4968	4490.9727	256.6984	1000.0	316.9474	170.61284	459.2849	-32.329247	1915000	-0.024185652	3263.68	-6.352912	0.07636957	10.0
384	1881.4596	1768.4578	4318.939	259.83054	1000.0	181.17015	225.9253	469.15012	-50.594738	1920000	-0.054653894	4456.171	-6.0479374	-0.0651118	79.0
385	4185.861	364.5688	4465.336	3465.8267	1000.0	379.44308	81.44364	469.0798	-25.576155	1925000	-0.029749012	2096.4502	-6.4826813	0.077134326	15.0
386	4481.508	86.44661	4583.374	4367.1675	1000.0	436.8378	25.527166	481.311	98.7304	1930000	0.042278953	515.1956	-6.517555	0.11124651	1.0
387	3628.4116	1792.939	4697.4087	49.611313	1000.0	368.54886	187.39937	489.7469	-27.48796	1935000	0.025050055	1788.2224	-6.346847	0.07509756	1.0
388	3218.7302	1173.655	4443.322	1509.4271	1000.0	335.03976	206.77061	501.5449	-27.878077	1940000	-0.046217	4687.665	-6.290674	-0.028844507	79.0
389	3927.964	708.8709	4494.462	2594.6904	1000.0	366.50256	147.40904	459.32025	-48.320442	1945000	-0.04708684	3059.2473	-6.444601	0.06726179	79.0
390	3530.7524	975.6061	4740.024	2436.461	1000.0	334.22476	193.03069	477.93982	-26.88502	1950000	-0.011137726	4797.05	-6.398583	0.077524245	7.0
391	4101.739	799.98517	4656.433	2513.592	1000.0	400.1789	132.26068	483.36847	-26.981277	1955000	-0.03383428	2114.7007	-6.5209413	0.08288909	24.0
392	4599.4414	119.07294	4748.302	4409.936	1000.0	453.7218	21.014935	485.0764	240.15344	1960000	0.03936674	459.1223	-6.620859	0.09966816	2.0
393	4452.048	255.07272	4710.397	3992.7444	1000.0	454.3219	82.3579	495.11282	-22.47792	1965000	0.028136337	2208.4692	-6.5860486	0.13251725	1.0
394	4149.542	764.5414	4616.5874	2624.4387	1000.0	419.75595	136.7917	492.34567	-29.660358	1970000	0.0069251647	1985.8704	-6.5209312	0.11132849	5.0
395	4357.4546	266.6428	4616.677	3894.176	1000.0	451.0735	60.58926	489.4866	-21.837109	1975000	-0.051304553	1196.0767	-6.5744033	0.019316897	79.0
396	4583.443	64.72127	4638.79	4464.547	1000.0	457.0999	21.242609	489.7403	317.40228	1980000	0.033249438	481.79794	-6.6027446	0.07695343	2.0
397	4243.154	523.321	4625.8677	3217.39	1000.0	443.9921	101.884254	512.0048	-9.152466	1985000	0.049085148	2031.804	-6.5897007	0.17435724	1.0
398	3764.1106	1575.9043	4630.472	614.5287	1000.0	379.44812	173.43683	482.18927	-23.070997	1990000	0.0024002139	2051.8867	-6.518973	0.077375844	6.0
399	4401.0557	67.596275	4449.674	4271.717	1000.0	454.77856	27.231466	492.17358	259.58032	1995000	0.02110748	758.9668	-6.696219	0.092668615	3.0
400	4494.1733	155.42128	4757.249	4303.346	1000.0	456.346	28.584885	496.35162	215.39758	2000000	0.0567145	823.62854	-6.7399735	0.15401824	1.0
401	4528.1914	192.59152	4829.016	4257.0107	1000.0	462.3867	26.164804	499.8222	294.51343	2005000	0.064785525	650.5295	-6.770751	0.21535191	1.0
402	2590.9895	2052.0151	4853.911	-263.509	1000.0	269.2112	237.03127	507.10144	-46.12673	2010000	0.019652413	4131.9697	-6.374424	0.08263045	1.0
403	3281.8425	1663.7648	4720.0474	29.851254	1000.0	311.73535	212.18114	520.04034	-37.66528	2015000	0.011840607	6269.466	-6.5003123	0.08042277	2.0
404	2465.754	1850.8899	4577.795	216.73161	1000.0	229.1717	231.07674	476.9069	-42.721626	2020000	0.007005499	5848.603	-6.3671865	0.07995078	3.0
405	3166.267	1831.261	4805.0527	470.244	1000.0	294.6471	200.52023	484.648	-76.11031	2025000	0.016837826	5038.236	-6.5303617	0.11082246	2.0
406	3574.4622	796.4838	4844.7305	2444.4202	1000.0	345.1078	182.27458	503.92517	-38.890556	2030000	-0.0054693725	4781.381	-6.5905266	0.07816924	6.0
407	2897.4272	1136.6595	3972.952	844.79663	1000.0	289.4802	205.71509	485.24765	-45.20684	2035000	0.014679557	4987.92	-6.4775257	0.11304668	1.0
408	3101.2996	1696.2948	4558.8374	307.24606	1000.0	291.4195	199.60468	464.0511	-41.860466	2040000	0.006194994	3210.3257	-6.536354	0.08458874	4.0
409	3679.1328	922.67114	4514.5977	2229.4712	1000.0	356.09286	169.92117	483.38306	-42.236908	2045000	0.023563229	3340.755	-6.6650953	0.09582251	1.0
410	3907.9395	731.0988	4669.1206	2512.608	1000.0	388.32822	132.11029	474.47342	-38.645638	2050000	0.016771035	1949.3271	-6.704874	0.08349116	1.0
411	3519.6094	1069.2526	4435.7573	1828.1757	1000.0	347.43518	179.14854	487.5629	-39.48266	2055000	0.019166073	3161.6477	-6.632684	0.101607926	3.0
412	4012.1992	323.24344	4268.4966	3378.398	1000.0	410.13272	95.69122	475.54874	-36.38751	2060000	0.014687314	2485.5679	-6.7527046	0.08172108	4.0
413	4149.0654	434.98328	4501.4873	3294.4854	1000.0	409.2352	92.51905	471.2881	-39.097134	2065000	0.01651128	2212.4055	-6.7898045	0.07864361	2.0
414	2649.893	1822.0648	4241.745	401.91248	1000.0	284.40588	216.99525	476.1437	-42.982006	2070000	-0.05551767	3562.0432	-6.4949827	-0.034645624	79.0
415	2742.4165	1484.43	4286.272	307.50977	1000.0	250.2989	215.3871	475.31064	-56.504757	2075000	0.022776343	6557.981	-6.496732	0.08373645	1.0
416	3479.0574	1728.9368	4494.86	35.754993	1000.0	316.65494	160.33563	467.46268	-35.943253	2080000	0.017017638	2029.7688	-6.6703296	0.07997065	3.0
417	3987.3484	661.38763	4601.2783	2878.0608	1000.0	395.81964	142.07126	498.26788	-47.84183	2085000	0.033296976	3697.8188	-6.7719703	0.12236075	1.0
418	4120.3623	599.6238	4532.197	2928.7566	1000.0	404.85495	120.07765	499.6414	-49.109894	2090000	0.02123364	3813.3408	-6.811138	0.07909348	1.0
419	3157.9253	1666.509	4549.4536	400.44064	1000.0	309.2937	208.88829	481.65137	-54.918785	2095000	0.005332182	3373.0627	-6.5948052	0.07755759	4.0
420	3848.7163	877.9832	4477.1216	2127.2722	1000.0	385.483	139.6607	493.15054	-38.711365	2100000	0.024953451	1988.5656	-6.71252	0.08977618	1.0
421	3828.9988	1486.1849	4697.1055	859.77893	1000.0	369.04105	168.88908	523.04565	-37.871037	2105000	0.030130256	3345.9822	-6.6967626	0.09473956	1.0
422	4416.711	191.30272	4770.2974	4213.0474	1000.0	446.4482	27.496033	490.12692	213.09682	2110000	0.04315031	741.28265	-6.780702	0.075445935	1.0
423	3956.8882	622.6654	4503.8115	2784.187	1000.0	421.80325	116.20269	499.40964	-26.566948	2115000	0.11449109	2526.1353	-6.736906	0.44195536	1.0
424	3071.4985	1530.7858	4310.2915	732.1831	1000.0	310.9045	199.37883	495.1208	-29.840378	2120000	0.017775608	2712.082	-6.542046	0.0891975	1.0
425	3516.8765	1323.3789	4376.792	918.95447	1000.0	344.4551	168.51389	465.6182	-49.760933	2125000	0.015874457	2929.1665	-6.672323	0.09392248	1.0
426	4418.784	126.119194	4541.3994	4255.7183	1000.0	428.24405	26.668358	471.1907	272.40146	2130000	0.043602012	611.4309	-6.862629	0.1267236	1.0
427	3701.7056	842.70166	4418.8145	2199.046	1000.0	386.26718	159.40068	484.02454	-30.441154	2135000	0.053860344	3101.921	-6.705364	0.28244683	1.0
428	3728.8657	1497.6484	4622.6636	739.1966	1000.0	356.0206	169.11172	476.9998	-36.325836	2140000	0.009691525	1716.9666	-6.7013936	0.082704425	3.0
429	3431.1687	1817.3649	4459.2363	-192.97803	1000.0	357.6838	186.49469	523.7876	-31.345928	2145000	0.0248634	1010.7	-6.6628513	0.15071128	1.0
430	4451.232	63.55038	4549.3228	4358.076	1000.0	448.62274	32.74946	499.47455	169.36098	2150000	0.07933019	481.6772	-6.901725	0.349385	1.0
431	3698.2583	1521.5756	4612.092	659.6072	1000.0	382.507	173.78474	487.68347	-31.371037	2155000	0.024633588	2073.9924	-6.740114	0.08330671	1.0
432	4322.533	88.540115	4457.2334	4210.6313	1000.0	445.1579	31.64369	484.43192	79.01348	2160000	0.023305543	826.3917	-6.879888	0.08625516	1.0
433	4389.7646	112.67723	4496.489	4210.3193	1000.0	445.9909	23.4506	492.56467	261.4881	2165000	0.06862797	497.72	-6.885097	0.22863583	2.0
434	3505.9575	1638.8704	4476.149	236.10146	1000.0	369.60504	181.01663	499.0125	-41.267365	2170000	0.050706603	2184.0884	-6.7023344	0.14767611	1.0
435	3078.0435	1732.4847	4383.9326	-23.19227	1000.0	313.70975	209.66736	497.1259	-40.722115	2175000	0.06628839	3172.8252	-6.636614	0.24060105	1.0
436	4063.1	323.4286	4413.9683	3511.9504	1000.0	409.8702	98.33375	483.03207	-40.112705	2180000	0.045948964	1944.8458	-6.8346663	0.20126581	1.0
437	4084.7312	424.43423	4486.801	3264.4856	1000.0	406.5247	105.197655	485.07602	-51.154186	2185000	0.044448532	1708.9332	-6.806353	0.3224348	2.0
438	4354.5347	92.633125	4480.9316	4224.6943	1000.0	435.183	25.768757	473.49216	161.38959	2190000	0.054982744	522.0427	-6.846858	0.12453044	2.0
439	3700.8308	1691.0756	4637.0234	321.11743	1000.0	371.97363	175.56042	481.66928	-22.020905	2195000	0.073943384	1919.6166	-6.71042	0.20706113	1.0
440	3750.857	1486.1829	4623.2188	785.71826	1000.0	383.39664	175.2437	499.50314	-31.014389	2200000	0.028185377	2222.256	-6.7293906	0.1064021	1.0
441	4285.8164	501.76013	4629.776	3292.8452	1000.0	430.4484	112.03258	515.28534	-48.779087	2205000	0.037857205	2125.6067	-6.8422904	0.16051692	1.0
442	4126.159	723.6099	4655.898	2697.674	1000.0	420.2117	136.05287	503.5478	-35.932724	2210000	0.027185056	1973.0912	-6.8238764	0.08983014	1.0
443	4543.927	29.22048	4573.4756	4491.9155	1000.0	455.7945	24.282486	494.4223	190.99773	2215000	0.046845637	356.7194	-6.9078016	0.10825298	1.0
444	4306.464	449.34497	4664.1445	3420.8203	1000.0	445.36	101.3969	501.87366	-31.074781	2220000	0.045251973	2060.1565	-6.844002	0.19323356	1.0
445	3597.1946	1460.6359	4658.1797	701.07367	1000.0	375.61316	178.5591	483.7766	-35.68847	2225000	0.01770597	2182.486	-6.677853	0.11333339	1.0
446	3768.8394	1138.6066	4391.3125	1495.5659	1000.0	382.7622	155.89568	480.1991	-29.526808	2230000	-0.009855959	1648.5242	-6.745986	0.075056516	9.0
447	4249.583	80.087814	4339.074	4122.9785	1000.0	429.4466	55.204037	473.83334	-29.02728	2235000	0.009638524	2266.1973	-6.859506	0.07640972	3.0
448	4398.4863	117.97067	4614.486	4284.5767	1000.0	436.3997	20.647295	471.4018	277.80627	2240000	0.08358126	383.35062	-6.91795	0.21268626	2.0
449	4378.06	138.78688	4575.8716	4147.921	1000.0	451.21326	24.856377	482.8114	169.69449	2245000	0.046466924	617.9535	-6.92554	0.12448544	1.0
450	4524.9507	86.70017	4634.2905	4399.571	1000.0	451.6808	22.681948	487.96814	177.2726	2250000	0.09233788	461.46466	-6.959528	0.21526621	1.0
451	4294.737	276.92825	4451.9194	3741.8684	1000.0	446.62244	89.09905	509.52835	-32.679733	2255000	0.058863983	2160.2932	-6.9458203	0.285732	1.0
452	3475.2026	1340.7026	4600.046	1613.1122	1000.0	342.5347	205.1597	493.61728	-39.394184	2260000	0.031034306	3154.9604	-6.7510686	0.18854661	1.0
453	4008.8198	878.15155	4591.336	2270.7444	1000.0	409.1742	135.90952	492.55426	-37.637512	2265000	-0.021061206	2081.6584	-6.8807564	0.075393654	13.0
454	1799.8977	1515.7008	4074.406	-260.82825	1000.0	178.83058	236.96509	479.0509	-43.41877	2270000	-0.053970173	5438.925	-6.433895	-0.05802184	79.0
455	4749.3154	114.58861	4917.077	4618.8506	1000.0	395.7492	34.83102	454.23416	29.23045	2275000	0.025516497	1076.09	-7.028686	0.08594298	3.0
456	4657.2236	134.95973	4910.6987	4531.0786	1000.0	475.09036	24.223963	526.9206	8.265082	2280000	0.032479282	560.1254	-7.001154	0.08748702	1.0
457	3065.7292	1731.7683	4608.3496	256.56665	1000.0	320.8577	233.04181	518.4134	-42.712914	2285000	0.02966363	4964.8857	-6.6639843	0.10068048	1.0
458	2211.2585	2079.3904	4620.175	-241.27058	1000.0	213.66345	234.7975	480.73203	-40.039417	2290000	0.025951501	3181.7012	-6.4949656	0.2008094	1.0
459	3738.8013	1284.7843	4893.174	1259.3032	1000.0	363.81503	177.11362	490.4731	-39.383446	2295000	0.0061278786	3779.994	-6.834081	0.07933517	3.0
460	3589.5288	1639.8727	4730.212	393.98853	1000.0	347.8036	197.06668	482.3086	-45.670246	2300000	-0.005030346	3976.538	-6.778586	0.0822865	4.0
461	3526.7754	1786.845	4525.734	-43.98502	1000.0	353.7831	191.59117	493.68213	-41.475574	2305000	-0.044642568	3735.072	-6.7959876	0.03405072	79.0
462	4456.3813	297.32373	4774.3115	3915.5999	1000.0	430.5812	82.52898	492.23334	-50.552456	2310000	-0.02508688	2522.14	-7.0073447	0.09432257	50.0
463	2652.9946	1985.993	4749.557	199.6722	1000.0	261.6592	241.79428	496.38022	-42.62025	2315000	0.023801297	4908.375	-6.650925	0.11609055	1.0
464	3685.9937	1177.1328	4563.1987	1393.9569	1000.0	361.3433	170.63242	491.36227	-37.97202	2320000	0.03402725	3976.9668	-6.831691	0.09046927	2.0
465	4207.657	659.62787	4617.484	2894.9604	1000.0	398.94458	126.35418	483.17865	-35.208607	2325000	0.02269909	2396.7947	-6.9242454	0.082812436	1.0
466	939.43164	772.5227	1944.1924	58.405293	1000.0	98.44949	211.09326	501.57776	-47.591034	2330000	0.017797645	3748.8088	-6.344032	0.12821582	2.0
467	3996.6587	913.86835	4711.207	2407.1511	1000.0	281.54474	127.95423	389.9281	-35.099426	2335000	0.02447126	3999.966	-6.9049063	0.09524569	2.0
468	4417.67	505.24777	4726.56	3409.0613	1000.0	426.36914	111.0736	497.2355	-40.446323	2340000	0.02980328	2068.8616	-6.968302	0.096276715	1.0
469	3215.0122	1417.6217	4589.4243	1174.7067	1000.0	326.86313	225.83582	527.8642	-44.194855	2345000	0.016375786	5058.4585	-6.732008	0.079585105	1.0
470	3099.7886	1495.9242	4700.336	383.30692	1000.0	297.5008	212.88702	487.77075	-39.10563	2350000	-0.006756447	6372.5415	-6.7094436	0.0885101	4.0
471	3502.2695	1680.36	4782.038	575.93524	1000.0	318.20355	191.73117	470.3252	-38.863297	2355000	0.006191592	4649.2754	-6.819703	0.07712526	3.0
472	3093.6733	1713.2118	4464.299	-214.62367	1000.0	307.9107	225.94753	515.6178	-58.369167	2360000	0.027472815	3929.0657	-6.7225657	0.104607016	1.0
473	3612.6536	1916.5792	4754.9136	-206.96048	1000.0	346.5872	189.811	487.91898	-48.239376	2365000	-0.014926377	1630.9639	-6.797991	0.085735835	6.0
474	2667.4187	1484.6543	4817.01	734.5147	1000.0	275.33716	240.56122	524.0875	-58.032394	2370000	-0.054665007	5332.468	-6.7217374	-0.015961012	79.0
475	3123.4563	1795.0123	4649.0127	917.78064	1000.0	293.69806	212.95226	490.86475	-44.90009	2375000	0.010618792	3537.216	-6.775552	0.08471162	4.0
476	3263.7864	1675.5588	4779.5747	1172.3008	1000.0	309.07397	217.56204	490.59213	-45.34886	2380000	0.019227423	3329.0784	-6.8221674	0.10804041	1.0
477	3937.0808	944.1357	4862.936	2658.701	1000.0	380.92554	178.04631	497.58585	-41.772556	2385000	0.0003593493	3803.9844	-6.9614196	0.08613645	6.0
478	4793.1104	129.64287	5029.759	4665.4106	1000.0	463.5586	26.41656	506.63495	86.79305	2390000	-0.016178599	680.2542	-7.1273346	0.084750615	14.0
479	4482.7188	392.2886	4846.407	3730.8296	1000.0	469.6027	95.795006	533.54584	-34.989834	2395000	0.02356475	2417.0396	-7.0916796	0.0866055	1.0
480	3401.1367	1344.1683	4629.8154	1699.1313	1000.0	334.541	221.20454	508.59195	-41.18893	2400000	0.009133384	5248.5645	-6.902881	0.076170385	2.0
481	4690.446	94.14356	4799.0093	4551.2646	1000.0	449.70105	26.328102	500.51224	107.753815	2405000	0.0275891	1022.0976	-7.145569	0.081621	1.0
482	1815.5535	1488.7449	4616.2944	502.08847	1000.0	194.91168	247.73183	519.32996	-38.36053	2410000	0.028140392	5083.134	-6.6071033	0.10791168	1.0
483	1197.6334	1580.1879	4297.8745	16.98247	1000.0	114.05785	199.22488	444.22122	-41.012527	2415000	-0.058319923	5313.394	-6.5431643	-0.06299792	79.0
484	2137.7256	1314.1599	4623.275	768.55695	1000.0	163.57138	191.7704	410.85583	-43.357216	2420000	0.00494951	5933.376	-6.726079	0.13262948	5.0
485	3342.3276	1607.2612	4814.1626	486.7011	1000.0	295.6024	183.57649	446.28076	-46.417904	2425000	0.021887686	4276.001	-6.9566627	0.110529125	1.0
486	3667.841	1385.148	4862.1006	1328.0461	1000.0	348.2307	194.81343	498.6426	-41.527107	2430000	-0.00675737	3475.0552	-6.9905195	0.08682792	9.0
487	3027.1812	1319.7751	4723.7896	1605.4652	1000.0	301.8915	228.76968	517.66785	-42.53685	2435000	-0.050239976	4925.596	-6.935969	0.0059612496	79.0
488	3540.939	1781.507	4663.759	34.551155	1000.0	333.9537	192.27617	489.18344	-43.168797	2440000	0.018955708	5049.312	-7.027646	0.09246802	1.0
489	3461.554	942.5345	4704.3896	2234.499	1000.0	331.8281	199.47905	497.59863	-48.45995	2445000	0.016410198	5663.4585	-6.9998546	0.093427405	1.0
490	3563.7239	1789.5029	4846.553	132.01797	1000.0	335.54944	198.59315	499.9531	-54.990135	2450000	0.01905164	3459.402	-7.0044556	0.07796854	1.0
491	3085.4934	1795.3339	4581.23	347.74258	1000.0	315.50525	220.84027	515.41254	-42.11216	2455000	0.033651575	3726.8872	-6.9087515	0.11466829	1.0
492	3066.5923	1846.8999	4768.2344	330.90503	1000.0	293.5268	224.87563	498.56232	-42.592422	2460000	0.006396369	4732.561	-6.930403	0.07749283	2.0
493	3470.0376	1825.4918	4655.5874	-164.94531	1000.0	338.2193	191.78264	494.5915	-42.6004	2465000	0.0014871666	4474.332	-7.005919	0.08263676	3.0
494	3601.9526	1881.692	4584.942	-160.92871	1000.0	353.67902	191.29839	504.27167	-45.649616	2470000	0.032055505	1669.916	-7.022897	0.1348737	4.0
495	4579.453	224.98502	4831.506	4190.5166	1000.0	465.2447	40.125675	517.1475	88.99821	2475000	0.022197338	988.6219	-7.194567	0.07743459	3.0
496	2758.1562	1712.3839	4782.4897	293.82526	1000.0	285.81937	242.23239	520.8435	-36.23472	2480000	0.0164703	5115.061	-6.8535233	0.08180417	1.0
497	3681.5168	1218.4624	4530.842	1289.6909	1000.0	364.5712	167.54227	498.26303	-54.05573	2485000	-0.055734754	5275.7017	-7.063113	0.043724995	79.0
498	2100.943	1750.8273	4788.3135	44.756706	1000.0	193.08376	227.3238	468.813	-48.380096	2490000	-0.05077322	5011.0327	-6.785019	-0.0015351047	79.0
499	4302.983	398.24573	4640.506	3524.6062	1000.0	396.89685	99.92872	496.11517	-47.28356	2495000	-0.0019948974	3930.7263	-7.2038994	0.077069834	6.0
500	3021.9666	1627.9026	4559.123	393.94943	1000.0	300.17554	216.08606	486.4174	-38.33444	2500000	0.03802594	5185.1787	-6.981786	0.13541162	1.0
501	3497.498	1700.7404	4702.266	216.60794	1000.0	329.6775	193.40436	491.1022	-40.81809	2505000	0.025942776	3681.3557	-7.0798235	0.08862565	2.0
502	3713.4246	804.16797	4548.36	2405.2815	1000.0	367.52884	174.2261	507.22324	-43.91757	2510000	0.022503484	5968.0864	-7.1481843	0.116629384	2.0
503	3927.5242	741.4176	4725.452	2950.3665	1000.0	370.43048	162.64249	482.3357	-39.961803	2515000	0.028965058	3235.767	-7.1699586	0.11198181	1.0
504	3557.1465	1202.9949	4623.2544	1293.2831	1000.0	350.31476	188.69193	506.04068	-40.70626	2520000	0.017944636	5172.986	-7.1112976	0.080396876	1.0
505	3630.6367	1183.1285	4524.348	1320.5413	1000.0	346.06076	178.14473	494.715	-38.0011	2525000	0.025410902	5531.9307	-7.076714	0.08209193	1.0
506	3426.873	1458.2086	4728.6494	954.3541	1000.0	326.3554	201.0301	485.62817	-51.36308	2530000	0.06558628	5008.614	-7.041375	0.26556155	1.0
507	1841.2982	873.7336	2659.5344	261.41907	1000.0	171.91406	230.40178	497.37198	-52.82035	2535000	0.019816516	5032.57	-6.784746	0.11124132	2.0
508	3983.6987	596.59924	4457.431	2830.763	1000.0	325.66553	138.93901	454.49612	-62.560307	2540000	0.0152647495	4560.1167	-7.1659155	0.10101215	2.0
509	2192.757	1894.8823	4557.9844	-94.420074	1000.0	222.48993	226.7984	497.89978	-35.322563	2545000	0.017117111	6081.642	-6.8491273	0.09062099	1.0
510	4016.0063	823.56055	4711.726	2682.0881	1000.0	354.63556	152.33711	472.41513	-75.59215	2550000	0.027055964	3731.944	-7.1585	0.10862717	2.0
511	3595.8574	1360.0369	4809.9766	1501.6248	1000.0	354.62256	197.00584	508.67273	-45.084293	2555000	0.014581537	4212.4937	-7.0946064	0.10130283	2.0
512	2649.831	1293.1068	4802.698	1020.6557	1000.0	261.8946	235.3619	501.26007	-42.509968	2560000	0.01915705	5873.5576	-6.948453	0.09597053	1.0
513	2455.5073	558.77673	3317.436	1837.8848	1000.0	208.56552	220.16182	466.95142	-47.48752	2565000	-0.00064722047	4753.304	-6.9123588	0.08505458	6.0
514	3198.444	1170.7428	4844.8833	1284.2433	1000.0	286.32117	189.16373	460.61188	-36.711857	2570000	0.024162384	6803.7153	-7.053097	0.07767399	1.0
515	3734.1582	1492.1377	4579.3447	758.4543	1000.0	345.2365	166.04605	482.5919	-42.86842	2575000	0.020167353	3526.7473	-7.143863	0.08284165	3.0
516	2469.7112	1804.472	4372.732	-228.00522	1000.0	231.96475	235.17796	510.42645	-53.957375	2580000	0.013128503	5073.1777	-6.8979383	0.09844213	3.0
517	2972.34	1933.0077	4589.036	468.5989	1000.0	271.57224	211.0078	481.62665	-41.487938	2585000	-0.011048993	4953.799	-6.968137	0.07922998	5.0
518	3502.545	1520.5042	4774.865	742.59436	1000.0	328.84943	189.678	536.4633	-40.498577	2590000	-0.013272185	4362.7114	-7.057999	0.07839093	9.0
519	2432.5847	1657.761	4561.7866	549.32184	1000.0	234.53708	230.90268	491.17993	-36.826843	2595000	-0.00080464524	4964.694	-6.8762875	0.09361091	5.0
520	2763.6309	1675.2819	4782.9087	1092.4553	1000.0	248.74216	220.56781	486.23947	-36.922775	2600000	0.03175578	4875.3066	-6.936132	0.16966751	1.0
521	1634.7084	1466.3236	4446.612	494.89645	1000.0	159.99734	223.05374	494.89716	-36.74899	2605000	-0.0610858	3949.621	-6.752384	-0.057426173	79.0
522	3070.5884	1615.7532	4891.7607	409.5665	1000.0	248.15195	194.40308	446.46368	-37.858036	2610000	-0.0012086539	5569.699	-7.038254	0.07941789	4.0
523	3314.5625	1435.13	4565.164	1548.0349	1000.0	324.02063	207.56683	495.62158	-40.616253	2615000	0.020130636	3134.3433	-7.0793686	0.09241327	1.0
524	3898.4973	1488.7511	4776.742	925.27655	1000.0	375.40784	170.33018	526.3121	-41.56434	2620000	0.020660054	2315.5867	-7.1483655	0.1113823	1.0
525	2752.168	1298.6761	4442.0024	899.7472	1000.0	279.99365	235.93217	509.33276	-33.602272	2625000	0.023243597	5448.0103	-6.9406857	0.094457805	1.0
526	4179.392	551.6239	4537.9272	3082.8508	1000.0	390.3714	109.300995	479.58997	-37.251728	2630000	0.04063555	2140.557	-7.2069545	0.16783778	2.0
527	4290.4453	455.58588	4649.8564	3391.1135	1000.0	422.5161	104.358315	488.17548	-29.003374	2635000	0.027774148	1993.8126	-7.167389	0.10855901	1.0
528	3140.9421	1506.1222	4653.0664	975.3614	1000.0	325.45816	213.74953	488.63306	-39.617794	2640000	0.02270613	2860.6392	-6.9863133	0.10017183	1.0
529	2532.9824	1446.1073	4381.532	1217.1022	1000.0	258.5273	217.02351	472.5394	-39.294567	2645000	-0.05381553	3840.8176	-6.882317	0.001566972	79.0
530	2161.8887	1765.6855	4419.803	-243.15494	1000.0	212.93295	212.93652	460.53745	-44.877132	2650000	-0.025451524	4103.904	-6.8266935	0.07998308	10.0
531	3425.0208	1398.1367	4307.2974	645.9643	1000.0	323.4287	165.3972	463.20145	-48.111805	2655000	0.0080834385	3989.0825	-7.013343	0.09631732	4.0
532	3777.673	1334.5419	4490.5396	1111.0306	1000.0	352.7356	152.56702	449.20456	-42.81882	2660000	0.04291039	1969.379	-7.093613	0.21024488	1.0
533	2918.8516	1924.359	4654.2563	522.6418	1000.0	293.58945	219.75337	487.81155	-39.68691	2665000	0.03272024	3523.7505	-6.9918203	0.123188086	1.0
534	3159.1855	1665.4872	4604.92	533.2278	1000.0	308.6967	207.7991	480.39676	-36.203213	2670000	0.037819073	3585.6553	-7.0578203	0.1317638	1.0
535	2575.8489	1350.9269	4524.3794	387.95605	1000.0	251.63428	226.49532	519.69	-38.541687	2675000	0.020269787	5222.576	-6.990253	0.09781636	1.0
536	2789.1887	1722.3263	4563.432	1.3335706	1000.0	262.38196	206.12779	478.70877	-38.686356	2680000	0.0018473209	4473.5977	-7.0315495	0.10102505	4.0
537	4505.661	180.4897	4706.226	4242.115	1000.0	422.4837	32.31979	473.96692	113.60833	2685000	0.054198053	664.2212	-7.3295093	0.12145101	2.0
538	4015.9038	877.5042	4724.2915	2314.1458	1000.0	415.79288	134.27626	502.75937	-34.057495	2690000	0.040522523	3617.4412	-7.244377	0.20358789	1.0
539	3860.9077	1167.5021	4521.2324	1529.0305	1000.0	389.095	155.59056	496.9768	-41.358173	2695000	0.0148469	2404.769	-7.201452	0.08490202	2.0
540	4520.3076	68.09271	4586.493	4426.0195	1000.0	449.9568	27.157269	490.3084	195.56572	2700000	0.08183362	444.4233	-7.32393	0.19503544	2.0
541	3016.761	1944.3224	4654.973	-192.384	1000.0	305.8564	233.57564	497.198	-48.54904	2705000	0.05196546	2130.7092	-7.084063	0.29608902	1.0
542	3683.7336	1122.0092	4705.1187	1518.1221	1000.0	376.25833	170.85031	497.2848	-35.510002	2710000	0.0019720239	3624.5576	-7.229567	0.08964361	5.0
543	2160.7139	1970.4015	4767.5967	497.23978	1000.0	211.19315	230.86246	474.70514	-39.499313	2715000	-0.006742621	4349.9585	-6.9485016	0.07515613	7.0
544	2315.08	1431.8431	4547.914	604.3127	1000.0	214.18802	225.08534	488.96793	-91.37727	2720000	-0.030442193	5483.614	-6.9575076	0.07735731	18.0
545	3073.2295	1805.8547	4449.666	-187.7719	1000.0	283.7871	197.62173	475.93393	-43.07265	2725000	-0.006416162	2816.763	-7.134231	0.08669419	4.0
546	1998.9	802.7916	3222.063	917.12445	1000.0	195.73386	230.37372	480.36835	-43.406914	2730000	-0.06144352	5981.005	-6.9433093	-0.05986527	79.0
547	2910.5012	1783.8185	4725.117	303.25848	1000.0	240.86185	192.01518	436.31982	-41.650555	2735000	0.016690671	4870.352	-7.0936265	0.09942951	2.0
548	2893.7056	1575.3237	4728.052	206.32388	1000.0	274.49124	211.97849	500.49042	-53.57703	2740000	0.03596435	4709.9883	-7.1349406	0.1130189	1.0
549	3832.0461	865.53314	4415.3257	2113.7444	1000.0	369.2366	133.01498	476.30844	-44.091568	2745000	0.03169283	2101.1113	-7.306811	0.08096831	1.0
550	3931.1108	817.96356	4554.726	2343.2646	1000.0	388.6435	133.7024	491.88388	-34.739216	2750000	0.06374175	2411.8774	-7.299571	0.23192959	1.0
551	3351.4011	1382.6714	4577.0073	1138.1277	1000.0	331.9676	192.4144	481.4855	-32.15799	2755000	0.004581504	3513.3755	-7.1832423	0.1217511	6.0
552	3284.6973	1470.7098	4539.7114	750.7849	1000.0	323.74835	195.14383	480.82132	-31.986181	2760000	0.0114439465	4041.2205	-7.161729	0.07552508	3.0
553	4051.8218	499.75027	4503.6353	3134.6099	1000.0	404.82635	104.39549	479.66226	-36.764503	2765000	0.009987121	2809.3904	-7.2976546	0.075790994	3.0
554	3666.39	1650.3955	4579.383	369.08838	1000.0	356.08716	175.43495	499.99057	-52.882603	2770000	0.00011607609	2246.3755	-7.2407126	0.08654085	5.0
555	2169.3071	1910.9052	4705.6904	160.09294	1000.0	217.90242	244.60513	503.30957	-53.624416	2775000	-0.012953505	4333.5786	-6.97942	0.077302836	6.0
556	2504.33	1150.0165	4235.6216	625.0907	1000.0	234.2479	223.93399	472.68692	-47.54119	2780000	-0.052386902	4982.5356	-7.0850024	0.019791337	79.0
557	3017.6555	1400.7252	4743.9	1332.382	1000.0	266.0334	201.66515	450.4408	-46.69614	2785000	-0.010201724	4621.265	-7.1837373	0.08070823	5.0
558	2132.1372	1949.3157	4538.129	-154.64044	1000.0	204.56415	229.67198	479.29187	-43.750034	2790000	-0.016688734	3653.7495	-7.0280232	0.07613452	7.0
559	2656.7593	1800.7043	4277.0967	332.11798	1000.0	260.64984	220.69325	519.0929	-43.203136	2795000	-0.018821454	4522.2505	-7.1286716	0.08035621	8.0
560	4393.732	278.43063	4671.9673	3865.5247	1000.0	400.3143	84.57461	479.7979	-48.495766	2800000	0.028148388	3793.1453	-7.388969	0.10211084	1.0
561	4002.9968	457.07266	4601.792	3332.958	1000.0	407.94046	127.00453	486.0484	-48.299435	2805000	0.017336544	5153.8496	-7.3294377	0.10448137	4.0
562	3362.5566	1650.0585	4520.2515	159.00659	1000.0	323.2928	192.97903	484.727	-47.556957	2810000	0.029385488	4671.218	-7.2131705	0.12420759	1.0
563	3643.7336	1198.8617	4502.2114	1343.9277	1000.0	349.1154	174.27567	485.13495	-42.6636	2815000	0.028173981	3780.9512	-7.2480545	0.100914896	1.0
564	3500.5234	1150.8881	4412.446	1247.1824	1000.0	354.06256	174.68109	501.239	-45.3904	2820000	0.018862406	4040.7112	-7.2291875	0.08925846	2.0
565	3029.7515	1704.7069	4564.7065	734.7666	1000.0	291.12494	204.8979	478.84918	-37.37787	2825000	0.03523711	4612.618	-7.173894	0.12989306	1.0
566	3913.6453	1081.6395	4764.339	1778.3744	1000.0	367.97964	150.46408	473.68365	-39.414223	2830000	0.033714786	2340.2195	-7.2903905	0.09225055	1.0
567	3006.922	1662.43	4488.3477	890.1561	1000.0	307.96774	213.81091	500.21646	-30.920755	2835000	0.04879206	3330.1892	-7.1651826	0.20205422	1.0
568	3755.4172	544.9924	4238.402	2743.911	1000.0	382.40024	137.038	475.9734	-34.883373	2840000	0.008312169	2878.9504	-7.2974405	0.075237185	5.0
569	3557.3354	637.5397	4121.739	2427.133	1000.0	354.79385	144.59909	451.68457	-32.665535	2845000	0.02844582	2552.8538	-7.2620993	0.08374364	1.0
570	3336.3176	1709.4318	4621.663	3.3940067	1000.0	312.8736	177.80959	451.83618	-36.697304	2850000	0.050431624	3184.7275	-7.200084	0.1710788	1.0
571	3346.9558	1431.1757	4403.41	753.90936	1000.0	329.8897	192.70589	491.69107	-84.26006	2855000	0.04507452	3615.528	-7.2154202	0.16472413	1.0
572	3126.9285	1565.7075	4505.4526	958.3335	1000.0	298.09985	204.4875	467.70544	-46.796814	2860000	0.028253699	4458.144	-7.1656537	0.108623214	1.0
573	3603.412	1477.8789	4686.069	686.9956	1000.0	341.50394	168.13263	473.16095	-38.932785	2865000	0.025464622	3695.344	-7.272758	0.075717226	1.0
574	3306.4937	1626.027	4565.275	186.59843	1000.0	330.7021	195.31894	482.45734	-38.671764	2870000	0.025582828	3652.4429	-7.1808014	0.081336655	1.0
575	4366.082	428.86548	4670.681	3516.6296	1000.0	417.86365	94.60366	486.73236	-38.763496	2875000	0.038023762	1859.7284	-7.3510704	0.10569779	1.0
576	3218.6372	1255.7177	4521.567	974.87616	1000.0	334.09824	203.51714	506.51755	-43.051525	2880000	0.031927533	4710.2896	-7.1483126	0.09813455	1.0
577	3555.4766	1108.3763	4257.3193	1361.4929	1000.0	353.81558	145.00673	462.77667	-29.086203	2885000	0.03483012	2204.781	-7.194922	0.09072709	1.0
578	2792.756	1673.5035	4144.085	82.309525	1000.0	276.92056	204.31746	465.70667	-45.616074	2890000	0.04170118	4055.818	-7.0528483	0.11443689	1.0
579	3517.1648	1212.8213	4361.726	1170.4303	1000.0	335.46814	153.58742	456.14816	-50.028603	2895000	0.04515672	3524.324	-7.17282	0.13329042	1.0
580	3670.1672	1356.076	4512.1104	970.54535	1000.0	347.39627	156.36938	474.92474	-41.153503	2900000	0.042582557	2090.1409	-7.201369	0.13321398	1.0
581	3798.3667	498.74863	4251.8	3126.4636	1000.0	395.26126	121.78655	493.9306	-44.416092	2905000	0.03783888	3700.4604	-7.1809545	0.09928168	1.0
582	3842.748	1135.7496	4587.342	1582.4393	1000.0	372.87195	152.04845	488.5143	-37.920338	2910000	0.045780145	1799.6412	-7.243755	0.14615025	1.0
583	3102.6687	1359.7863	4507.919	823.20966	1000.0	328.1953	197.57712	494.3173	-35.702343	2915000	0.028705558	3715.4353	-7.121019	0.10512036	1.0
584	4060.686	420.90915	4487.229	3258.9807	1000.0	384.2803	100.9335	452.3225	-37.106457	2920000	0.028500928	1856.7716	-7.239352	0.12803052	2.0
585	3974.1375	1165.965	4655.4204	1647.4906	1000.0	380.54224	149.69604	484.2618	-38.193527	2925000	0.018286344	2028.0464	-7.2433424	0.07707838	1.0
586	3093.269	1630.6473	4517.3877	687.4935	1000.0	328.86438	210.42862	492.95963	-46.390408	2930000	-0.061172497	4605.364	-7.119275	-0.018163895	79.0
587	3892.5688	1154.979	4641.14	1615.4893	1000.0	367.91165	153.03966	475.38065	-40.60521	2935000	0.00065089524	2346.9111	-7.226347	0.08280884	6.0
588	3997.8027	691.0205	4588.605	2710.9683	1000.0	406.28308	135.48018	542.16187	-39.18145	2940000	0.009813459	3679.7944	-7.250333	0.09206239	4.0
589	3746.0312	1441.5865	4696.861	878.5654	1000.0	371.4804	166.72327	485.48697	-30.758286	2945000	0.0281065	2318.0168	-7.217383	0.08504586	1.0
590	2100.193	1969.7742	4317.247	-202.42386	1000.0	219.7278	236.35329	491.51477	-37.169804	2950000	0.021546967	3329.4836	-6.9364877	0.10282434	1.0
591	3037.1956	1813.9248	4701.623	657.2638	1000.0	288.96228	209.97101	488.36453	-40.760742	2955000	0.0074762804	3361.8445	-7.048517	0.07849808	2.0
592	3818.4302	828.88586	4407.7373	2193.6538	1000.0	368.3442	164.946	528.2028	-52.77743	2960000	0.010062095	4838.961	-7.1902523	0.078524426	2.0
593	3287.4207	1702.4194	4685.4287	57.97475	1000.0	316.46725	198.68077	472.8734	-36.951214	2965000	0.030980729	3807.7964	-7.086531	0.14167579	1.0
594	3161.862	1388.1504	4715.955	898.8745	1000.0	306.08286	215.28091	499.43573	-36.87921	2970000	0.0061875875	4665.1826	-7.079689	0.077637844	2.0
595	2686.871	1549.5156	4398.549	435.22488	1000.0	278.8929	215.2385	559.7203	-42.099255	2975000	0.022861471	5068.167	-7.029953	0.07765697	1.0
596	3566.4536	1220.7683	4562.4155	1280.5945	1000.0	333.89447	177.08311	488.35815	-37.53117	2980000	0.018474424	5050.584	-7.1386514	0.08959426	3.0
597	4568.014	221.2763	4827.087	4197.07	1000.0	429.5996	30.362188	473.09216	230.20801	2985000	0.05177571	714.72675	-7.3191295	0.12662724	1.0
598	3282.5835	1575.1696	4682.943	313.63107	1000.0	349.092	205.30698	515.8081	-35.865963	2990000	0.0076675797	4236.926	-7.1335235	0.11360486	2.0
599	4038.6086	606.3414	4411.3643	2835.9941	1000.0	402.5617	123.21211	498.0341	-41.015804	2995000	0.01245085	2396.5388	-7.299	0.08094641	2.0
600	3935.9624	571.3021	4504.7285	2936.552	1000.0	394.0822	140.24983	491.4719	-44.77069	3000000	-0.015291193	4333.148	-7.294089	0.079541065	8.0
